haloID mh rh halo_x halo_y halo_z gal_x gal_y gal_z spin_x spin_y spin_z
25000000000000 14142581768192 464.284 16.2537 24.5266 17.9904 16.3188 24.5647 17.9947 226.508 -937.258 -1433.193
25000000000001 6737306320896 362.615 5.0454 13.8828 11.0986 5.0842 13.9644 11.1659 -229.051 -718.678 365.091
25000000000002 5228989513728 333.241 19.7468 13.3459 11.3806 19.7213 13.2651 11.3880 356.184 -35.838 2987.214
25000000000008 4271216787456 311.503 23.1821 0.5219 15.7543 23.1872 0.5206 15.7630 -203.740 511.540 -218.929
25000000000005 4115444531200 307.678 12.1479 19.4444 16.7477 12.1819 19.4645 16.7234 -120.628 147.905 246.351
25000000000007 3772603695104 298.879 6.3166 24.1969 10.9547 6.3142 24.2564 10.9248 -727.246 -318.194 -398.125
25000000000004 3714711552000 297.334 12.6433 7.5555 4.8818 12.6467 7.5216 4.8416 -227.217 1070.051 -652.761
25000000000009 3585229193216 293.849 23.9087 22.3699 19.1003 23.8753 22.3507 19.1372 -975.179 1631.113 -147.923
25000000000010 3443268517888 289.925 23.0328 23.5962 16.3164 23.0131 23.6064 16.3324 525.163 -438.506 460.740
25000000000011 3186578948096 282.521 10.6688 17.2890 3.6679 10.6490 17.2879 3.6965 118.695 346.808 -8.454
25000000000012 2982090375168 276.347 11.4957 20.4526 10.5269 11.5053 20.4418 10.5051 -146.274 -175.535 -349.301
25000000000013 2803553796096 270.709 14.1137 11.0568 6.1253 14.1155 11.0446 6.1373 311.156 -293.467 47.164
25000000000014 2765325598720 269.485 17.3175 3.9554 20.0058 17.3150 3.9555 20.0095 -848.878 872.218 -537.692
25000000000003 2574889779200 263.154 9.1283 12.9319 2.8176 9.1250 12.9304 2.8035 35.342 31.104 45.037
25000000000016 2441689169920 258.530 24.1206 22.6573 16.6338 24.1092 22.6509 16.6319 317.093 211.858 -490.270
25000000000017 2379401658368 256.314 21.9074 24.4282 16.8752 21.9020 24.4218 16.8485 14.135 -163.316 10.122
25000000000015 2366221844480 255.845 9.8469 2.7248 13.4915 9.8823 2.7064 13.4556 1130.766 899.423 893.008
25000000000018 2276477632512 252.568 13.6360 20.3437 15.4803 13.6518 20.3464 15.4752 -7.806 40.225 -5.278
25000000000024 2081798881280 245.155 10.4303 15.3293 5.1503 10.4286 15.3168 5.1352 642.151 -87.288 108.975
25000000000019 2075355774976 244.899 7.3497 10.0620 8.1216 7.3793 10.0586 8.1292 -126.885 -161.129 124.264
25000000000022 1952538034176 239.960 7.6210 19.5847 19.8227 7.6133 19.5657 19.8287 -401.429 -17.873 -74.043
25000000000021 1800509849600 233.566 8.9863 10.3561 4.9087 8.9901 10.3568 4.9147 1184.345 -154.464 -1302.466
25000000000006 1775047802880 232.464 21.3512 21.1130 15.9200 21.2954 21.0753 15.8826 658.513 -1068.833 -22.722
25000000000023 1683503448064 228.396 22.1465 3.8700 15.6366 22.1471 3.8674 15.6348 1680.129 663.605 -365.155
25000000000025 1611612028928 225.094 18.5885 1.7589 17.8359 18.6083 1.7427 17.8139 130.936 -415.325 -168.138
25000000000028 1474890039296 218.535 14.5414 11.3875 7.8918 14.5423 11.3855 7.8974 297.717 -32.711 -252.784
25000000000030 1347630661632 212.065 20.7770 3.6997 16.1253 20.7757 3.7048 16.1262 -325.676 339.876 477.713
25000000000027 1339187658752 211.628 14.5032 13.5634 0.1142 14.5078 13.5918 0.0853 1418.118 -154.664 12.655
25000000000029 1326147305472 210.940 6.8034 23.3699 12.6941 6.8154 23.3980 12.7084 47.418 -44.918 -132.114
25000000000032 1233710350336 205.915 10.7158 17.2105 5.7407 10.7188 17.2135 5.7396 235.690 -288.879 1453.926
25000000000031 1175191289856 202.605 5.3140 22.1522 12.8200 5.3165 22.1642 12.8198 -121.025 -93.308 49.815
25000000000038 1107525238784 198.632 13.0868 15.4721 17.8438 13.0965 15.4618 17.8285 417.156 253.655 29.541
25000000000039 1080359976960 196.998 21.3570 5.5713 14.7720 21.3505 5.5746 14.7727 -16.870 -182.483 -81.157
25000000000036 1073054679040 196.550 22.9018 3.7031 15.1446 22.8983 3.7169 15.1419 60.017 -270.531 -986.885
25000000000033 1046881763328 194.950 22.7630 16.0246 13.2288 22.7632 16.0250 13.2309 161.743 -263.949 299.150
25000000000035 1021037445120 193.334 13.8183 10.7872 7.5494 13.7837 10.7866 7.5454 -76.306 1438.100 1057.940
25000000000040 910274985984 186.064 10.5434 19.6592 7.1134 10.5581 19.6552 7.1148 -210.374 -106.091 -465.722
25000000000044 905433645056 185.736 20.8410 16.6015 18.7626 20.8406 16.6044 18.7621 -383.370 347.463 435.425
25000000000041 904777629696 185.692 20.0362 0.5068 17.0817 20.0397 0.5026 17.0796 -358.121 566.088 -734.612
25000000000026 889269649408 184.628 7.2582 1.3304 13.3863 7.2113 1.2702 13.4088 1423.954 -709.881 234.859
25000000000043 838424788992 181.032 1.4459 17.5664 4.2099 1.4523 17.5522 4.2214 312.319 -1.571 5.960
25000000000045 809437364224 178.927 16.6645 9.4288 23.1535 16.6594 9.4287 23.1484 -20.204 -322.397 420.578
25000000000034 802824650752 178.442 16.1306 12.2856 9.6424 16.1242 12.2887 9.6555 106.223 431.008 -675.884
25000000000037 776850178048 176.495 15.7887 8.4784 0.4189 15.7768 8.4455 0.4135 1149.781 -249.079 957.615
25000000000048 767143706624 175.754 1.6512 8.5471 14.5272 1.6467 8.5467 14.5286 -137.452 -117.385 -29.880
25000000000042 718503542784 171.960 12.9241 7.1750 10.3037 12.9145 7.1512 10.3021 165.920 -118.092 354.995
25000000000020 716452790272 171.797 5.1539 21.7003 13.4368 5.1126 21.6833 13.4828 27.862 -415.938 -112.032
25000000000055 705722253312 170.933 7.8393 10.3441 7.1644 7.8325 10.3480 7.1470 -182.854 916.534 94.921
25000000000050 694717972480 170.041 8.9810 21.7160 12.7456 8.9928 21.7383 12.7479 195.332 598.210 59.337
25000000000046 688723197952 169.548 18.4568 10.8700 19.0960 18.4605 10.8842 19.0960 604.389 479.792 908.860
25000000000052 670352867328 168.028 9.3469 19.2988 18.8810 9.3566 19.3003 18.8776 0.812 71.404 -39.536
25000000000057 647341932544 166.085 1.9162 15.5884 8.3604 1.9144 15.5834 8.3564 163.571 79.886 -132.852
25000000000056 646357254144 165.999 18.3972 20.5121 15.1201 18.3952 20.5118 15.1203 -235.925 84.160 40.585
25000000000051 643256156160 165.729 16.0137 8.5722 24.0216 16.0091 8.5813 24.0110 55.201 989.894 429.560
25000000000058 638448500736 165.321 6.2865 2.3540 13.6501 6.2855 2.3551 13.6489 82.054 -271.983 -296.994
25000000000049 617930752000 163.526 21.2936 18.5368 17.8780 21.3045 18.5334 17.8761 197.900 -63.862 -329.891
25000000000060 607744294912 162.627 12.7068 20.9136 10.6795 12.7048 20.9116 10.6806 24.293 -5.530 -5.168
25000000000047 600886083584 162.013 3.9487 21.1300 14.0735 3.9399 21.1374 14.0894 204.039 9.002 106.134
25000000000053 591322349568 161.142 13.1856 11.5888 14.8895 13.1828 11.5831 14.8856 -96.892 -178.928 22.097
25000000000059 529763139584 155.348 3.7317 13.7619 11.0579 3.7325 13.7627 11.0585 431.566 537.048 -415.121
25000100000003 514445443072 153.834 16.6494 21.0700 14.6377 16.6468 21.0762 14.6430 15.055 -15.444 -85.572
25000000000062 513580859392 153.755 14.2869 17.1895 18.6296 14.2898 17.1853 18.6217 -74.980 -213.113 29.453
25000000000061 509318070272 153.320 7.2500 23.3891 10.0540 7.2441 23.3889 10.0565 -305.215 199.815 -333.596
25000100000004 500473593856 152.436 10.0721 16.8668 0.1394 10.0742 16.8757 0.1376 226.916 72.597 3.964
25000100000005 494698954752 151.839 21.3774 11.0217 22.0345 21.3794 11.0207 22.0318 193.506 -33.465 -591.071
25000100000006 488151515136 151.171 19.7781 3.0185 16.8293 19.7782 3.0158 16.8291 74.236 -481.880 -111.847
25000100000000 448318275584 146.946 5.9504 12.1088 9.7349 5.9583 12.1039 9.7358 -376.514 -193.270 -396.769
25000100000013 447233687552 146.819 20.7562 19.7073 17.0514 20.7779 19.7227 17.0523 -133.747 117.957 232.080
25000100000001 440306368512 146.064 11.5007 4.0066 9.5509 11.5092 4.0227 9.5401 11.269 -27.966 -23.600
25000100000002 439939760128 146.018 10.4166 3.9611 12.3300 10.4210 3.9545 12.3180 -255.723 83.464 90.613
25000100000016 437777989632 145.785 19.7102 15.7861 12.4195 19.7091 15.7852 12.4118 -207.572 109.353 253.630
25000100000011 430874755072 145.014 5.4573 13.1315 10.2837 5.4640 13.1228 10.2775 265.417 203.298 -12.206
25000100000010 429927333888 144.906 14.4984 13.1411 11.5787 14.5022 13.1458 11.5771 -14.732 -41.674 -170.390
25000100000014 423276904448 144.152 3.3893 21.0807 14.2768 3.3935 21.0848 14.2756 113.509 -76.457 -207.075
25000100000018 421587451904 143.961 20.0723 19.4944 14.9619 20.0773 19.4970 14.9629 -380.020 -166.944 -292.761
25000100000019 420450828288 143.833 6.6566 3.6211 13.6349 6.6594 3.6223 13.6341 35.923 -70.068 -212.530
25000100000008 417500397568 143.497 13.3241 21.0504 23.1912 13.3284 21.0561 23.1940 -57.408 -70.380 -200.107
25000100000009 411644788736 142.819 15.6581 14.8432 19.8242 15.6564 14.8504 19.8214 87.014 -235.947 -67.756
25000100000017 411200716800 142.767 13.1868 5.7679 2.6327 13.1921 5.7624 2.6310 -77.422 -4.080 82.688
25000100000023 406864003072 142.267 15.1415 13.4100 11.2513 15.1233 13.4324 11.2605 96.179 154.334 -233.980
25000100000007 403842498560 141.912 0.0512 22.1549 18.8699 0.0457 22.1619 18.8793 -68.237 -60.122 155.700
25000100000021 402745786368 141.779 2.0972 22.2736 15.8269 2.0906 22.2698 15.8218 22.991 -181.916 -13.929
25000100000020 400604004352 141.531 0.8168 17.3249 21.6756 0.8173 17.3283 21.6784 43.058 13.954 -32.385
25000000000054 397703348224 141.192 23.2333 22.6554 18.2262 23.2443 22.6421 18.2254 64.044 -134.520 74.550
25000100000012 390402867200 140.320 6.4742 0.2777 10.5855 6.4690 0.2775 10.5836 -118.539 232.759 -664.376
25000100000015 379173470208 138.963 12.1458 5.5252 11.4567 12.1471 5.5329 11.4460 107.468 3.273 7.898
25000100000022 375916986368 138.560 11.4551 6.9540 11.7108 11.4521 6.9650 11.7085 -35.213 -58.630 11.233
25000100000027 353455538176 135.745 14.7535 3.7144 6.0359 14.7525 3.7150 6.0368 -81.242 -183.635 120.265
25000100000025 345979224064 134.784 7.4371 6.5931 8.8943 7.4272 6.5973 8.8986 7.174 19.488 23.973
25000100000028 345592201216 134.733 7.0580 1.6309 10.2580 7.0561 1.6285 10.2606 -91.405 -21.433 -80.928
25000100000032 343327277056 134.434 11.6847 4.9724 10.9827 11.6873 4.9725 10.9817 62.812 -28.160 39.795
25000100000030 340902445056 134.118 9.6863 18.0645 22.5511 9.6830 18.0629 22.5490 -276.588 -508.796 -203.437
25000100000036 333489012736 133.141 8.8745 2.6636 13.3193 8.8704 2.6568 13.3196 275.254 149.909 -6.628
25000100000031 323696033792 131.824 24.9305 17.1952 0.0338 24.9345 17.2011 0.0067 57.023 84.800 -253.977
25000100000035 317764599808 131.017 17.2443 0.1729 5.5024 17.2450 0.1747 5.5064 26.153 -18.645 8.597
25000100000029 315170521088 130.658 2.5833 16.2260 8.2308 2.5807 16.2222 8.2293 -193.596 22.832 -104.352
25000100000042 307282345984 129.553 3.2416 6.4936 14.2196 3.2404 6.4959 14.2156 -18.668 101.366 85.242
25000100000041 297943662592 128.231 17.7913 13.3325 10.5183 17.7912 13.3283 10.5205 -33.642 39.845 5.501
25000100000024 294775095296 127.774 10.1551 9.5903 12.9985 10.1603 9.5715 13.0017 3.154 -31.839 -30.384
25000100000044 286014242816 126.491 11.0571 17.7089 2.4449 11.0570 17.7057 2.4461 320.047 -163.999 -113.271
25000100000046 274119147520 124.721 6.5356 21.1191 18.2790 6.5335 21.1185 18.2780 -12.289 -211.972 147.745
25000100000039 270536425472 124.168 6.9712 22.3274 12.8073 6.9716 22.3200 12.8131 267.271 182.869 -6.918
25000100000055 261087854592 122.706 8.9366 13.6662 14.0190 8.9305 13.6653 14.0181 30.773 -26.194 -62.105
25000100000049 256421478400 121.970 6.8754 19.6905 19.3473 6.8743 19.6939 19.3488 148.572 31.389 -131.179
25000100000045 255887835136 121.886 23.1758 21.0258 18.5075 23.1781 21.0235 18.5110 18.693 23.110 -8.118
25000100000054 253581377536 121.525 8.2835 19.4731 20.7299 8.2833 19.4720 20.7289 -25.670 -39.217 -13.563
25000100000050 251223851008 121.139 12.6428 0.9037 15.3637 12.6461 0.9012 15.3591 322.895 112.839 587.120
25000100000043 249930743808 120.939 13.6590 9.7031 8.6323 13.6641 9.7083 8.6342 234.611 -96.969 -74.472
25000100000048 249716097024 120.905 18.5025 19.2285 13.9774 18.4999 19.2328 13.9737 11.045 3.218 -132.602
25000100000061 247718428672 120.580 12.9222 11.0266 12.0230 12.9272 11.0242 12.0293 27.759 -2.711 -11.987
25000100000040 242471354368 119.720 15.1366 10.7104 9.5478 15.1364 10.7178 9.5498 -123.077 162.736 95.172
25000100000026 241513234432 119.560 22.1577 16.2631 13.3789 22.1366 16.2495 13.3719 22.708 -79.591 101.267
25000100000037 241092526080 119.491 18.5628 21.4007 16.0085 18.5473 21.3954 16.0043 -37.919 66.356 -7.669
25000100000034 238250098688 119.018 0.2206 6.7925 14.2415 0.2158 6.7837 14.2495 -90.794 105.162 37.109
25000200000001 236239192064 118.681 6.9448 20.0601 19.4785 6.9423 20.0600 19.4778 8.202 -5.485 17.299
25000100000033 233138864128 118.163 10.9868 17.9682 20.4783 10.9853 17.9671 20.4902 52.878 -49.855 -40.704
25000200000000 232683978752 118.088 23.9417 16.0460 2.6223 23.9416 16.0576 2.6159 -84.367 18.762 -99.878
25000200000005 230864044032 117.777 15.2644 16.0291 12.4831 15.2654 16.0513 12.4741 31.982 113.373 -15.173
25000100000056 230057099264 117.644 0.5355 22.4702 17.4348 0.5345 22.4665 17.4312 8.478 -50.146 44.380
25000100000052 226279620608 116.995 10.1174 3.3357 13.0165 10.1192 3.3355 13.0217 -79.042 -233.349 79.236
25000200000002 211065421824 114.309 16.2950 16.4096 10.5119 16.2969 16.4106 10.5101 38.411 83.873 228.729
25000100000060 210261311488 114.165 11.7404 5.7728 12.3054 11.7365 5.7701 12.3022 -20.671 30.898 63.543
25000200000008 207413559296 113.651 13.2642 7.4443 4.0592 13.2682 7.4464 4.0600 224.103 27.621 -68.821
25000100000057 205314916352 113.261 8.7960 19.0943 18.9427 8.7853 19.0911 18.9440 -45.034 22.227 -24.784
25000100000059 203218223104 112.876 10.2626 18.1877 21.6031 10.2721 18.1959 21.6016 4.956 106.049 -84.629
25000200000015 200567324672 112.383 7.7647 15.0777 12.9121 7.7620 15.0837 12.9141 19.525 16.576 4.788
25000200000004 197639389184 111.832 7.0683 13.8965 13.3034 7.0605 13.9023 13.3020 -11.560 24.876 -17.608
25000200000014 194416164864 111.223 15.0811 15.8815 19.3472 15.0779 15.8828 19.3461 -175.348 11.657 202.593
25000200000007 193538424832 111.052 4.4979 21.6710 6.6766 4.4907 21.6658 6.6551 81.403 -145.157 17.130
25000200000012 192467124224 110.846 12.1318 20.3316 13.7032 12.1276 20.3275 13.7150 -9.203 37.348 10.759
25000100000062 191557615616 110.673 14.9616 8.2367 2.1004 14.9694 8.2263 2.0981 -44.775 -32.138 -23.029
25000200000009 188750888960 110.134 11.3038 17.2288 21.7517 11.3047 17.2293 21.7543 -27.851 17.704 15.607
25000200000016 187693711360 109.921 8.1051 20.6651 21.8883 8.1034 20.6568 21.8910 -33.249 3.527 76.658
25000100000058 184156831744 109.233 0.4119 13.8230 9.7506 0.4185 13.8112 9.7622 0.111 12.720 -1.158
25000200000023 179983335424 108.399 17.2618 19.6897 14.5095 17.2632 19.6886 14.5125 -25.746 0.798 12.131
25000200000010 179691454464 108.341 10.0305 14.6817 5.5306 10.0393 14.6794 5.5229 -11.827 -99.306 -7.850
25000100000047 174803042304 107.351 9.0935 17.7670 7.7114 9.0853 17.7800 7.7222 -36.309 -115.035 50.622
25000200000013 174486274048 107.279 7.8939 12.7101 6.7126 7.8772 12.7024 6.6916 -446.239 138.194 262.993
25000200000017 173990952960 107.182 9.0796 12.9390 4.3182 9.0693 12.9436 4.3242 -33.651 -64.002 34.996
25000200000018 173486686208 107.081 2.2476 18.3458 4.6547 2.2436 18.3426 4.6517 -10.835 -2.345 12.362
25000200000024 169556590592 106.265 17.8941 18.7348 12.6278 17.8946 18.7342 12.6303 5.750 13.470 -6.554
25000200000025 164682596352 105.239 4.6415 18.1955 1.7120 4.6430 18.1964 1.7115 16.750 41.292 -20.947
25000200000045 164620091392 105.222 15.3472 15.1630 9.3751 15.3482 15.1632 9.3758 -14.918 -8.280 -22.972
25000200000030 161308213248 104.514 3.4579 12.2808 11.4528 3.4594 12.2817 11.4520 5.933 -1.264 28.015
25000200000034 160162676736 104.261 22.8739 1.3319 15.5442 22.8711 1.3300 15.5445 -17.130 -32.928 11.947
25000200000028 160147947520 104.261 23.0174 18.9493 18.6608 23.0213 18.9553 18.6576 41.087 72.361 83.478
25000200000043 156658450432 103.497 17.8198 3.6035 19.7649 17.8202 3.6033 19.7653 -2.572 42.991 -37.365
25000200000042 155862892544 103.323 11.1205 10.7188 10.7479 11.1237 10.7150 10.7527 -2.294 -1.023 5.079
25000200000038 155802812416 103.312 10.0937 18.8920 22.4911 10.0906 18.8933 22.4937 0.934 5.226 25.293
25000200000044 155116339200 103.161 14.8894 11.1743 4.3267 14.8906 11.1738 4.3255 -57.403 -36.942 -190.549
25000200000052 152962252800 102.674 17.7673 18.1623 13.3451 17.7681 18.1619 13.3447 -9.663 -2.867 -4.503
25000200000049 149449588736 101.886 1.8372 10.2757 8.2554 1.8407 10.2760 8.2515 -7.860 -6.463 2.051
25000200000040 146333319168 101.171 18.4738 12.0388 19.0509 18.4730 12.0368 19.0552 -64.019 15.888 0.849
25000200000029 142412873728 100.264 1.7109 22.2367 16.1998 1.7189 22.2327 16.1890 31.020 67.627 8.224
25000200000050 142112931840 100.190 1.3263 11.3350 21.2518 1.3258 11.3418 21.2462 67.310 -28.154 -3.241
25000200000048 140525518848 99.813 24.6835 18.1000 2.0729 24.6856 18.0976 2.0748 33.778 57.681 7.969
25000200000055 140071796736 99.710 13.8832 10.0892 8.0044 13.8819 10.0935 8.0042 -20.885 13.866 -0.674
25000200000026 139969069056 99.688 12.9898 11.2174 12.8830 12.9813 11.2074 12.8805 -103.459 137.450 -295.127
25000200000036 139261984768 99.518 21.2531 9.6778 15.8842 21.2571 9.6778 15.8821 59.853 -64.791 -40.014
25000200000041 138116546560 99.242 5.2364 12.1306 23.1602 5.2348 12.1326 23.1557 -1.319 3.989 1.264
25000200000037 137211396096 99.023 7.1820 12.6642 23.5929 7.1917 12.6719 23.5920 -194.979 184.546 -168.633
25000200000061 137112133632 99.004 14.1595 1.6708 10.8312 14.1585 1.6637 10.8320 -13.523 -14.870 -38.893
25000100000051 136182603776 98.775 14.5414 2.5445 11.7393 14.5359 2.5398 11.7249 43.326 -3.622 -0.113
25000200000054 136111554560 98.763 3.9497 22.6806 16.1170 3.9501 22.6801 16.1225 30.785 -57.535 -7.123
25000200000033 135784292352 98.677 5.9322 23.4338 11.4472 5.9371 23.4343 11.4519 3.579 22.824 -2.460
25000200000003 135273660416 98.558 16.3025 8.8439 14.3740 16.2972 8.8450 14.3752 -4.372 49.537 -35.809
25000200000022 134519300096 98.370 2.8899 22.4252 16.1152 2.8911 22.4291 16.1177 31.258 -27.032 6.327
25000200000032 132272029696 97.822 5.1248 9.6030 7.7481 5.1117 9.5938 7.7316 41.534 29.065 -53.357
25000100000053 131697991680 97.679 9.7363 13.7073 6.5162 9.7338 13.7241 6.5093 239.669 75.672 30.166
25000200000027 131116695552 97.534 3.1031 21.2165 18.5725 3.0994 21.2180 18.5766 59.418 -19.431 21.353
25000200000006 130743984128 97.441 20.4672 12.3805 12.2209 20.4428 12.3875 12.2385 -46.313 -52.408 -24.363
25000200000060 130647113728 97.420 12.6530 15.7230 21.0414 12.6512 15.7228 21.0422 27.509 -63.499 3.910
25000300000000 129625833472 97.165 10.7735 18.9332 21.9088 10.7632 18.9224 21.9240 82.247 85.363 54.449
25000200000020 127073689600 96.522 16.5811 1.1348 22.0256 16.5811 1.1313 22.0212 -224.486 5.970 156.166
25000300000002 126870962176 96.469 3.2607 18.9355 4.8121 3.2585 18.9266 4.8293 230.425 179.597 141.159
25000300000009 124708708352 95.919 2.0127 13.7019 13.1604 2.0164 13.7095 13.1580 -1.814 16.926 15.540
25000200000021 123410423808 95.587 24.3280 21.0224 24.6088 24.3174 21.0251 24.5870 300.728 -285.242 -330.190
25000200000051 123191263232 95.528 9.9348 20.9915 12.0717 9.9412 20.9909 12.0670 -125.175 82.041 -54.383
25000200000058 122104283136 95.247 16.6561 13.1121 9.8701 16.6515 13.1094 9.8719 168.137 -163.859 -6.030
25000200000059 121795215360 95.168 13.7759 8.4021 3.6062 13.7785 8.4047 3.6071 -47.507 -217.586 134.366
25000300000006 121650323456 95.128 6.8900 19.9704 11.4465 6.8966 19.9692 11.4433 0.209 1.548 -24.211
25000200000046 121071403008 94.977 20.9671 6.4001 14.1610 20.9658 6.4016 14.1539 -25.798 8.672 91.243
25000200000047 120905662464 94.933 24.8872 17.2603 24.0159 24.8862 17.2580 24.0175 -17.380 -258.782 -135.438
25000200000062 119512588288 94.573 16.4824 23.8657 7.6662 16.4835 23.8643 7.6669 199.816 159.019 6.749
25000300000021 119062528000 94.454 12.0567 17.0469 7.5736 12.0590 17.0466 7.5698 7.977 -6.350 17.213
25000300000001 118870818816 94.399 13.0690 11.0609 13.6625 13.0640 11.0595 13.6617 -30.692 90.874 49.945
25000300000013 118516989952 94.303 21.9720 20.4836 17.6866 21.9757 20.4816 17.6838 44.287 47.602 3.061
25000200000031 116586962944 93.796 10.9300 5.4972 8.0874 10.9196 5.5018 8.0848 -13.171 -18.532 -2.416
25000300000017 116027105280 93.644 16.9471 23.7241 17.4452 16.9482 23.7229 17.4457 -63.705 -29.559 144.321
25000300000011 115946553344 93.623 15.5968 24.3416 8.5834 15.5958 24.3464 8.5786 74.621 13.453 -6.584
25000300000005 114809667584 93.312 9.1159 16.9621 14.9794 9.1248 16.9654 14.9814 45.662 31.982 -134.428
25000300000008 114294398976 93.177 6.1834 21.4555 18.0244 6.1708 21.4572 18.0381 -54.081 -66.704 10.756
25000300000012 113510252544 92.956 12.7601 10.4022 13.2046 12.7512 10.4005 13.2111 73.188 -41.988 62.247
25000200000035 112816226304 92.772 23.9821 6.6065 16.2984 23.9944 6.6240 16.3147 -94.093 34.128 53.082
25000300000004 111622545408 92.439 15.3493 1.8547 12.7794 15.3478 1.8609 12.7809 24.238 -21.880 -19.693
25000300000023 109703389184 91.910 11.3898 18.7381 18.4219 11.3949 18.7306 18.4226 55.135 77.708 112.472
25000300000026 108170100736 91.477 24.9769 17.0198 0.9287 24.9724 17.0169 0.9262 -61.104 -33.779 54.954
25000300000024 107785863168 91.373 6.2502 22.4143 9.5352 6.2466 22.4131 9.5340 -91.611 94.336 20.028
25000300000031 107102486528 91.174 7.1158 10.7075 8.8042 7.1173 10.7099 8.8057 -26.009 -21.342 -34.127
25000300000027 106396303360 90.977 15.0076 12.0573 0.2770 15.0098 12.0569 0.2803 -148.207 34.963 105.070
25000300000029 106216890368 90.926 20.8061 16.5038 13.3112 20.8087 16.5164 13.3106 -21.521 23.561 11.929
25000300000020 105293635584 90.657 2.7617 14.2073 12.7239 2.7639 14.2104 12.7234 -64.377 -36.868 -48.810
25000300000044 104841625600 90.531 8.7361 18.0039 4.1388 8.7383 18.0067 4.1401 31.131 -39.156 24.980
25000200000053 104462204928 90.424 19.0690 20.3155 15.0339 19.0640 20.3184 15.0349 -17.407 77.197 40.077
25000300000041 102842245120 89.952 4.1532 13.1161 10.8336 4.1507 13.1119 10.8372 -48.963 39.528 -15.190
25000300000018 102803324928 89.939 23.7879 21.2466 17.7937 23.7853 21.2491 17.7908 11.054 -14.263 -34.130
25000300000019 102577455104 89.872 11.9281 7.8865 5.2932 11.9276 7.8883 5.2936 9.097 17.656 0.367
25000300000036 102313803776 89.798 14.6897 24.6093 21.3928 14.6855 24.6078 21.3949 6.233 9.019 -3.911
25000300000030 102305652736 89.792 16.1490 10.3727 23.9437 16.1491 10.3735 23.9435 -27.370 174.629 125.541
25000300000049 101644599296 89.600 15.2293 4.7877 0.9285 15.2292 4.7879 0.9297 32.507 6.458 -6.237
25000300000003 100247863296 89.187 2.7125 12.6565 22.1981 2.7040 12.6617 22.1920 55.793 -21.065 -98.969
25000300000045 100034920448 89.127 5.8080 12.7605 14.3356 5.8065 12.7630 14.3360 12.193 0.992 -9.354
25000300000022 96185384960 87.963 8.2749 16.4436 11.2579 8.2874 16.4649 11.2611 281.522 -140.609 -59.399
25000300000059 95803514880 87.848 15.3667 2.4801 24.5360 15.3673 2.4790 24.5356 -0.665 -12.789 8.058
25000300000025 94774755328 87.535 19.1936 11.7979 18.2861 19.1981 11.7957 18.2845 -122.197 41.144 129.071
25000200000057 94706057216 87.514 3.4728 0.2122 14.5712 3.4451 0.2038 14.5718 -201.853 489.647 -82.301
25000400000004 94161207296 87.344 22.6800 7.5879 22.5987 22.6832 7.5852 22.5978 4.517 -5.204 -3.186
25000200000011 94062493696 87.315 1.2900 2.8180 19.1279 1.2769 2.8392 19.1454 90.163 -29.848 113.792
25000300000034 93568524288 87.163 17.1426 23.5696 3.4568 17.1436 23.5639 3.4603 -44.369 -53.116 5.654
25000400000001 92844883968 86.934 11.3239 1.6276 14.6857 11.3236 1.6294 14.6876 26.063 -2.573 11.698
25000200000019 92684623872 86.883 3.4286 22.4245 16.2145 3.4443 22.4237 16.2084 -34.411 63.331 -65.918
25000300000043 92554518528 86.844 16.4432 0.6753 4.5261 16.4452 0.6827 4.5178 21.638 -19.983 -11.863
25000300000053 92438003712 86.809 2.6651 20.8979 22.2970 2.6665 20.8944 22.2951 14.247 59.519 -16.732
25000300000047 91776622592 86.599 0.6119 17.3105 4.7822 0.6243 17.3072 4.7786 -7.837 -69.892 30.888
25000300000033 91722973184 86.581 15.4452 12.0221 8.5700 15.4483 12.0225 8.5647 32.460 91.557 24.330
25000400000008 91308777472 86.456 5.4673 12.4174 10.3995 5.4665 12.4171 10.4001 17.855 -17.180 48.136
25000300000055 90910588928 86.327 8.0009 4.0276 10.5602 8.0034 4.0229 10.5622 -27.754 -24.085 -3.080
25000300000038 90861879296 86.316 15.5127 8.6358 1.2589 15.5168 8.6375 1.2602 -17.281 46.946 74.169
25000100000038 90688577536 86.256 1.0618 23.0015 14.4521 0.9878 22.9725 14.4675 -741.388 1438.573 -666.456
25000300000061 90408976384 86.169 21.3275 8.8645 15.6937 21.3299 8.8666 15.6920 63.636 -76.043 103.378
25000300000042 90296066048 86.135 15.6763 2.7706 22.8081 15.6753 2.7609 22.8135 -47.544 86.232 25.033
25000400000012 90206920704 86.103 10.4215 17.8488 0.0395 10.4275 17.8491 0.0379 16.449 -16.405 -5.538
25000300000060 90135068672 86.084 19.3508 12.6907 21.1421 19.3517 12.6898 21.1404 2.207 13.122 3.855
25000300000039 89866264576 85.995 11.3792 20.0036 9.5757 11.3789 20.0071 9.5737 -9.305 -15.384 -8.845
25000300000016 89483141120 85.873 16.5315 21.1821 14.1185 16.5338 21.1825 14.1165 7.334 -4.537 8.252
25000300000032 88587943936 85.585 18.9979 16.8164 18.2691 19.0024 16.8228 18.2786 104.032 23.999 -56.876
25000300000062 87933960192 85.373 15.4636 10.1205 10.0717 15.4620 10.1180 10.0694 -1.196 24.686 -26.303
25000400000017 86982180864 85.068 12.6720 8.7097 8.4321 12.6721 8.7093 8.4345 -23.711 1.633 -9.720
25000300000046 86752550912 84.990 17.2440 0.8589 18.0862 17.2431 0.8569 18.0856 -2.244 7.551 -84.278
25000300000015 86400794624 84.876 6.0395 23.3733 12.9487 6.0487 23.3729 12.9558 -133.659 -262.155 -2.765
25000400000019 86200336384 84.811 19.3316 12.7253 18.1369 19.3324 12.7222 18.1399 28.015 11.315 -14.483
25000300000040 85958213632 84.730 9.0809 19.6526 21.5452 9.0900 19.6511 21.5453 -43.851 63.617 -5.322
25000300000010 85435392000 84.559 20.2542 21.6982 16.0603 20.2639 21.6898 16.0572 129.240 181.855 58.622
25000400000020 85251645440 84.500 14.8705 22.3019 5.6847 14.8745 22.3062 5.6828 -64.740 54.035 8.860
25000400000021 84946501632 84.396 19.4649 23.6920 0.2408 19.4638 23.6936 0.2414 -8.420 -4.967 -9.329
25000300000052 84895137792 84.380 16.2919 0.2364 17.6801 16.2909 0.2356 17.6799 -4.897 -11.061 5.009
25000400000000 84596989952 84.282 14.3793 1.3173 10.7239 14.3783 1.3207 10.7232 -18.394 13.596 -6.874
25000400000003 84196532224 84.149 16.6786 8.7390 8.4850 16.6734 8.7409 8.4852 -3.631 -29.038 -14.609
25000400000005 83137298432 83.795 20.9207 11.2678 16.3575 20.9214 11.2676 16.3597 0.007 -3.578 32.827
25000400000030 83062775808 83.771 8.0625 17.4579 9.3249 8.0634 17.4580 9.3231 -35.582 18.536 -21.232
25000400000025 82341175296 83.529 2.1852 20.3694 6.7090 2.1848 20.3642 6.7072 13.430 33.945 7.401
25000400000028 82034606080 83.419 3.2727 23.5085 12.0642 3.2685 23.5093 12.0637 -0.499 15.333 30.466
25000400000006 82013282304 83.417 10.9508 11.0515 10.8664 10.9545 11.0409 10.8713 -49.461 -5.485 -10.359
25000400000014 81797873664 83.340 1.0029 1.3941 18.8092 1.0060 1.3920 18.8092 -3.950 23.144 -7.895
25000400000011 81749647360 83.322 7.0112 15.5110 10.3236 7.0109 15.5152 10.3212 -24.275 -17.189 21.048
25000400000024 81630404608 83.282 23.3343 13.4087 10.3038 23.3370 13.4068 10.3056 -6.117 16.986 31.430
25000400000010 81603289088 83.277 14.3699 10.0739 9.4909 14.3722 10.0759 9.4942 20.422 6.020 -5.806
25000400000046 81128955904 83.117 17.5064 16.9440 24.1477 17.5017 16.9309 24.1512 -9.511 -15.971 -77.551
25000400000022 80829595648 83.009 3.8511 22.7895 12.9356 3.8494 22.7827 12.9282 36.581 -110.459 38.868
25000300000007 80012828672 82.728 0.0451 13.6191 9.7240 0.0465 13.6237 9.7177 2.155 -5.106 -19.965
25000400000013 79995846656 82.723 0.4198 14.5039 12.6545 0.4183 14.5080 12.6524 4.755 -30.913 -66.214
25000400000027 79988957184 82.723 17.2579 0.8227 3.9016 17.2529 0.8271 3.9026 5.229 13.518 3.893
25000300000048 79597879296 82.591 13.2984 0.3296 9.5877 13.2956 0.3382 9.5693 41.406 72.194 7.182
25000200000056 79207219200 82.449 16.6013 0.8825 23.1489 16.6115 0.8865 23.1513 -44.912 -44.233 -60.606
25000400000018 78817869824 82.319 16.6186 0.9526 23.4840 16.6195 0.9551 23.4831 23.724 -24.320 -5.388
25000400000029 78650884096 82.256 18.8810 16.5856 12.4764 18.8796 16.5857 12.4717 -93.749 5.158 -7.839
25000400000015 76803538944 81.609 21.1379 9.6608 15.3788 21.1362 9.6607 15.3794 11.080 6.588 -12.398
25000400000039 76771450880 81.598 1.0571 3.8313 19.3185 1.0606 3.8314 19.3168 7.982 -0.144 26.173
25000400000009 76706430976 81.573 1.6245 22.1296 17.0383 1.6319 22.1346 17.0374 -7.699 -29.541 -2.060
25000400000040 75702288384 81.221 14.4495 22.4298 17.2600 14.4495 22.4299 17.2620 19.322 24.017 -3.691
25000400000042 75690172416 81.216 18.7130 5.5531 17.0766 18.7138 5.5508 17.0773 3.961 99.545 -24.832
25000400000036 75309572096 81.076 0.9455 13.9388 9.8761 0.9443 13.9387 9.8748 -11.523 -27.358 -5.675
25000400000034 73644851200 80.474 20.8614 23.5091 18.1217 20.8552 23.5101 18.1236 5.229 13.430 45.886
25000400000038 73373892608 80.380 18.5239 9.6934 22.6340 18.5254 9.6926 22.6325 5.195 2.690 -1.724
25000400000049 72654635008 80.113 17.2016 0.4528 17.7034 17.2050 0.4514 17.7012 -26.129 13.284 -28.111
25000400000048 72435499008 80.031 18.4637 21.7652 15.8685 18.4557 21.7698 15.8619 -75.242 130.530 152.303
25000400000044 71858266112 79.822 4.0057 22.7403 12.6477 4.0067 22.7384 12.6479 -2.745 -0.434 -5.458
25000400000007 71666384896 79.746 0.4143 17.5626 3.7660 0.4132 17.5635 3.7677 -0.228 -36.134 -14.649
25000400000050 71573733376 79.716 13.0165 13.1973 16.0495 13.0161 13.1964 16.0486 -1.105 0.785 10.595
25000500000001 70816317440 79.434 1.6693 14.0386 11.9911 1.6692 14.0384 11.9897 -16.877 -43.933 -10.801
25000400000058 70627844096 79.362 13.1785 23.2908 9.9542 13.1802 23.2931 9.9535 -0.583 -4.858 -5.963
25000400000057 70155632640 79.182 16.4819 8.9454 13.4722 16.4817 8.9451 13.4721 -17.842 -11.380 7.350
25000500000003 70111076352 79.170 5.1703 24.0917 3.4351 5.1732 24.0957 3.4362 -14.747 26.294 -10.458
25000400000051 70057000960 79.145 24.9741 14.9318 12.7568 24.9740 14.9329 12.7568 -69.604 -74.334 -78.976
25000400000037 69825978368 79.060 15.7546 24.7806 0.9990 15.7481 24.7837 0.9993 19.637 -37.893 11.480
25000400000061 69813190656 79.055 11.8641 11.3021 14.4171 11.8661 11.3034 14.4165 25.863 38.505 0.274
25000400000016 69517148160 78.943 0.0950 17.7898 3.2143 0.0979 17.7882 3.2213 21.727 54.092 -27.511
25000300000014 69257043968 78.842 0.0291 22.0557 17.4162 0.0262 22.0528 17.4185 17.353 -2.233 24.959
25000400000052 69146066944 78.803 9.4103 3.5242 4.5907 9.4127 3.5238 4.5902 14.972 -34.259 -7.763
25000500000013 68251230208 78.462 21.5830 7.0603 15.5760 21.5833 7.0598 15.5756 -26.938 -9.034 -2.912
25000400000059 68243312640 78.457 18.0588 18.4486 12.7980 18.0593 18.4500 12.7968 -1.796 11.945 -22.969
25000400000062 68079656960 78.397 20.1528 16.5918 13.2648 20.1550 16.5909 13.2651 -2.347 -16.098 16.914
25000500000005 67879661568 78.316 16.5578 9.1029 3.8350 16.5533 9.1019 3.8345 -6.987 -12.299 -10.856
25000500000019 67616460800 78.214 3.5641 0.9413 7.5864 3.5636 0.9401 7.5858 -3.683 -4.756 14.197
25000500000007 67094614016 78.017 22.2570 22.5546 16.4737 22.2599 22.5543 16.4765 -21.914 21.518 1.280
25000500000021 66079481856 77.622 20.3429 14.4048 20.1147 20.3446 14.4075 20.1165 -14.127 54.035 -48.306
25000400000045 64775516160 77.102 7.6093 12.6190 7.4483 7.6057 12.6244 7.4475 -21.275 11.441 62.825
25000500000024 64771145728 77.107 1.7353 23.6295 20.7987 1.7337 23.6306 20.7982 4.534 -8.468 12.439
25000400000060 64154722304 76.861 1.6471 13.7866 10.4627 1.6465 13.7885 10.4610 -54.547 17.899 -39.543
25000300000028 63953883136 76.777 13.7047 11.9031 15.8670 13.6935 11.8631 15.8766 -598.131 61.256 -512.500
25000500000034 63928569856 76.770 14.9682 24.2260 10.5833 14.9670 24.2362 10.5802 77.851 -3.099 -42.013
25000500000025 63477501952 76.588 3.4923 18.8328 4.5716 3.4919 18.8290 4.5723 37.947 23.471 23.876
25000300000056 62635368448 76.246 7.1459 24.8106 11.8275 7.1562 24.8021 11.8270 3.407 25.081 -30.340
25000300000050 61946929152 75.968 22.2784 11.1381 21.8895 22.2940 11.1446 21.8843 111.954 -85.820 172.367
25000500000023 61708705792 75.868 16.5448 5.3996 22.3297 16.5477 5.4002 22.3262 -94.438 25.128 10.531
25000500000012 61674160128 75.856 23.1044 17.1387 19.9129 23.1023 17.1450 19.9134 8.123 5.427 43.138
25000500000041 61601148928 75.822 5.3712 24.1756 5.0085 5.3654 24.1764 5.0124 -15.739 30.141 15.464
25000500000043 61578588160 75.817 16.4364 20.3544 10.0934 16.4366 20.3549 10.0941 -4.395 33.951 3.459
25000500000038 61501550592 75.781 21.4377 15.4638 20.2196 21.4376 15.4597 20.2230 4.401 2.459 -33.142
25000500000011 61304729600 75.701 15.8542 24.6814 19.5191 15.8520 24.6780 19.5123 34.851 -0.278 2.668
25000500000000 60769394688 75.480 0.6825 11.7347 14.2691 0.6825 11.7422 14.2748 -101.192 -97.639 47.589
25000500000014 60669149184 75.441 13.4230 17.6308 18.2318 13.4258 17.6287 18.2309 7.218 -3.968 -4.357
25000500000018 60485267456 75.362 16.8471 9.2473 16.0783 16.8498 9.2496 16.0782 -4.266 1.129 -6.930
25000600000000 60482396160 75.362 23.4566 20.2632 18.2139 23.4573 20.2636 18.2128 10.074 12.389 15.738
25000600000001 60417884160 75.339 11.7897 17.0527 1.0541 11.7904 17.0506 1.0524 9.190 3.527 0.034
25000400000054 60359979008 75.313 21.2698 6.1457 14.6002 21.2664 6.1442 14.5995 44.395 0.026 15.835
25000500000027 60109148160 75.205 15.3021 15.8512 9.7277 15.3074 15.8538 9.7269 -42.894 -94.189 -10.544
25000600000013 59923648512 75.129 15.8817 22.0895 16.8763 15.8844 22.0887 16.8751 -24.397 -25.563 -2.814
25000400000033 59897393152 75.122 23.5253 15.6185 13.1949 23.5247 15.6108 13.1991 -11.007 6.613 32.959
25000500000042 59250831360 74.850 14.8049 8.6715 10.3332 14.8034 8.6756 10.3295 -11.786 3.639 -19.440
25000500000031 59107807232 74.785 0.2881 13.7619 9.2948 0.2887 13.7623 9.2969 -3.730 7.033 11.727
25000500000056 59007340544 74.746 14.6675 8.4780 1.6807 14.6671 8.4808 1.6798 -6.367 -8.366 9.705
25000600000004 58993520640 74.738 15.9758 24.7680 4.7498 15.9798 24.7660 4.7482 -6.507 4.267 -6.744
25000500000050 58928025600 74.710 6.3070 15.0116 12.2750 6.3053 15.0109 12.2770 -28.722 17.772 -11.537
25000500000046 58909339648 74.701 12.5646 16.7686 17.3495 12.5660 16.7689 17.3511 20.549 12.639 -24.980
25000400000043 58695987200 74.615 17.2785 23.9132 2.6689 17.2780 23.9089 2.6790 60.629 -10.896 25.187
25000500000039 58666835968 74.600 3.1947 22.5664 13.3812 3.1926 22.5661 13.3821 -59.473 21.785 -40.813
25000500000047 58480066560 74.523 17.0879 8.8393 22.9672 17.0884 8.8362 22.9646 -35.077 19.016 -25.172
25000600000022 58461057024 74.513 7.8617 13.4837 8.3943 7.8583 13.4799 8.3986 -0.623 -2.134 18.409
25000300000037 58276122624 74.434 7.3356 18.1663 23.0459 7.3515 18.1518 23.0670 27.933 -78.026 -60.899
25000500000037 57907601408 74.278 21.7437 22.5609 16.5876 21.7423 22.5593 16.5875 10.600 28.965 0.192
25000500000057 57698078720 74.190 6.1968 17.8039 23.4228 6.1949 17.8039 23.4253 -1.856 72.579 44.185
25000500000035 57606815744 74.149 15.2140 8.5291 0.2398 15.2121 8.5303 0.2365 4.588 42.833 14.030
25000600000025 57547239424 74.123 24.1420 13.4153 10.1679 24.1432 13.4156 10.1686 -5.390 5.709 18.822
25000600000027 57488912384 74.097 23.5977 12.6101 9.5161 23.6013 12.6092 9.5160 17.669 24.103 34.530
25000200000039 57092947968 73.928 12.4904 6.4774 10.9509 12.4838 6.4623 10.9360 -88.378 -37.766 37.907
25000500000017 56999510016 73.888 0.3894 22.0719 17.3326 0.3898 22.0718 17.3324 64.869 -23.345 50.575
25000500000030 56664539136 73.742 19.5902 7.0923 13.4196 19.5892 7.0869 13.4192 27.962 5.504 5.946
25000500000045 56529465344 73.686 4.6963 21.7377 6.9237 4.6949 21.7494 6.9156 -133.763 84.095 89.595
25000600000012 56394530816 73.623 2.8314 0.1092 21.3284 2.8337 0.1092 21.3293 5.353 -5.812 0.105
25000400000031 56383242240 73.618 9.6981 8.4803 9.2920 9.6969 8.4833 9.2919 15.602 -3.537 37.997
25000500000049 56330420224 73.596 4.7375 22.8446 12.4350 4.7359 22.8430 12.4379 18.854 42.286 38.678
25000500000026 56301649920 73.587 18.5402 12.3236 19.6749 18.5363 12.3183 19.6685 -35.921 52.083 6.854
25000600000029 55804416000 73.369 23.6038 16.8246 20.6519 23.5991 16.8247 20.6545 -0.599 -57.085 31.294
25000500000054 55653433344 73.304 8.5174 23.3002 9.5044 8.5165 23.3058 9.5050 25.095 0.808 -20.659
25000400000047 55531958272 73.248 19.4428 0.8055 8.1397 19.4531 0.7987 8.1395 -7.238 -40.829 28.378
25000500000032 55022288896 73.023 0.3051 6.7208 14.6719 0.3025 6.7231 14.6742 -1.199 -50.599 18.713
25000600000009 54940401664 72.985 9.4387 7.0336 10.5936 9.4369 7.0324 10.5944 -13.757 -55.930 -46.334
25000600000026 54855946240 72.951 15.1374 11.5367 19.3791 15.1417 11.5370 19.3787 12.422 -32.671 -6.900
25000600000008 54700552192 72.880 23.8926 18.8516 18.9261 23.8936 18.8513 18.9314 -19.019 31.242 -2.995
25000500000058 54543273984 72.809 10.8036 18.5567 5.2591 10.8060 18.5569 5.2588 50.748 0.321 94.142
25000600000020 54535671808 72.806 8.3295 1.7965 13.7042 8.3231 1.7934 13.7075 -15.654 1.443 -13.191
25000600000021 54428876800 72.759 22.5815 23.7202 17.3483 22.5830 23.7186 17.3489 -12.950 9.678 31.825
25000500000061 54369411072 72.732 2.1769 22.3429 16.4656 2.1822 22.3405 16.4692 7.410 -43.526 -23.351
25000600000018 54307647488 72.708 14.9469 13.6850 7.3627 14.9466 13.6843 7.3685 8.478 -4.132 -1.080
25000600000054 54249758720 72.682 20.4404 13.2322 21.3775 20.4412 13.2334 21.3770 0.657 3.084 2.444
25000500000052 54223859712 72.670 4.7062 24.4205 10.6434 4.6991 24.4213 10.6431 -13.820 -3.629 29.805
25000600000015 54075609088 72.603 7.8064 13.2656 14.9234 7.8058 13.2652 14.9257 -0.783 -2.170 6.526
25000600000016 53971701760 72.553 23.9869 21.5963 22.2259 23.9805 21.5954 22.2270 10.049 -58.512 -49.994
25000600000014 53768720384 72.467 24.8586 17.2715 5.5627 24.8563 17.2714 5.5610 -4.438 -3.013 -0.761
25000500000020 53172912128 72.198 21.1441 17.9465 18.0573 21.1379 17.9431 18.0572 5.092 -10.880 -8.740
25000500000022 52996083712 72.117 11.1998 18.0803 20.0263 11.1954 18.0829 20.0282 -104.527 -47.772 -78.788
25000600000051 52756471808 72.009 11.2508 20.4428 15.7650 11.2504 20.4427 15.7660 9.965 5.212 10.180
25000600000058 51758182400 71.548 20.2984 10.4878 16.7479 20.2994 10.4895 16.7505 -5.583 -10.146 -20.222
25000600000030 51679264768 71.515 13.2576 13.4966 16.6628 13.2586 13.4951 16.6617 -22.616 -7.049 1.472
25000600000062 51531485184 71.443 18.2421 5.0421 19.1285 18.2427 5.0431 19.1305 -9.701 -5.322 -28.396
25000600000028 51070128128 71.233 6.1264 14.8614 12.5448 6.1251 14.8615 12.5438 11.207 -25.132 -18.655
25000600000044 50448244736 70.943 11.0476 18.1294 19.6648 11.0487 18.1269 19.6616 -9.358 7.896 6.456
25000600000039 50333065216 70.887 15.2698 20.8724 9.6996 15.2703 20.8768 9.6977 1.179 12.527 -8.087
25000700000003 49865596928 70.668 15.5848 20.8167 14.9704 15.5828 20.8175 14.9694 15.750 16.299 23.067
25000500000028 49542938624 70.511 14.1966 9.7233 3.7336 14.1866 9.7133 3.7325 29.513 -15.800 -94.421
25000400000032 49174790144 70.340 10.9735 20.0828 8.9217 10.9772 20.0749 8.9182 4.047 42.020 -19.603
25000600000043 49128841216 70.317 11.7537 4.6071 8.5084 11.7543 4.6072 8.5099 70.354 15.769 -27.218
25000600000050 48818769920 70.171 7.4887 10.3945 12.9485 7.4852 10.3943 12.9533 35.368 -11.558 17.969
25000600000059 48745738240 70.136 18.9163 0.6489 7.4500 18.9177 0.6543 7.4520 -4.310 16.193 -128.544
25000600000038 48664535040 70.092 12.9360 13.3701 16.4356 12.9321 13.3709 16.4351 -24.310 -11.915 -33.011
25000600000007 48286457856 69.915 8.4091 12.5411 2.1325 8.4105 12.5409 2.1330 -2.966 4.102 -6.338
25000600000057 48192180224 69.868 14.7136 16.0155 9.1670 14.7128 16.0135 9.1667 -3.287 10.555 52.723
25000700000018 47644561408 69.601 7.4814 4.7879 12.8000 7.4788 4.7901 12.7984 24.466 25.411 0.903
25000600000024 47621935104 69.593 7.9696 12.4711 1.2239 7.9676 12.4687 1.2244 37.128 -41.538 -25.473
25000600000041 46632882176 69.108 7.7614 21.2494 20.8272 7.7622 21.2487 20.8313 15.742 0.787 9.746
25000700000036 46620942336 69.100 0.3272 19.9033 17.9126 0.3293 19.9012 17.9153 -50.676 -25.792 14.063
25000700000005 46412959744 68.997 16.7546 9.1647 4.2692 16.7544 9.1661 4.2691 -32.232 -15.879 -13.794
25000500000009 46394433536 68.989 15.8098 12.4143 7.1871 15.8013 12.4023 7.1830 -97.067 86.103 104.503
25000600000002 46330216448 68.955 12.5368 16.6084 0.4723 12.5336 16.6019 0.4703 -2.912 -0.274 -6.452
25000700000014 46267260928 68.927 23.9289 17.6954 19.8910 23.9326 17.6978 19.8940 -15.092 -6.726 13.127
25000700000027 46241050624 68.909 3.9800 13.6428 23.0852 3.9825 13.6434 23.0859 -22.026 -29.881 25.571
25000600000036 46030016512 68.805 16.9026 0.5603 24.2998 16.8998 0.5559 24.3011 20.799 -11.823 -9.604
25000700000008 45889884160 68.738 7.6778 0.6909 11.6500 7.6805 0.6910 11.6513 -33.153 27.523 -31.809
25000600000037 45769195520 68.675 10.8605 19.6186 1.0983 10.8620 19.6142 1.1032 13.996 -17.933 33.348
25000500000051 45505142784 68.542 24.3763 7.1950 15.9799 24.3755 7.1907 15.9918 -24.661 57.888 55.494
25000700000048 45415055360 68.498 15.6703 6.7938 14.6379 15.6700 6.7927 14.6384 -18.454 -25.973 -54.936
25000700000039 44831072256 68.205 24.7022 17.8581 22.6434 24.7019 17.8566 22.6449 37.311 10.375 3.554
25000700000061 44799438848 68.186 7.3554 11.2595 9.1464 7.3558 11.2601 9.1472 -4.215 -16.551 12.358
25000700000041 44681015296 68.125 2.7095 20.7505 20.6300 2.7103 20.7492 20.6314 -13.708 30.032 23.053
25000600000055 44648140800 68.112 4.2929 22.8571 12.4317 4.2926 22.8583 12.4320 15.984 -22.529 -7.014
25000300000058 44529786880 68.050 7.3081 2.8025 9.8489 7.3114 2.7984 9.8537 54.463 15.796 -117.108
25000700000030 44112334848 67.836 24.0770 16.7339 7.1421 24.0764 16.7359 7.1395 -7.135 0.169 11.376
25000300000057 43858165760 67.705 11.8677 20.5521 13.2639 11.8660 20.5513 13.2757 24.438 -40.273 -31.756
25000700000031 43562328064 67.552 3.6541 20.4104 20.6021 3.6522 20.4106 20.6003 12.031 5.213 -2.606
25000700000015 43525062656 67.535 12.4354 6.5048 5.1267 12.4355 6.5114 5.1265 -39.487 8.995 -36.923
25000700000032 43492716544 67.519 7.4505 18.9293 11.3174 7.4464 18.9291 11.3173 -5.361 -21.329 -12.095
25000700000052 42775945216 67.145 18.8115 20.4683 14.8440 18.8113 20.4682 14.8453 -2.932 -1.020 -4.139
25000700000004 42615365632 67.061 19.5452 1.4183 17.4876 19.5459 1.4189 17.4870 -5.095 -10.234 66.067
25000700000050 42507382784 67.003 1.5145 22.6630 16.9062 1.5116 22.6647 16.9066 -21.179 5.436 -1.449
25000700000045 41958068224 66.716 24.6215 6.0598 14.8519 24.6217 6.0609 14.8542 31.254 -16.160 -6.566
25000700000051 41692385280 66.573 14.6302 14.0603 23.5163 14.6304 14.0608 23.5152 -1.012 -4.801 -7.807
25000700000047 41640886272 66.543 7.0229 3.0644 9.9673 7.0248 3.0656 9.9682 -0.363 -20.407 -10.100
25000500000059 41522536448 66.483 13.0271 11.1455 12.4196 13.0250 11.1451 12.4141 -1.248 -62.265 -6.940
25000400000035 40865574912 66.129 15.2304 21.9172 16.0908 15.2254 21.9218 16.0906 -25.540 -2.969 -46.686
25000700000043 40608051200 65.992 5.0877 3.9670 13.8741 5.0878 3.9680 13.8762 -23.022 19.539 -1.472
25000700000040 40537104384 65.952 6.9605 12.4469 7.6402 6.9605 12.4477 7.6397 -6.859 -4.470 -14.282
25000600000032 40507629568 65.936 1.3469 21.5351 19.0050 1.3449 21.5376 19.0031 -29.832 1.336 66.953
25000700000017 40119476224 65.726 22.9209 24.7316 15.6016 22.9179 24.7308 15.6013 -10.481 14.768 7.273
25000300000051 39281938432 65.265 0.0053 13.7372 9.5367 0.0058 13.7421 9.5400 -3.031 -4.619 -0.451
25000800000026 39160676352 65.199 7.2261 24.6729 10.2719 7.2264 24.6729 10.2737 -6.994 -6.688 4.968
25000800000016 38552002560 64.856 16.0186 14.4169 19.8506 16.0159 14.4166 19.8517 -16.974 4.856 -20.011
25000700000053 38539841536 64.851 11.8935 14.6725 6.5533 11.8956 14.6698 6.5501 17.407 12.930 13.777
25000800000004 38440529920 64.794 7.0579 12.5985 24.4812 7.0572 12.6004 24.4798 1.501 8.740 22.158
25000800000022 38406115328 64.777 5.1110 17.4225 23.3379 5.1120 17.4229 23.3370 -18.844 18.871 34.434
25000800000014 37744508928 64.403 2.5173 24.6577 14.9871 2.5166 24.6565 14.9857 4.625 1.645 -7.394
25000800000015 37602373632 64.321 24.8726 22.2781 16.5052 24.8730 22.2781 16.5044 -33.323 -16.888 62.683
25000800000000 37296689152 64.147 23.3323 21.9183 20.7191 23.3323 21.9180 20.7192 -55.959 21.814 -66.357
25000800000006 36255903744 63.544 20.4481 12.0186 12.7837 20.4473 12.0166 12.7862 12.013 -26.736 -48.006
25000800000033 36179591168 63.497 0.3169 18.4929 19.9093 0.3185 18.4909 19.9063 17.975 13.573 12.867
25000800000059 36165095424 63.490 1.7888 24.5433 15.1305 1.7893 24.5425 15.1296 -2.400 -6.465 -19.003
25000800000049 36106227712 63.459 12.0906 7.3104 5.5267 12.0904 7.3111 5.5264 -6.046 2.351 3.581
25000700000058 36005208064 63.396 14.3423 6.2829 13.7895 14.3444 6.2829 13.7897 -19.947 -12.577 -34.586
25000800000045 35970433024 63.376 3.0065 11.5870 21.9200 3.0082 11.5888 21.9219 -14.874 -19.135 -0.552
25000800000029 35444375552 63.068 24.1208 1.3377 13.3464 24.1195 1.3386 13.3448 -19.191 16.750 28.702
25000800000031 34883289088 62.734 12.3289 7.2380 5.6570 12.3287 7.2362 5.6537 26.023 -1.147 13.431
25000700000019 34744410112 62.647 10.9214 17.4684 6.3645 10.9205 17.4649 6.3674 63.299 97.445 196.736
25000700000011 34612867072 62.569 16.1811 24.5678 17.2281 16.1822 24.5677 17.2280 12.948 24.013 -1.787
25000800000009 34157860864 62.295 16.7090 12.7203 9.8174 16.7080 12.7199 9.8177 11.918 9.428 -48.978
25000900000027 34017574912 62.210 19.6349 20.5205 15.5672 19.6357 20.5208 15.5676 -5.438 -8.087 -0.934
25000700000060 33735036928 62.037 9.1611 5.7252 11.2834 9.1624 5.7265 11.2882 -2.621 9.426 -14.731
25000600000061 33584740352 61.941 14.3113 16.3642 8.6974 14.3108 16.3631 8.7005 -1.624 10.037 -13.388
25000800000043 33403504640 61.832 10.6478 20.1411 10.3042 10.6521 20.1406 10.3080 -37.182 -47.387 18.000
25000600000019 33242771456 61.732 11.1599 20.0316 9.1585 11.1615 20.0339 9.1552 -12.230 75.775 106.549
25000800000027 32698859520 61.392 14.9129 6.3190 3.7115 14.9177 6.3132 3.7119 27.662 30.589 72.713
25000900000006 32166068224 61.059 7.4632 5.5261 9.5095 7.4632 5.5242 9.5098 21.795 -11.217 11.069
25000900000042 32062388224 60.994 21.2587 0.3627 17.1257 21.2582 0.3614 17.1272 2.337 -3.689 -10.205
25001000000009 32059150336 60.992 24.1834 1.2392 13.6245 24.1830 1.2378 13.6253 -14.739 5.124 3.207
25000500000055 31959105536 60.930 12.6767 6.1264 10.6688 12.6750 6.1295 10.6635 45.885 -0.693 6.378
25000900000032 31542724608 60.660 22.7077 23.0058 18.7748 22.7071 23.0050 18.7741 -31.643 -17.826 -17.953
25000700000013 31465764864 60.612 22.9587 24.0270 17.0789 22.9562 24.0270 17.0779 -4.223 -28.883 11.817
25000800000007 30741143552 60.145 5.1816 23.3175 15.6270 5.1877 23.3219 15.6236 -0.172 -4.580 81.504
25000900000062 30728103936 60.135 14.4834 13.0649 0.5567 14.4816 13.0665 0.5580 3.983 -3.241 -5.898
25001000000033 30419435520 59.933 14.9225 13.8412 24.6914 14.9220 13.8405 24.6912 -7.168 11.061 3.018
25000900000043 29542045696 59.352 8.1606 12.9284 6.3709 8.1564 12.9241 6.3708 7.996 -26.907 -9.991
25000900000041 29224605696 59.136 4.5053 24.9112 10.0052 4.5059 24.9132 10.0040 24.989 -1.632 -7.210
25001000000052 28736346112 58.808 9.1087 3.1058 4.7170 9.1102 3.1044 4.7176 3.660 13.138 -1.363
25001000000020 28305489920 58.512 21.7915 6.0915 15.5088 21.7910 6.0909 15.5066 -3.198 10.292 7.282
25000700000044 26856876032 57.496 21.2004 24.9650 16.9745 21.2032 24.9627 16.9749 12.395 10.314 -7.982
25001100000006 26726844416 57.401 1.9885 11.6984 21.6263 1.9880 11.6983 21.6267 -1.327 14.965 -25.740
25000900000040 26416996352 57.178 19.5490 12.9815 11.7525 19.5503 12.9808 11.7527 21.084 -12.162 6.701
25001100000041 25823195136 56.746 7.6352 11.6370 6.8866 7.6345 11.6366 6.8856 12.751 1.470 -15.312
25001100000039 25210597376 56.296 11.4031 20.3830 11.7054 11.4040 20.3830 11.7049 -13.167 0.466 -7.518
25001800000045 14225314816 46.519 16.1757 23.8051 18.7179 16.1770 23.8048 18.7190 -10.288 7.619 2.048
