haloID mh rh halo_x halo_y halo_z gal_x gal_y gal_z spin_x spin_y spin_z
22000000000000 11647903072256 380.067 16.1321 24.7950 18.2173 16.1146 24.7732 18.1929 65.043 -1285.524 -40.315
22000000000003 3875365191680 263.369 23.4446 0.9300 15.4767 23.4394 0.8904 15.4923 51.297 490.386 -252.194
22000000000004 3555456450560 255.912 12.0498 19.2893 16.9183 12.0615 19.3012 16.9034 113.470 -454.641 256.109
22000000000005 3204963368960 247.203 23.0165 23.5843 15.7397 22.9790 23.5323 15.7141 151.344 18.941 328.503
22000000000002 3098980384768 244.451 5.1054 13.7638 10.7733 5.1168 13.7921 10.8340 856.873 -707.456 433.197
22000000000008 2979026698240 241.253 6.0939 24.1539 10.5462 6.0725 24.1432 10.5448 -64.761 -33.652 -502.663
22000000000007 2793652092928 236.144 10.7002 17.5771 3.5575 10.6963 17.5733 3.5388 124.204 12.454 -99.106
22000000000001 2602315022336 230.618 19.5665 13.1238 11.1239 19.6627 13.1293 11.1495 208.382 3520.218 336.637
22000000000013 2503500103680 227.666 14.3594 11.0105 5.7286 14.3590 11.0068 5.7487 178.502 -146.052 -282.065
22000000000011 2486333079552 227.142 9.1257 12.9759 2.5709 9.1262 12.9641 2.5732 132.023 170.790 -26.073
22000000000010 2448456679424 225.981 17.2902 4.3427 20.4708 17.2904 4.3302 20.4607 -836.206 414.872 -226.769
22000000000017 2223947907072 218.850 13.7016 20.2564 15.2311 13.7053 20.2563 15.2377 112.401 -185.588 -267.494
22000000000009 2150084509696 216.408 11.4634 20.5157 10.2582 11.4941 20.5176 10.2968 77.292 -633.852 -26.773
22000000000014 2148325392384 216.342 24.4593 22.3596 16.6683 24.4757 22.3532 16.6751 120.671 280.849 -154.828
22000000000016 2040527847424 212.669 7.2027 9.6790 8.1480 7.2182 9.7095 8.0973 -439.371 306.412 128.995
22000000000015 2015352324096 211.791 21.9825 24.6577 17.3617 21.9917 24.6738 17.3987 16.780 -165.626 -10.105
22000000000006 1857420132352 206.108 12.5419 7.4899 4.7258 12.5677 7.4627 4.7474 -2116.252 -1523.745 2288.076
22000000000023 1809286823936 204.307 23.8186 22.3494 20.2775 23.8177 22.3486 20.2862 228.419 -39.797 -60.061
22000000000022 1802494803968 204.049 10.3394 15.2386 5.0345 10.3271 15.2391 5.0263 264.634 -369.363 302.305
22000000000019 1697527496704 200.011 22.1855 4.1357 15.4272 22.1835 4.1422 15.4147 1449.720 775.935 -277.681
22000000000021 1696410763264 199.973 8.6978 9.9713 4.5584 8.6981 9.9635 4.5544 963.654 -201.366 -1028.177
22000000000012 1666354380800 198.776 5.0440 14.6445 12.3446 5.0774 14.6514 12.3567 -50.591 -426.375 -189.551
22000000000018 1572320575488 194.964 18.8161 2.1684 18.0563 18.8062 2.2078 18.0878 245.901 -274.557 83.387
22000000000024 1494672605184 191.706 7.3897 19.4420 20.2111 7.3953 19.4384 20.2136 -409.199 137.314 -430.248
22000000000026 1463611031552 190.362 21.5902 20.7399 15.5621 21.5892 20.7296 15.5755 583.525 -630.087 -155.674
22000000000025 1307280670720 183.331 20.7558 4.2659 16.3411 20.7463 4.2636 16.3570 -245.222 131.927 312.804
22000000000029 1192859795456 177.821 10.8934 17.3671 5.8420 10.8883 17.3685 5.8192 5.339 -401.955 1008.305
22000000000028 1111198269440 173.667 8.2626 12.3123 1.6492 8.2355 12.3243 1.6529 -50.916 714.763 141.375
22000000000030 1100553781248 173.106 13.0316 15.0786 17.9661 13.0517 15.0688 17.9571 223.825 220.927 -62.941
22000000000020 1096713240576 172.903 10.1181 3.0041 13.7339 10.1046 2.9790 13.7316 297.712 35.405 -271.159
22000000000027 1059208298496 170.917 7.0874 23.5790 12.8516 7.0606 23.5925 12.8158 -175.293 -273.465 230.231
22000000000032 1035178147840 169.609 5.0351 21.9255 12.4222 5.0383 21.9318 12.4138 -201.630 31.531 26.052
22000000000036 997306335232 167.519 21.2172 5.8111 14.2771 21.2148 5.8124 14.2751 -105.476 -162.770 -113.147
22000000000034 996231544832 167.453 20.4821 20.9272 16.0833 20.5059 20.9423 16.0805 -82.531 143.196 -25.641
22000000000031 978260197376 166.447 14.7324 11.3778 7.9135 14.7590 11.3812 7.9383 143.692 -22.771 -258.639
22000000000035 969042034688 165.924 22.9735 15.8856 13.2332 22.9657 15.8873 13.2328 187.771 -311.913 -233.646
22000000000047 868015538176 159.944 5.2160 21.5629 13.6489 5.2248 21.5443 13.6597 247.827 -322.654 -742.026
22000000000044 857027510272 159.261 10.5768 19.9748 6.7456 10.5598 19.9779 6.7466 -233.771 -334.825 -294.096
22000000000040 847539077120 158.670 20.1687 0.8046 17.4660 20.1728 0.8043 17.4663 -256.182 328.491 -677.166
22000000000038 794639925248 155.303 23.4516 4.1421 14.9205 23.4556 4.1446 14.9246 -159.750 -43.511 -325.959
22000000000043 783777988608 154.587 13.0776 7.1142 10.2616 13.0753 7.0828 10.2661 -17.330 61.613 133.507
22000000000041 782759624704 154.524 15.2652 23.5830 18.8393 15.2632 23.5748 18.8514 -129.625 -0.029 -305.769
22000000000045 774588858368 153.984 1.7747 8.6205 14.7918 1.7681 8.6226 14.7755 -401.925 -294.849 -41.111
22000000000051 771863281664 153.802 20.9170 16.2890 19.1271 20.9218 16.2970 19.1315 -456.023 67.202 384.995
22000000000050 763209318400 153.223 14.6699 13.6029 0.0556 14.6693 13.6029 0.0468 929.529 -72.048 88.011
22000000000046 745575612416 152.037 16.9205 9.6076 23.1297 16.9245 9.6080 23.1342 76.255 -343.341 174.907
22000000000049 712006500352 149.718 1.4300 17.4859 4.0809 1.4274 17.4917 4.0886 139.473 4.709 -6.837
22000000000042 710960021504 149.649 23.7308 22.4716 19.3195 23.7353 22.4761 19.3277 -468.793 78.563 -304.799
22000000000048 701790617600 148.999 3.7461 20.7954 13.9385 3.7439 20.8147 13.9759 585.806 -1185.859 665.413
22000000000039 687170125824 147.954 6.1240 0.2786 10.1683 6.1374 0.2644 10.1705 -83.840 -58.935 -181.619
22000000000054 594554585088 140.991 16.2437 8.5223 24.0031 16.2335 8.5348 23.9861 -232.505 187.054 -47.324
22000000000060 582188728320 140.001 18.2272 20.3086 14.9308 18.2242 20.3069 14.9299 -303.263 11.162 -209.883
22000000000062 571884568576 139.171 6.0409 2.7552 13.9606 6.0355 2.7537 13.9625 -35.594 -285.862 -203.150
22000000000058 569584254976 138.982 1.6355 15.6255 7.9827 1.6445 15.6213 7.9981 92.010 132.516 9.914
22000000000059 565943336960 138.684 18.4662 10.6734 19.2353 18.4690 10.6730 19.2327 153.962 379.359 641.211
22000000000052 560968826880 138.284 16.4109 12.3993 9.3881 16.4185 12.4358 9.3978 144.863 318.107 -632.779
22000000000064 558613987328 138.089 13.2427 21.1431 10.4294 13.2355 21.1404 10.4298 48.131 -18.713 26.550
22000000000053 552074870784 137.548 9.1577 21.8130 12.7175 9.1323 21.8180 12.7202 117.431 512.257 18.808
22000000000033 542715543552 136.767 13.2324 10.6136 7.5791 13.2754 10.6183 7.5861 5.688 407.403 466.436
22000000000056 539555168256 136.497 4.2345 13.6090 10.8950 4.2325 13.6074 10.8913 33.428 -308.659 78.517
22000000000061 532838645760 135.929 9.1625 18.8965 19.1144 9.1875 18.8845 19.0986 25.739 -16.979 -28.549
22000000000055 519297597440 134.768 21.3608 18.2057 18.2496 21.3736 18.1998 18.2653 34.353 -151.918 -255.777
22000000000065 513685618688 134.281 14.5456 16.9874 18.8755 14.5448 16.9862 18.8667 -181.165 -266.247 82.316
22000000000063 490706206720 132.252 2.9508 13.5196 10.8261 2.9602 13.5163 10.8250 375.158 418.441 -212.697
22000100000005 489530753024 132.142 13.0909 11.3894 15.1720 13.0939 11.3958 15.1813 80.943 86.421 -24.203
22000100000000 462026276864 129.618 4.8243 21.0926 14.2908 4.8226 21.0971 14.2974 10.353 -160.569 -81.485
22000100000001 460627279872 129.489 16.6764 21.2303 14.1141 16.6855 21.2335 14.1193 -149.137 40.476 -54.728
22000100000011 456656027648 129.118 13.0218 5.3641 2.3539 13.0358 5.3802 2.3508 7.624 119.215 322.923
22000100000008 454333464576 128.897 19.7307 3.6223 17.1224 19.7317 3.6304 17.1241 37.557 -375.846 8.427
22000100000013 443935326208 127.908 7.4908 23.3670 9.3888 7.4876 23.3632 9.3899 -200.428 251.636 -317.749
22000100000007 436722237440 127.211 14.3866 13.0979 11.7637 14.3771 13.0921 11.7599 14.651 -75.048 -218.925
22000100000004 436470153216 127.186 10.5035 4.0224 12.0549 10.5108 4.0271 12.0579 -171.583 64.374 25.960
22000000000068 433656987648 126.914 8.6497 11.6656 2.8609 8.6513 11.6686 2.8562 495.976 -362.519 85.144
22000100000002 431259156480 126.678 21.5441 19.7512 15.2330 21.5479 19.7610 15.2317 -119.666 -141.411 -135.917
22000000000037 428552388608 126.406 15.7122 8.2203 0.5569 15.7148 8.2619 0.5143 2495.891 574.391 397.532
22000100000009 425371926528 126.096 21.6344 10.8970 22.2904 21.6518 10.9035 22.2905 46.913 -13.448 -534.917
22000100000015 425282174976 126.085 9.8023 16.7693 0.0368 9.7990 16.7636 0.0353 227.572 78.001 29.851
22000100000010 424916615168 126.049 6.5096 4.1110 13.6975 6.5139 4.0964 13.7134 5.041 21.720 -181.841
22000100000018 407498063872 124.307 2.9349 20.6279 14.1997 2.9387 20.6347 14.1991 50.291 -101.603 -170.082
22000100000017 398554791936 123.386 0.5609 21.8881 19.3648 0.5505 21.8992 19.3662 28.927 50.654 99.721
22000100000016 392812986368 122.792 5.8471 11.5920 9.5805 5.8566 11.5853 9.5764 -177.214 -162.932 -133.277
22000100000019 391421722624 122.647 13.4257 21.1780 23.4894 13.4255 21.1728 23.4838 115.387 3.056 -67.002
22000100000020 389907349504 122.494 24.4765 22.1724 19.8677 24.4819 22.1757 19.8691 147.356 -114.056 11.122
22000100000014 384894861312 121.966 5.4459 12.5894 9.9776 5.4436 12.5957 9.9798 35.151 114.590 115.009
22000100000025 383672877056 121.834 11.2980 7.0937 11.8481 11.3002 7.1086 11.8422 12.468 -21.031 30.988
22000100000023 378189348864 121.249 19.7839 15.7882 12.2993 19.7796 15.7867 12.3263 -60.115 46.542 209.218
22000000000066 376903892992 121.115 23.5879 22.9535 18.6104 23.5864 22.9446 18.6075 -8.780 -28.517 141.385
22000100000024 372985462784 120.692 20.1919 19.0397 14.6413 20.1904 19.0419 14.6451 -292.448 -194.509 -289.913
22000100000022 350088036352 118.170 6.4289 1.0250 9.9556 6.4318 1.0239 9.9576 36.390 169.663 -384.495
22000100000029 343478304768 117.421 11.7327 4.8433 10.7335 11.7466 4.8483 10.7392 52.984 3.199 79.156
22000100000027 339300712448 116.946 0.9690 17.0412 21.9911 0.9654 17.0312 21.9809 -3.527 -7.839 3.635
22000100000021 328966078464 115.745 24.8582 17.0213 0.0260 24.8611 17.0373 24.9893 -59.958 240.750 -109.837
22000100000030 323654123520 115.116 12.4527 5.4009 11.6260 12.4476 5.4028 11.6335 44.708 23.302 19.000
22000100000032 320543752192 114.747 15.0694 3.5872 5.9051 15.0678 3.5796 5.9033 -112.640 -113.862 20.981
22000100000031 318174527488 114.462 6.8661 2.0701 9.7538 6.8651 2.0787 9.7517 28.469 11.591 14.747
22000100000038 313493028864 113.897 2.2422 22.2018 15.7766 2.2397 22.2009 15.7813 74.272 -245.705 122.434
22000100000006 310998433792 113.595 11.6240 3.8208 9.1550 11.6199 3.8267 9.1708 -125.911 31.068 -40.320
22000100000028 309476556800 113.413 5.9455 21.7383 13.3588 5.9481 21.7403 13.3602 116.404 10.326 -122.061
22000100000036 307161759744 113.126 7.1841 6.4927 8.6056 7.1898 6.4722 8.5983 33.521 -10.374 56.608
22000100000003 303726854144 112.702 7.2111 10.2514 6.7316 7.2190 10.2527 6.7146 -284.957 61.695 -79.005
22000100000037 302296858624 112.527 8.5507 3.1229 13.4300 8.5516 3.1304 13.4282 133.080 279.805 -75.609
22000100000034 297088483328 111.875 9.3825 17.9354 22.7179 9.3833 17.9358 22.7107 -71.446 -347.767 -137.794
22000100000039 291200729088 111.132 17.8648 13.1186 10.2674 17.8648 13.1192 10.2695 0.294 -6.714 25.730
22000100000035 288073973760 110.734 14.7873 13.9079 24.4419 14.7817 13.9142 24.4403 -176.838 4.416 41.088
22000100000042 287921471488 110.714 3.3932 6.5853 14.4200 3.3961 6.5814 14.4133 96.362 118.797 121.057
22000100000041 281784582144 109.926 15.8271 14.6651 20.0038 15.8268 14.6609 20.0048 72.846 -140.463 -42.504
22000000000057 280335450112 109.737 6.9990 1.7140 13.7686 7.0159 1.7160 13.7514 466.738 -100.833 -206.045
22000100000026 269946994688 108.366 20.7022 19.2770 17.4827 20.6889 19.2899 17.4715 -10.081 -101.732 -72.492
22000100000049 267193286656 107.988 11.0188 18.1481 2.0203 11.0235 18.1488 2.0199 247.303 -154.756 -40.194
22000100000050 261650464768 107.239 23.1037 20.5320 19.0361 23.1059 20.5412 19.0442 95.064 18.699 -14.737
22000100000040 256949469184 106.592 17.1988 0.8580 18.5651 17.1904 0.8564 18.5825 168.754 -136.772 32.178
22000100000044 256432422912 106.525 2.4836 16.4549 7.9092 2.4834 16.4582 7.9207 -232.947 -88.173 -83.752
22000100000047 255863586816 106.447 14.5660 13.3851 0.5927 14.5701 13.3794 0.5928 549.416 261.293 -180.186
22000100000043 253396811776 106.101 10.0307 9.5561 13.2406 10.0301 9.5619 13.2368 56.801 4.027 10.987
22000100000051 252158705664 105.930 17.5612 0.2269 5.4669 17.5543 0.2303 5.4513 5.568 -43.187 -8.054
22000100000052 249963266048 105.621 12.4225 1.2284 15.5637 12.4239 1.2306 15.5633 141.529 79.889 598.880
22000100000045 243899138048 104.759 7.2061 22.1043 12.8614 7.2107 22.1045 12.8581 274.927 65.649 47.961
22000100000059 241157455872 104.362 6.5980 21.4879 18.6276 6.5945 21.4924 18.6332 17.405 -141.939 117.812
22000100000055 239827402752 104.171 12.8495 10.9365 12.0477 12.8439 10.9366 12.0471 45.835 -16.606 51.425
22000100000054 238069809152 103.917 18.5585 21.5874 15.6870 18.5526 21.5810 15.6769 62.286 -87.120 -95.399
22000100000057 235889491968 103.596 8.3503 19.8348 21.2012 8.3434 19.8262 21.1936 -30.157 -3.118 36.107
22000100000060 235836178432 103.591 18.3528 18.7979 13.8521 18.3585 18.7990 13.8482 -25.054 23.963 -73.667
22000100000053 231391674368 102.935 10.1305 17.9337 21.7010 10.1205 17.9348 21.7081 -55.572 200.148 -163.106
22000100000063 230105530368 102.742 16.2006 11.4772 9.7988 16.2020 11.4807 9.7960 -67.475 29.985 165.092
22000100000033 228755849216 102.543 15.0915 13.5123 11.3156 15.0987 13.5233 11.3149 102.805 24.556 9.511
22000100000068 227514187776 102.354 8.0193 14.9746 13.0827 8.0214 14.9905 13.0844 27.514 3.971 -10.737
22000100000062 223179276288 101.704 8.9770 13.3716 14.3646 8.9647 13.3782 14.3591 9.351 7.068 -29.435
22000100000056 222280466432 101.564 15.4232 10.3815 9.6174 15.4143 10.3671 9.6236 -124.715 56.615 -27.153
22000100000012 217055248384 100.767 6.3055 19.9184 19.4523 6.3109 19.9089 19.4511 113.975 1.000 -79.289
22000100000048 215030267904 100.450 13.7252 9.3720 8.6895 13.7234 9.3601 8.6954 -0.909 -1.019 -28.243
22000000000067 212683309056 100.082 6.6874 1.0483 14.0870 6.6748 1.0193 14.0376 445.402 97.660 -196.310
22000100000058 209524195328 99.587 10.1387 3.5504 12.8005 10.1333 3.5504 12.7989 -37.491 -206.833 5.828
22000200000003 209229922304 99.538 0.3657 6.9277 13.8418 0.3684 6.9255 13.8377 -24.466 100.004 44.310
22000100000046 199862255616 98.033 22.1666 16.4787 12.9117 22.1863 16.4916 12.9021 74.921 -24.390 140.254
22000200000009 194556559360 97.158 7.1501 13.5253 13.7134 7.1520 13.5184 13.7198 -1.337 25.673 -5.534
22000100000061 193471217664 96.975 15.0914 8.0876 2.0103 15.0965 8.0911 2.0111 -13.798 9.629 -76.979
22000200000012 187112194048 95.901 15.2920 15.7652 19.5242 15.2913 15.7626 19.5237 -136.608 -5.485 185.362
22000200000014 185428672512 95.613 14.9134 11.5761 6.4204 14.9151 11.5731 6.4204 0.917 -59.046 56.474
22000200000007 183850549248 95.340 16.4295 16.5701 10.2311 16.4217 16.5652 10.2428 -10.696 102.426 153.340
22000200000005 183381983232 95.258 11.1411 17.6533 20.7069 11.1402 17.6504 20.7119 -89.270 -54.246 -18.099
22000200000025 181848276992 94.995 7.9646 21.0540 22.3995 7.9819 21.0473 22.4000 -50.086 -122.407 42.626
22000200000011 180421099520 94.742 13.4628 7.2193 3.4435 13.4644 7.2192 3.4298 291.344 32.800 -19.916
22000200000008 179069550592 94.508 8.5667 19.1484 18.8483 8.5557 19.1542 18.8642 -72.621 20.156 -63.100
22000100000066 177950490624 94.306 1.0971 22.1740 17.7514 1.0925 22.1798 17.7586 2.811 -33.388 0.878
22000200000006 176304013312 94.014 23.8107 15.8890 2.5231 23.8121 15.8849 2.5129 -74.470 169.256 -72.598
22000200000021 174574600192 93.705 17.0949 19.3687 14.2451 17.0972 19.3714 14.2486 -27.531 2.310 11.518
22000200000023 173492387840 93.512 4.4555 18.2176 1.6552 4.4559 18.2152 1.6481 54.219 11.511 6.270
22000200000013 166207995904 92.187 11.7483 5.9756 12.6073 11.7566 5.9664 12.6041 89.489 58.585 40.260
22000200000015 164036968448 91.784 3.7336 13.8326 11.3632 3.7367 13.8405 11.3604 -69.740 46.609 7.506
22000200000010 163114909696 91.611 0.2817 13.6842 9.2213 0.2683 13.6847 9.2307 11.091 39.405 -20.027
22000200000024 162305769472 91.456 18.0815 18.9365 12.0737 18.0879 18.9332 12.0615 8.662 14.099 -29.454
22000200000035 158224039936 90.686 11.3254 16.9284 21.9365 11.3247 16.9267 21.9409 11.174 20.199 0.202
22000200000017 157610262528 90.566 11.8330 20.4551 13.7057 11.8459 20.4511 13.7077 11.662 -39.915 30.685
22000200000022 156266414080 90.312 8.5440 12.9807 4.2937 8.5605 12.9882 4.3096 -55.926 -23.625 58.238
22000200000043 155477721088 90.156 13.8887 9.9642 8.3936 13.8931 9.9612 8.3908 -45.418 -14.481 -81.781
22000100000067 155407712256 90.144 10.1135 14.3249 5.8334 10.1307 14.3333 5.8562 -73.132 -8.239 107.139
22000200000046 155053899776 90.078 3.1223 11.8445 11.6462 3.1306 11.8483 11.6437 -16.935 27.534 -10.563
22000200000026 154776649728 90.024 18.6556 11.3091 19.1869 18.6591 11.3067 19.1870 75.139 27.846 83.891
22000200000044 154739539968 90.014 23.2117 18.5198 18.9492 23.2185 18.5157 18.9463 84.281 69.268 3.481
22000200000033 154380075008 89.948 17.0807 23.5357 17.4992 17.0861 23.5324 17.4973 30.964 45.560 -8.307
22000200000036 154054295552 89.883 23.0451 2.1968 15.3925 23.0483 2.1944 15.3991 45.177 -45.870 -33.164
22000200000038 153598181376 89.790 2.1561 18.6102 4.5714 2.1579 18.6101 4.5761 19.469 -7.732 -9.977
22000200000030 150960406528 89.279 15.5896 11.2151 4.0208 15.6092 11.2096 4.0053 -179.095 -398.290 -200.512
22000200000040 150018064384 89.091 5.2678 22.4294 12.0901 5.2709 22.4324 12.0892 35.352 27.223 -62.630
22000200000050 147846414336 88.660 9.9980 19.1339 22.7708 9.9978 19.1337 22.7711 13.739 -15.456 26.238
22000200000028 147364003840 88.559 8.8033 17.8000 7.4224 8.7936 17.8150 7.4311 151.701 -2.247 47.854
22000200000045 146541740032 88.396 15.5147 15.3309 9.0616 15.5129 15.3333 9.0636 -12.330 -4.714 0.695
22000200000031 146489884672 88.387 10.6716 16.5438 2.9191 10.6619 16.5402 2.9214 -25.424 22.104 56.684
22000200000049 145266311168 88.138 17.8793 3.5228 20.0341 17.8780 3.5212 20.0316 6.021 45.333 -25.756
22000200000055 143875899392 87.858 17.6095 17.8188 13.2227 17.6099 17.8200 13.2214 -3.785 6.285 3.600
22000200000039 143040446464 87.688 7.5018 1.0761 13.5239 7.5111 1.0594 13.5144 -14.746 -187.460 179.463
22000200000051 141932511232 87.462 1.6250 9.9915 7.8720 1.6260 9.9935 7.8765 -65.309 -44.799 17.422
22000200000016 141362823168 87.340 15.2955 15.9642 12.4446 15.2882 15.9602 12.4600 -9.569 -7.649 1.881
22000200000020 140594954240 87.182 4.3953 21.4947 14.5753 4.4019 21.4871 14.5683 -30.880 -23.378 -21.893
22000200000027 140270436352 87.120 12.8827 6.7661 4.0441 12.8796 6.7665 4.0464 -5.532 -17.115 14.395
22000200000002 138461331456 86.741 17.5478 24.2725 18.3862 17.5415 24.2729 18.3757 49.936 23.270 -162.127
22000200000042 137347358720 86.505 21.4413 9.8155 16.1281 21.4403 9.8111 16.1415 18.364 -89.217 -32.379
22000200000053 130606161920 85.071 24.4799 18.1551 2.0582 24.4794 18.1556 2.0601 -12.725 -33.733 14.911
22000200000059 130578374656 85.065 4.2623 23.1367 16.5593 4.2663 23.1325 16.5598 -26.869 13.680 69.115
22000200000067 130349973504 85.013 11.0443 10.6397 10.8184 11.0442 10.6362 10.8203 -15.116 -26.306 11.488
22000200000062 129530740736 84.833 14.2365 1.6586 10.5166 14.2376 1.6626 10.5190 -20.550 6.980 5.115
22000200000054 129432133632 84.815 7.0708 12.3547 23.3446 7.0729 12.3478 23.3201 -194.913 66.967 -23.520
22000200000037 128638885888 84.639 18.7084 12.1298 19.2632 18.7082 12.1345 19.2751 10.227 -64.810 19.303
22000100000064 127514189824 84.392 9.5703 13.5506 6.6615 9.5771 13.5742 6.6377 208.639 -323.030 -264.325
22000200000029 127475572736 84.386 0.0110 22.6858 20.2815 0.0136 22.6892 20.2885 -3.262 -18.479 -43.291
22000200000048 124184018944 83.651 12.4658 15.2864 21.1754 12.4636 15.2831 21.1695 35.016 -139.457 55.559
22000200000060 123255005184 83.439 1.3063 11.2178 21.3977 1.3085 11.2189 21.4015 -32.891 -44.833 28.292
22000200000063 120730320896 82.870 1.9828 22.4998 16.4410 1.9812 22.4984 16.4407 -4.568 15.109 -0.057
22000200000056 119525376000 82.589 5.1623 23.4308 11.2174 5.1609 23.4338 11.2214 11.593 15.734 29.027
22000300000010 116798652416 81.957 21.8532 20.2118 18.3000 21.8509 20.2020 18.2996 71.621 16.419 -48.190
22000200000047 116374650880 81.859 20.9835 6.8328 13.6169 20.9881 6.8107 13.6114 -97.740 -23.143 240.237
22000300000003 115353223168 81.622 16.8013 1.1915 22.6147 16.7951 1.2029 22.6104 -168.003 -7.093 92.171
22000200000065 113420427264 81.158 3.1754 22.7733 16.2749 3.1741 22.7745 16.2734 3.687 14.442 -4.852
22000300000017 111898165248 80.794 3.3247 21.1011 18.9029 3.3260 21.0986 18.8970 52.344 27.505 17.343
22000200000018 111621685248 80.728 17.4207 23.1154 17.3484 17.4201 23.1133 17.3476 -65.030 -61.235 113.824
22000200000057 111151587328 80.617 4.5816 9.2564 7.2814 4.5844 9.2651 7.2856 -136.716 100.501 -134.559
22000300000011 110499045376 80.457 14.3913 20.7823 15.4818 14.3913 20.7844 15.4846 77.282 103.451 12.475
22000300000014 110315364352 80.413 16.8095 23.8903 7.4848 16.8122 23.8890 7.4890 128.995 131.601 39.283
22000200000052 110197342208 80.383 16.9265 12.7037 10.0101 16.9268 12.7024 10.0108 97.535 -48.929 5.601
22000200000034 110021222400 80.341 23.5678 23.0699 18.1588 23.5668 23.0706 18.1603 -15.925 -5.867 0.232
22000300000037 109015531520 80.099 8.2616 18.2442 4.0471 8.2667 18.2497 4.0442 60.867 -35.378 2.400
22000200000064 108826206208 80.052 14.9279 2.7609 11.4964 14.9134 2.7560 11.4851 30.790 86.446 -40.678
22000300000009 108298027008 79.920 6.7586 19.7960 11.1132 6.7639 19.7933 11.1148 11.011 32.490 57.611
22000300000001 107962818560 79.838 1.8626 13.4816 13.5353 1.8604 13.4784 13.5356 -7.580 5.745 -12.357
22000200000061 107463524352 79.714 4.9590 11.8307 23.1564 4.9563 11.8334 23.1558 -84.906 -29.026 1.752
22000300000015 107170537472 79.642 10.7907 5.3521 7.8891 10.7947 5.3548 7.8872 0.122 -2.468 17.766
22000300000036 107044773888 79.611 12.4169 17.0638 7.5395 12.4149 17.0649 7.5397 10.883 3.418 18.785
22000300000019 106341752832 79.436 9.6780 20.7097 12.0178 9.6831 20.7114 12.0202 -90.134 101.959 -36.242
22000300000030 105434791936 79.209 5.9504 22.2465 8.8928 5.9531 22.2458 8.8868 -43.726 74.444 -18.561
22000300000047 104330502144 78.935 16.2593 8.7676 14.4716 16.2680 8.7642 14.4596 27.459 92.788 -70.107
22000300000002 103913824256 78.829 24.8427 17.0812 24.0929 24.8470 17.0790 24.0936 -17.344 -136.003 -87.521
22000100000065 101851193344 78.302 0.9491 22.7688 13.6728 0.9633 22.7885 13.6813 -191.581 110.886 0.187
22000200000058 101399117824 78.189 6.8787 10.6145 8.8857 6.8744 10.6114 8.8849 -18.685 0.970 -69.518
22000300000018 100961533952 78.074 15.2552 11.9820 0.2844 15.2568 11.9813 0.2854 -156.767 7.824 117.803
22000200000068 100403568640 77.928 14.3399 11.2480 7.5558 14.3472 11.2470 7.5524 20.057 -23.586 -31.706
22000300000035 99793166336 77.773 17.3562 23.4753 3.5136 17.3532 23.4573 3.5220 -105.413 -23.482 13.087
22000300000027 99360940032 77.657 14.2337 24.7301 22.0606 14.2230 24.7255 22.0581 17.659 25.565 -53.641
22000300000031 98604498944 77.462 24.9253 16.8831 1.0984 24.9234 16.8803 1.0960 -84.270 -31.865 34.779
22000300000012 97897144320 77.273 2.5453 14.1128 13.2205 2.5465 14.1191 13.2195 -76.722 -22.179 -70.424
22000300000026 97113538560 77.067 19.2920 11.7363 18.2551 19.2857 11.7375 18.2483 -77.244 -23.011 29.397
22000200000032 97053671424 77.051 10.8991 18.5402 4.1437 10.8968 18.5607 4.1252 -21.950 -51.600 -38.348
22000300000021 96902496256 77.012 16.2331 10.5757 24.0477 16.2387 10.5782 24.0511 -89.568 122.468 137.577
22000300000000 96373964800 76.872 6.0721 21.8742 18.3354 6.0679 21.8496 18.3338 102.599 -77.158 20.823
22000300000008 95959990272 76.761 11.3949 7.8641 5.0983 11.3881 7.8725 5.0930 -10.908 -19.064 -27.840
22000300000048 93813227520 76.185 5.7374 12.5461 14.8730 5.7243 12.5498 14.8780 -35.827 -66.864 1.900
22000300000066 93048627200 75.977 15.5389 4.7037 1.0826 15.5376 4.6998 1.0853 29.327 -14.039 -23.435
22000300000040 93044260864 75.976 15.5419 1.9996 12.5518 15.5435 1.9954 12.5546 59.815 -47.976 -12.914
22000400000012 92295569408 75.772 0.3654 17.3951 4.8857 0.3666 17.3959 4.8765 -143.812 -275.908 -30.557
22000400000011 91964129280 75.682 17.6378 0.9794 3.8697 17.6282 1.0002 3.8719 -17.819 53.533 31.617
22000300000045 91830738944 75.647 3.8103 12.3922 10.9947 3.8094 12.3897 10.9923 -38.089 -1.704 -39.444
22000300000065 91508195328 75.558 23.0849 23.4110 17.0627 23.0849 23.4106 17.0596 4.408 -2.205 23.558
22000300000005 90512588800 75.280 13.0493 10.9036 13.8508 13.0461 10.8996 13.8666 6.397 93.037 31.887
22000300000044 89678004224 75.047 11.5441 18.4129 18.8924 11.5445 18.4114 18.8926 40.206 86.912 66.032
22000300000062 89540370432 75.013 17.1264 8.4615 8.2438 17.1417 8.4475 8.2326 75.431 27.043 40.228
22000400000008 89429778432 74.978 12.4672 8.5320 8.4159 12.4661 8.5377 8.4176 -15.594 2.242 -12.887
22000300000041 89111625728 74.893 2.6346 12.5594 22.3416 2.6466 12.5607 22.3322 -23.486 -93.283 -21.128
22000300000051 88412291072 74.694 0.2921 6.6175 14.7248 0.2941 6.6136 14.7239 8.582 -1.139 -88.866
22000300000033 87813103616 74.523 15.4295 8.2157 1.2214 15.4254 8.2132 1.2182 -10.557 9.992 21.351
22000300000067 86872489984 74.258 9.1834 3.4592 4.1966 9.1765 3.4618 4.2097 -54.845 63.054 -74.893
22000300000056 86621200384 74.188 19.5336 12.6883 21.4886 19.5346 12.6907 21.4918 17.267 -18.279 13.749
22000300000057 86171508736 74.059 21.5469 8.9282 15.9423 21.5458 8.9327 15.9422 40.154 -62.993 100.372
22000300000024 85901910016 73.983 15.4667 2.8396 23.1971 15.4746 2.8371 23.1829 -103.420 59.092 21.878
22000400000004 85599453184 73.895 11.1979 1.6466 14.9824 11.1989 1.6462 14.9825 11.313 -16.160 10.126
22000400000013 84808998912 73.668 15.6986 9.8704 10.4026 15.7015 9.8755 10.4055 14.584 0.130 -8.144
22000300000046 84728406016 73.643 6.9623 10.2045 7.4467 6.9618 10.2047 7.4440 -11.200 4.534 -0.990
22000400000010 84587700224 73.602 1.4253 3.5005 19.7652 1.4255 3.5061 19.7635 -22.099 -14.745 -1.741
22000300000064 84582809600 73.600 2.7681 20.9836 22.7668 2.7686 20.9852 22.7699 50.334 51.931 -3.815
22000400000000 84015849472 73.433 11.3940 19.8955 9.0833 11.3955 19.8959 9.0804 0.447 -23.091 -1.707
22000300000038 84013916160 73.437 17.6290 1.4654 18.3648 17.6288 1.4664 18.3645 -12.617 -5.010 -95.692
22000300000043 83891888128 73.397 17.0468 1.0255 17.9575 17.0464 1.0245 17.9543 -11.998 9.906 -7.860
22000400000001 83822624768 73.380 7.8509 4.2146 10.4279 7.8483 4.2102 10.4303 -12.741 -1.920 -30.237
22000300000029 83677667328 73.337 20.9584 16.6445 12.9482 20.9472 16.6275 12.9457 86.185 -15.520 31.407
22000300000059 82584821760 73.017 10.1412 2.2598 14.1014 10.1389 2.2585 14.1009 2.829 61.925 -27.729
22000300000058 82322227200 72.938 15.3107 12.5618 8.4831 15.3147 12.5579 8.4847 13.931 22.894 16.292
22000300000039 82006073344 72.844 23.9385 20.6238 18.0334 23.9339 20.6200 18.0363 -1.018 12.601 -4.292
22000400000009 81847435264 72.800 14.7454 1.3293 10.3403 14.7453 1.3310 10.3413 -11.575 7.293 -25.442
22000400000016 81416486912 72.668 5.1137 11.6620 10.4625 5.1137 11.6632 10.4613 35.425 -0.385 37.348
22000300000022 80973037568 72.539 20.3858 12.1397 12.6824 20.3774 12.1407 12.6879 -5.211 35.654 -12.471
22000300000055 80551624704 72.411 14.4937 2.3394 11.3251 14.5114 2.3379 11.3286 44.936 162.178 -57.683
22000300000016 80544432128 72.407 10.8083 19.1121 22.2318 10.8121 19.1117 22.2192 30.834 -44.093 -26.620
22000400000037 80262135808 72.326 1.9322 20.5569 6.5426 1.9326 20.5603 6.5394 17.767 30.154 10.692
22000400000024 80241451008 72.317 13.8966 22.4153 17.5231 13.9054 22.4074 17.5378 -172.749 -43.110 93.886
22000400000005 79682052096 72.152 22.9261 7.5360 22.9056 22.9222 7.5410 22.9068 -11.833 -9.020 -2.912
22000300000013 79418343424 72.068 19.0801 19.8991 14.8577 19.0848 19.8955 14.8599 6.029 16.188 9.984
22000300000050 79198896128 72.005 16.1402 8.2938 24.8901 16.1400 8.2946 24.8889 -10.553 3.854 15.617
22000400000020 79025659904 71.952 16.8062 21.4944 13.3397 16.8089 21.4883 13.3386 10.818 10.176 4.819
22000400000015 78926077952 71.920 2.7145 23.7493 11.4813 2.7107 23.7486 11.4835 -27.931 -24.878 -18.501
22000400000026 78752800768 71.869 7.9010 17.4623 9.0927 7.9004 17.4628 9.0944 -26.419 6.297 -38.365
22000300000060 78093254656 71.665 6.2693 11.8075 9.7641 6.2691 11.8034 9.7598 -8.750 -7.032 20.319
22000300000054 77565100032 71.505 16.6164 0.7850 4.4414 16.6227 0.7838 4.4399 13.024 3.019 27.515
22000300000034 76726075392 71.246 20.1215 21.7890 15.1545 20.1299 21.8027 15.1692 -229.933 -54.726 182.014
22000300000053 76721102848 71.245 9.0179 16.6320 15.0681 9.0203 16.6352 15.0696 94.294 -54.825 25.431
22000300000042 76588744704 71.203 24.2249 6.8370 16.8312 24.2253 6.8340 16.8330 -48.369 7.398 28.848
22000200000000 76239011840 71.097 4.1595 21.6945 6.2179 4.2127 21.7270 6.2585 282.338 -272.772 -191.007
22000300000025 76062834688 71.039 1.5672 3.0283 19.6345 1.5682 3.0436 19.6303 28.363 14.226 22.870
22000400000018 75896864768 70.991 14.6040 9.7089 9.5761 14.6101 9.7071 9.5843 44.343 45.132 -7.021
22000400000027 75211980800 70.777 17.4353 1.3548 18.0070 17.4321 1.3618 18.0060 -30.924 -13.225 -49.558
22000400000006 74691887104 70.612 20.2393 16.6803 12.9476 20.2346 16.6795 12.9480 -6.343 14.460 2.606
22000400000014 74540924928 70.564 6.9757 15.7815 9.9681 6.9792 15.7710 9.9703 12.222 -19.569 11.820
22000400000034 74374094848 70.512 15.2738 2.4507 24.8474 15.2815 2.4500 24.8485 17.754 -2.712 -14.320
22000400000028 74320207872 70.492 18.7305 16.4934 12.3708 18.7282 16.4977 12.3623 -18.944 -8.359 4.275
22000300000020 74227662848 70.462 12.6752 10.1666 13.4600 12.6732 10.1508 13.4445 -21.559 11.229 -24.031
22000400000032 73633882112 70.274 1.2560 1.6872 19.3045 1.2514 1.6870 19.3047 -23.625 2.174 1.206
22000400000041 73549864960 70.247 19.6889 23.7915 0.4529 19.6920 23.7915 0.4563 -5.637 4.550 -0.473
22000300000004 72856600576 70.029 24.2679 21.1352 24.9832 24.2650 21.1379 24.9851 -102.505 -44.115 -43.693
22000400000055 72408702976 69.883 19.3782 12.7164 18.1498 19.3791 12.7113 18.1490 20.415 -6.152 -12.233
22000400000040 71963238400 69.742 15.0430 22.3611 5.5151 15.0455 22.3649 5.5153 -65.914 54.259 27.130
22000300000032 71841177600 69.700 8.5123 16.4859 11.2105 8.5116 16.4841 11.2147 23.290 20.992 -35.729
22000300000006 71483457536 69.584 3.1552 19.1396 4.8104 3.1581 19.1407 4.7956 -29.135 16.712 8.505
22000400000031 71152689152 69.477 18.8644 16.6194 18.5225 18.8648 16.6272 18.5287 75.113 -4.892 -21.252
22000300000068 70447767552 69.247 9.0406 20.0330 21.9545 9.0344 20.0376 21.9572 -44.791 -3.475 -35.237
22000400000033 69956878336 69.086 16.3474 9.0030 14.9402 16.3489 9.0063 14.9405 11.866 12.340 -15.867
22000400000048 69889253376 69.063 21.1648 11.2931 16.5810 21.1611 11.2905 16.5809 -4.783 7.108 41.678
22000400000052 69703475200 69.003 0.0022 14.7522 12.9969 0.0108 14.7533 12.9828 -130.035 -39.181 -96.200
22000300000061 69639274496 68.983 5.8122 23.6938 13.2327 5.7814 23.7214 13.2416 -376.790 -381.583 -231.553
22000400000050 69563351040 68.956 16.9228 0.9016 24.0257 16.9212 0.8969 24.0285 63.557 -36.493 -58.692
22000400000035 69399068672 68.901 10.2593 14.9289 5.5709 10.2569 14.9283 5.5721 2.939 -19.880 -7.797
22000400000067 69237334016 68.847 3.4598 22.8390 12.1892 3.4602 22.8410 12.1875 9.833 14.063 -4.823
22000300000052 69217984512 68.844 18.2631 21.8458 15.9264 18.2494 21.8314 15.9287 -72.399 79.087 21.609
22000400000044 69039316992 68.781 21.1239 9.7144 15.3967 21.1261 9.7192 15.4006 16.010 11.249 -3.232
22000200000066 68836704256 68.717 24.6943 13.5894 9.1920 24.6939 13.5934 9.2036 43.309 21.220 4.549
22000400000062 68732903424 68.679 18.0758 18.3678 12.3544 18.0705 18.3658 12.3527 8.455 25.301 -22.396
22000400000065 68531519488 68.613 1.1846 4.2092 19.7900 1.1852 4.2127 19.7899 9.765 -1.846 21.765
22000400000049 68401807360 68.570 13.3028 23.5604 9.6016 13.3099 23.5595 9.6004 7.178 -54.645 15.508
22000200000019 68027183104 68.446 7.4493 12.6878 6.5302 7.4551 12.7159 6.5126 55.746 50.289 106.590
22000400000051 67693555712 68.334 18.5066 5.9382 17.0549 18.5004 5.9394 17.0542 31.737 107.058 0.137
22000400000042 67338305536 68.213 0.0471 17.7621 3.7869 0.0486 17.7620 3.7870 7.027 -32.649 -6.614
22000400000038 67081977856 68.129 20.7671 23.3804 18.9495 20.7637 23.3780 18.9528 11.161 -5.123 19.575
22000400000029 66967945216 68.090 1.4145 14.1308 11.9569 1.4275 14.1304 11.9573 -10.394 64.100 23.372
22000400000036 66425622528 67.903 0.8429 13.5818 9.4872 0.8455 13.5843 9.4887 -18.755 -33.615 45.896
22000400000058 66186719232 67.824 12.1548 20.4807 9.3784 12.1534 20.4765 9.3767 -14.269 42.016 -75.384
22000500000003 66101452800 67.794 0.3841 14.4727 12.5283 0.3854 14.4817 12.5223 -54.604 -37.748 -27.009
22000500000010 66066432000 67.781 12.8621 13.0641 16.1056 12.8654 13.0645 16.1018 -13.168 18.763 1.338
22000400000046 65768009728 67.681 5.0714 24.3163 3.2428 5.0692 24.3267 3.2339 -45.537 42.382 67.701
22000500000021 65621876736 67.630 15.1499 8.3866 10.4210 15.1537 8.3823 10.4209 91.927 12.328 -113.322
22000500000005 65601433600 67.622 21.7471 22.6217 15.8645 21.7480 22.6221 15.8616 -6.141 0.326 1.702
22000400000057 65546342400 67.605 6.0521 14.3162 10.6514 6.0513 14.3161 10.6533 4.648 -18.513 -24.276
22000500000015 65244655616 67.498 10.2045 18.1261 24.9757 10.2066 18.1267 24.9789 7.744 -10.530 6.343
22000500000002 64962441216 67.403 8.6415 17.9234 7.8629 8.6438 17.9240 7.8613 -44.545 -10.522 -30.459
22000500000004 64091516928 67.099 11.5721 11.1522 14.7999 11.5685 11.1512 14.8033 -1.233 60.849 -19.612
22000300000023 64091148288 67.099 15.8349 24.4478 8.4160 15.8396 24.4542 8.3909 239.033 1.605 32.387
22000500000006 63854075904 67.017 21.7657 7.4379 15.8579 21.7642 7.4394 15.8578 -6.613 0.557 -6.654
22000500000012 63823769600 67.003 17.1147 8.9500 3.7790 17.1120 8.9496 3.7754 -5.614 -0.409 -7.716
22000400000017 63347589120 66.837 24.8560 17.9280 3.1387 24.8548 17.9202 3.1415 8.470 41.473 -45.612
22000200000001 62768353280 66.636 12.5502 6.2956 10.8558 12.5569 6.2936 10.8481 -20.426 60.071 -3.145
22000500000007 62454497280 66.525 7.4460 12.6273 7.3135 7.4424 12.6259 7.3218 8.311 34.941 17.579
22000400000003 62343598080 66.482 6.9223 0.5516 13.7826 6.9152 0.5386 13.7722 129.285 -112.196 54.071
22000500000038 61361737728 66.132 20.4674 14.2523 20.5121 20.4676 14.2490 20.5044 -10.154 107.118 -32.710
22000500000009 61248851968 66.093 0.4992 22.4138 18.0050 0.5003 22.4114 18.0045 -1.458 0.134 15.754
22000400000053 61103878144 66.040 21.6222 6.5500 14.0043 21.6097 6.5532 14.0065 13.364 -54.119 96.621
22000400000059 61094694912 66.038 21.3071 22.5005 15.8666 21.3055 22.4984 15.8688 18.297 7.582 -16.778
22000400000056 60834054144 65.940 12.5068 16.4054 17.2967 12.5071 16.4099 17.2914 39.812 0.387 -24.559
22000500000001 60370411520 65.774 16.4609 5.3968 22.7793 16.4635 5.3999 22.7811 -26.809 -2.014 -8.579
22000500000029 60062752768 65.663 2.0265 24.0681 21.4160 2.0270 24.0694 21.4143 6.773 7.633 -1.666
22000500000000 59679379456 65.524 16.5886 8.9598 13.5056 16.5908 8.9586 13.4981 -11.341 -5.467 6.288
22000400000060 59349823488 65.401 2.1876 22.2625 17.6497 2.1903 22.2675 17.6426 -8.568 7.291 -5.473
22000400000023 59174371328 65.336 23.3104 13.3580 9.8342 23.3028 13.3562 9.8437 2.206 -46.623 18.893
22000500000034 58751946752 65.184 0.0308 13.8839 8.7048 0.0338 13.8849 8.7009 -13.601 1.533 -5.442
22000500000043 58064850944 64.928 3.2752 1.0700 7.1457 3.2757 1.0701 7.1450 -13.447 -11.738 23.207
22000400000043 57628307456 64.765 7.5049 0.0541 11.6788 7.5169 0.0518 11.6783 -6.065 -27.738 -18.230
22000500000018 57566846976 64.741 3.5238 18.9201 4.3058 3.5202 18.9146 4.3088 7.856 3.682 -25.991
22000400000045 57527332864 64.726 10.9080 17.7994 3.0294 10.9075 17.7987 3.0267 -9.933 -5.317 -21.490
22000600000002 57449074688 64.696 23.6383 19.7110 18.4513 23.6387 19.7118 18.4498 8.818 9.752 6.169
22000500000008 57018937344 64.532 18.9935 9.6086 22.8441 18.9927 9.6069 22.8402 5.342 0.503 -10.316
22000500000022 56932712448 64.500 14.6523 8.3784 1.6900 14.6496 8.3792 1.6905 4.036 -19.840 13.726
22000500000050 56723345408 64.421 15.8590 22.0943 16.3890 15.8618 22.0932 16.3921 -13.282 -38.338 -14.415
22000500000013 56234627072 64.235 19.5020 7.0848 13.0724 19.4960 7.0818 13.0738 1.346 27.321 29.275
22000500000060 55885578240 64.103 23.8249 1.0567 14.6567 23.8222 1.0581 14.6582 0.103 -11.128 15.028
22000400000007 55874846720 64.101 0.6746 22.9388 14.0551 0.6760 22.9335 14.0550 16.760 18.186 -16.888
22000500000063 55790182400 64.065 21.6550 15.0657 20.5986 21.6557 15.0633 20.6011 8.331 15.186 -13.329
22000500000016 55314817024 63.884 24.1698 18.4098 19.1933 24.1676 18.4158 19.1935 -7.719 -26.307 -11.678
22000500000051 55130812416 63.812 8.8329 23.5750 9.0208 8.8328 23.5718 9.0174 20.721 -2.573 -6.171
22000300000007 55020810240 63.774 3.4963 0.5329 14.8364 3.5050 0.5307 14.8124 129.451 127.372 49.856
22000300000063 54698725376 63.647 13.3914 0.4721 9.1695 13.3944 0.4517 9.1756 37.192 57.361 39.945
22000600000011 54565130240 63.594 12.1500 17.1051 0.9374 12.1488 17.1063 0.9363 0.183 4.844 16.266
22000600000001 54076280832 63.405 3.7959 22.4602 16.4217 3.7934 22.4660 16.4215 1.664 6.592 -37.726
22000600000017 54071644160 63.401 23.9987 13.3619 9.7008 23.9988 13.3596 9.7030 -5.076 0.538 15.234
22000500000032 53599006720 63.219 1.4514 13.4244 9.9440 1.4488 13.4243 9.9496 -55.319 39.497 -16.961
22000500000025 53331226624 63.110 10.8478 19.1289 5.1104 10.8511 19.1314 5.1117 40.817 -0.750 94.504
22000600000015 53316849664 63.105 16.8680 9.3488 16.1579 16.8676 9.3484 16.1593 1.285 -22.699 -3.626
22000600000004 53214195712 63.065 2.8033 22.6554 12.9518 2.8050 22.6586 12.9501 -59.249 7.946 -56.414
22000500000031 53146591232 63.039 24.0134 21.6801 22.9109 24.0203 21.6757 22.9146 -10.808 -64.257 -34.621
22000500000037 52980092928 62.972 9.9942 9.1040 13.5291 9.9937 9.1032 13.5316 -15.083 10.490 -12.940
22000600000005 52934672384 62.956 13.5008 17.3158 18.4442 13.5024 17.3126 18.4408 -8.370 10.101 -3.015
22000600000035 52812509184 62.906 23.5822 12.2252 9.0608 23.5819 12.2245 9.0599 -2.360 5.148 11.588
22000600000016 52637175808 62.835 16.8235 20.4792 9.6366 16.8256 20.4783 9.6346 -15.476 34.838 9.017
22000500000059 52544720896 62.802 7.7548 12.9611 15.4492 7.7630 12.9681 15.4535 169.952 -62.391 -239.990
22000600000006 52394700800 62.739 24.5765 17.3945 5.4338 24.5738 17.3938 5.4384 14.417 -5.379 1.082
22000600000000 52291264512 62.698 18.4284 5.5987 19.2976 18.4332 5.6009 19.2976 -9.866 16.866 -7.556
22000500000057 52072873984 62.611 9.7316 8.3660 9.2638 9.7371 8.3620 9.2647 40.123 43.019 -0.375
22000600000036 51905859584 62.545 6.7335 14.9229 12.6243 6.7334 14.9243 12.6214 19.360 -10.855 -11.012
22000500000047 51825205248 62.514 23.7849 15.1861 13.5789 23.7839 15.1767 13.5806 -35.204 -0.639 31.670
22000600000003 51691757568 62.459 13.1157 11.3171 13.0537 13.1064 11.3121 13.0522 -23.872 44.821 -68.987
22000600000028 51681435648 62.452 2.9987 0.4772 21.7854 2.9981 0.4783 21.7839 2.941 -9.170 -3.555
22000600000031 51561517056 62.406 16.9455 8.7657 22.6451 16.9422 8.7648 22.6421 14.290 7.271 13.668
22000600000019 50722086912 62.064 5.9400 17.5775 23.5721 5.9313 17.5804 23.5725 40.016 150.176 127.698
22000500000044 50614550528 62.020 8.4858 1.7036 13.8287 8.4825 1.7101 13.8353 5.558 -16.878 -7.523
22000400000061 50574053376 62.005 11.1807 17.9710 20.2405 11.1800 17.9748 20.2382 -130.100 -58.519 -140.205
22000500000062 50487963648 61.968 0.3504 7.0169 14.9686 0.3461 7.0153 14.9701 8.147 -46.706 -5.595
22000500000026 50443468800 61.952 0.8895 22.5351 17.8258 0.8890 22.5343 17.8290 27.049 34.772 33.172
22000600000012 50395578368 61.934 21.8490 15.9966 12.7973 21.8495 15.9964 12.7977 -17.835 -0.365 5.962
22000600000009 50219368448 61.860 23.0122 23.9558 18.1030 23.0143 23.9579 18.1030 6.374 -9.973 2.059
22000600000025 50142769152 61.826 14.9767 11.3395 19.5041 14.9761 11.3399 19.5045 19.179 -11.164 -8.045
22000600000010 50027278336 61.779 11.8253 6.5004 4.2552 11.8222 6.5005 4.2545 7.518 -16.524 -32.696
22000400000068 49942732800 61.747 17.6890 16.9009 24.3345 17.6979 16.9052 24.3395 -55.746 94.086 22.848
22000600000026 49646485504 61.624 11.0752 17.9432 19.8067 11.0736 17.9419 19.8082 -18.401 9.809 -16.768
22000600000013 48645627904 61.208 6.9677 18.1289 23.1869 6.9641 18.1255 23.1829 15.432 24.559 -15.896
22000500000023 48517152768 61.152 7.6488 12.2488 0.5432 7.6503 12.2501 0.5408 35.925 13.707 -22.842
22000500000020 48505774080 61.146 19.7523 0.8665 7.9156 19.7466 0.8616 7.9107 -8.276 34.668 -23.952
22000500000027 48415436800 61.112 4.2281 23.1061 11.9375 4.2228 23.1130 11.9345 31.575 55.069 50.832
22000600000056 48380555264 61.094 10.8291 20.8023 15.8425 10.8313 20.8004 15.8426 -11.861 12.860 15.303
22000400000021 48334954496 61.074 22.6506 11.0901 22.1143 22.6612 11.0858 22.1042 -4.871 29.218 -23.896
22000600000045 48179109888 61.012 19.0193 1.1823 18.1196 19.0198 1.1820 18.1183 -4.930 22.858 -24.317
22000500000056 47938912256 60.908 10.6739 20.2088 1.1125 10.6702 20.2093 1.1052 25.583 38.600 41.874
22000600000068 47673495552 60.797 20.7319 13.1352 21.6530 20.7328 13.1350 21.6515 0.788 -18.015 18.032
22000600000020 47480287232 60.715 7.3804 10.1909 13.2297 7.3794 10.1935 13.2364 37.484 4.959 30.710
22000500000028 47069687808 60.536 15.1950 24.8222 20.5012 15.2002 24.8251 20.4996 38.692 16.157 13.060
22000600000018 46841110528 60.440 7.0033 3.3741 9.4825 7.0045 3.3739 9.4827 -11.805 -4.060 -36.162
22000700000002 46382329856 60.243 6.8780 10.9830 9.1340 6.8828 10.9825 9.1326 -3.333 -32.632 51.076
22000700000012 46082052096 60.110 6.3172 15.1382 13.2256 6.3207 15.1380 13.2243 20.523 -26.456 -26.933
22000600000062 45879005184 60.022 7.9455 0.9466 11.4085 7.9450 0.9465 11.4085 -38.164 16.741 -10.009
22000500000041 45683740672 59.937 21.6846 0.0473 17.2060 21.6847 0.0468 17.2082 30.153 16.873 -13.764
22000600000065 45662162944 59.928 21.3010 17.2953 18.0570 21.3023 17.2995 18.0567 -4.586 10.816 -9.804
22000600000040 45401657344 59.815 18.2071 19.7197 14.7181 18.2032 19.7211 14.7170 -15.055 59.544 41.750
22000500000067 45085040640 59.675 12.8027 16.6255 0.3974 12.8049 16.6272 0.3976 -1.562 5.568 -20.275
22000700000022 44727062528 59.517 7.2460 5.1176 12.7144 7.2501 5.1175 12.7137 29.407 37.167 3.811
22000600000050 44552151040 59.440 11.8925 4.4128 8.1488 11.8957 4.4122 8.1499 69.551 2.826 -40.099
22000200000004 44314783744 59.332 9.2538 2.4165 13.6090 9.2587 2.4156 13.6119 -69.716 -92.266 43.188
22000700000011 44194717696 59.281 10.6925 17.9430 20.8564 10.6929 17.9449 20.8553 -17.904 47.938 7.850
22000700000017 44012503040 59.199 15.7008 20.6806 14.8339 15.6991 20.6794 14.8332 24.259 12.762 9.665
22000600000027 43550396416 58.989 3.8613 22.9402 11.9719 3.8519 22.9329 11.9674 34.172 -10.725 -2.435
22000500000053 43300941824 58.879 18.7999 12.2896 20.0231 18.7957 12.2870 20.0287 -1.605 20.751 24.402
22000600000060 43184431104 58.826 15.6138 20.9896 9.2387 15.6176 20.9870 9.2409 -1.909 15.095 -16.940
22000700000005 42912071680 58.699 16.0465 24.7832 4.6699 16.0475 24.7842 4.6717 9.176 16.834 -6.941
22000600000022 42259234816 58.402 19.6132 1.2786 17.9652 19.6125 1.2838 17.9682 -12.113 -32.144 80.978
22000700000036 41851801600 58.213 10.9889 19.8428 8.5548 10.9899 19.8421 8.5540 -18.793 34.331 -43.801
22000700000033 41727729664 58.155 4.4099 14.5677 9.8479 4.4086 14.5677 9.8428 1.660 41.895 -7.643
22000700000028 41613746176 58.103 7.4610 18.8699 11.2427 7.4596 18.8613 11.2405 10.703 -20.227 86.766
22000600000058 41411350528 58.008 14.8879 16.2254 8.8948 14.8908 16.2192 8.8905 -5.047 31.937 24.989
22000700000035 41401774080 58.005 2.8368 20.7612 21.1984 2.8385 20.7616 21.2006 11.817 17.318 16.119
22000600000067 41171226624 57.898 11.6443 18.9230 17.6527 11.6443 18.9236 17.6521 -8.775 5.328 -1.384
22000700000030 40987643904 57.809 10.1149 20.4816 6.9483 10.1155 20.4825 6.9471 -4.913 16.164 -0.606
22000700000041 40766382080 57.706 12.8863 13.0913 16.6331 12.8866 13.0883 16.6329 -55.874 -53.629 -43.654
22000700000010 40430604288 57.548 3.8241 13.5575 23.1445 3.8216 13.5579 23.1469 -20.989 -19.119 17.636
22000600000054 40352559104 57.510 15.3701 14.4957 19.8006 15.3719 14.4988 19.7980 6.860 -2.158 -6.696
22000700000064 40071913472 57.377 18.8461 20.2273 14.5600 18.8465 20.2276 14.5594 -4.083 0.399 -11.300
22000700000052 39599796224 57.151 24.5810 17.8265 22.9806 24.5788 17.8250 22.9799 -1.947 19.793 1.600
22000700000024 39597031424 57.148 3.6833 20.4007 21.1464 3.6827 20.3978 21.1469 2.193 7.630 -8.902
22000600000029 39561990144 57.131 15.2001 24.4191 10.2548 15.2021 24.4205 10.2544 -7.047 -3.124 12.419
22000800000006 39412793344 57.061 1.9248 23.3095 17.3888 1.9269 23.3120 17.3867 -9.551 9.360 8.717
22000700000059 38799249408 56.762 14.8529 13.9801 23.3092 14.8494 13.9792 23.3110 -14.921 20.161 -15.024
22000600000042 38406471680 56.571 7.7599 12.1976 1.1745 7.7602 12.1952 1.1745 2.131 3.775 -0.356
22000700000060 38331109376 56.534 21.0345 20.7262 15.9402 21.0341 20.7281 15.9415 -3.800 17.424 9.327
22000700000047 37816422400 56.279 23.9192 16.8783 6.9806 23.9185 16.8736 6.9827 13.445 10.154 26.627
22000700000003 37436203008 56.090 4.9431 21.5829 13.2577 4.9439 21.5822 13.2576 21.807 12.552 -7.833
22000800000005 37323530240 56.032 19.2631 15.6434 12.1769 19.2622 15.6420 12.1786 -21.011 -13.885 7.168
22000700000055 37270224896 56.008 5.0077 4.3914 14.0678 5.0070 4.3928 14.0691 3.451 10.505 5.503
22000700000008 37129236480 55.937 15.9753 0.2241 18.9494 15.9746 0.2223 18.9475 -2.327 5.485 -1.664
22000500000040 36975230976 55.859 11.2680 19.9233 8.7218 11.2677 19.9254 8.7238 -62.092 48.563 48.743
22000700000066 36594049024 55.667 8.2672 19.4310 18.7571 8.2693 19.4343 18.7606 4.318 -30.777 20.734
22000700000065 36391747584 55.562 6.6271 12.2280 24.3783 6.6276 12.2262 24.3786 -7.003 13.304 36.124
22000800000024 35980390400 55.353 24.0523 22.2073 16.1372 24.0471 22.2122 16.1390 65.853 77.319 -64.440
22000700000018 35962126336 55.341 23.6260 1.0562 14.5520 23.6269 1.0558 14.5474 -47.737 -64.427 -62.073
22000500000068 35911823360 55.318 7.9253 13.5305 8.3738 7.9353 13.5281 8.3653 -22.624 23.264 -59.391
22000800000002 35514671104 55.112 16.2483 14.0627 19.9131 16.2485 14.0663 19.9090 3.803 11.828 3.745
22000700000044 35501473792 55.105 7.3156 3.0676 9.7767 7.3136 3.0698 9.7749 62.229 19.132 -94.088
22000800000056 35077115904 54.886 13.9601 20.2701 14.2559 13.9572 20.2702 14.2557 -3.421 22.547 -13.582
22000700000054 35010879488 54.852 23.0445 21.9593 21.7034 23.0428 21.9612 21.7097 -75.107 -6.322 -49.191
22000800000032 34258665472 54.457 12.3272 6.7930 5.9294 12.3267 6.7946 5.9300 -16.588 6.639 -1.444
22000800000017 34090020864 54.364 12.7496 6.5906 3.7599 12.7511 6.5893 3.7589 4.984 1.608 8.796
22000800000046 34034567168 54.335 4.9170 17.1763 23.4530 4.9161 17.1747 23.4541 -4.763 29.809 30.159
22000800000068 33432131584 54.013 2.0043 24.8066 15.1115 2.0030 24.8078 15.1110 10.050 -18.545 1.578
22000300000049 33182932992 53.881 16.0580 12.4123 9.4879 16.0572 12.4012 9.5144 81.017 -175.517 -108.114
22000800000022 33157421056 53.864 16.5861 8.2745 24.1395 16.5886 8.2787 24.1377 3.288 -45.672 34.760
22000800000036 33001771008 53.780 14.3783 6.4183 13.8836 14.3781 6.4192 13.8834 -19.704 -2.432 -24.642
22000800000055 32590936064 53.557 24.0968 1.5325 12.4736 24.0966 1.5267 12.4727 -0.647 -9.695 -16.112
22000900000004 32575303680 53.550 0.5752 22.1556 16.2900 0.5757 22.1566 16.2868 -70.536 -37.855 48.597
22000800000008 32346560512 53.423 7.1446 5.3605 9.1069 7.1413 5.3536 9.1079 -14.735 -1.249 5.028
22000900000032 32149520384 53.313 19.4402 20.2281 15.4119 19.4367 20.2280 15.4101 3.403 -0.402 -4.586
22000800000035 31909230592 53.182 17.0912 12.1647 9.7875 17.0889 12.1666 9.7879 15.747 -2.325 -47.824
22000700000051 31889833984 53.169 19.9618 20.4715 15.7129 19.9635 20.4729 15.7134 11.116 -27.620 -23.371
22000900000040 31758329856 53.099 11.7913 6.5430 5.6315 11.7922 6.5448 5.6326 26.860 -33.134 11.910
22000900000020 31757643776 53.098 2.9983 11.3131 22.0543 2.9967 11.3128 22.0556 -5.430 9.330 -20.948
22000900000012 31471564800 52.935 14.4475 9.6742 3.4244 14.4474 9.6721 3.4248 -2.494 0.391 12.872
22000800000049 31077292032 52.716 22.9815 23.8713 17.4114 22.9800 23.8681 17.4088 -4.088 -0.396 13.380
22000900000038 30865375232 52.594 22.6560 15.9059 12.8132 22.6570 15.9074 12.8125 -4.100 4.818 -6.481
22001000000002 29849161728 52.011 24.1780 1.4231 12.8225 24.1783 1.4248 12.8203 -4.549 5.303 -2.278
22000900000054 29371232256 51.733 22.3934 23.0691 19.5789 22.3920 23.0710 19.5786 -2.833 -25.137 -15.086
22001000000009 29301182464 51.689 21.2784 0.7779 17.7373 21.2778 0.7784 17.7379 3.108 3.543 1.491
22000600000030 28864135168 51.434 7.8319 9.8796 6.7155 7.8319 9.8747 6.7136 24.415 17.031 -5.406
22000800000057 27812218880 50.800 23.0760 1.0676 15.9570 23.0746 1.0636 15.9539 -1.681 11.687 -49.726
22001000000021 27731271680 50.750 5.3700 23.6806 16.1581 5.3755 23.6787 16.1602 -12.704 -8.044 22.776
22001100000004 25754728448 49.516 21.9093 6.5730 15.8554 21.9081 6.5751 15.8565 0.688 2.793 7.238
22001100000020 25624006656 49.431 14.4929 16.5543 8.3898 14.4924 16.5526 8.3869 3.733 0.349 -17.680
22001100000041 24998473728 49.025 7.1526 11.6257 6.4472 7.1522 11.6277 6.4485 6.811 -14.122 2.245
22000700000004 24841261056 48.924 21.0171 0.2629 17.4112 21.0138 0.2603 17.4047 -4.467 83.138 -22.291
22001100000003 24775772160 48.878 1.9598 11.6138 21.7876 1.9587 11.6154 21.7880 -1.687 7.641 -28.879
22000900000041 24615755776 48.775 23.7849 23.6217 15.5085 23.7805 23.6260 15.5089 -49.465 -7.084 22.689
22001100000033 23338227712 47.914 14.6586 24.5948 17.7575 14.6589 24.5952 17.7568 -6.236 19.241 10.777
