haloID mh rh halo_x halo_y halo_z gal_x gal_y gal_z spin_x spin_y spin_z
21000000000000 11187397853184 357.224 16.0664 24.8506 18.2968 16.0779 24.8611 18.2697 936.329 -1000.305 -658.859
21000000000003 3989639004160 253.320 23.5226 1.0290 15.3946 23.5070 0.9929 15.4311 55.811 702.213 67.391
21000000000005 3347597754368 238.936 22.9832 23.5476 15.5622 22.9779 23.5120 15.5371 249.070 -377.199 705.385
21000000000004 3273949184000 237.169 12.0555 19.2577 16.9489 12.0482 19.2543 16.9487 217.331 -458.736 464.786
21000000000002 3142960545792 233.967 5.0598 13.7077 10.6771 5.0675 13.7158 10.7277 793.850 -988.591 264.927
21000000000008 2872652333056 227.054 5.9639 24.1537 10.4225 5.9720 24.1456 10.4222 -68.902 -40.939 -363.136
21000000000007 2514498879488 217.192 17.2892 4.4165 20.5759 17.2916 4.4298 20.5817 -514.014 -247.593 -739.959
21000000000011 2370861268992 212.982 14.4315 11.0018 5.6510 14.4261 10.9948 5.6633 267.728 -96.875 -194.263
21000000000009 2369952940032 212.954 10.7315 17.6424 3.4841 10.7295 17.6468 3.4941 129.001 -117.199 -151.159
21000000000012 2201457000448 207.784 24.5659 22.2869 16.6898 24.5655 22.2839 16.6887 107.026 196.986 -109.516
21000000000010 2190805172224 207.445 9.1383 12.9697 2.4892 9.1382 12.9495 2.4926 55.873 180.702 -72.840
21000000000016 2117208375296 205.093 13.7222 20.2292 15.1704 13.7236 20.2302 15.1717 272.068 -70.065 -242.575
21000000000017 2057950199808 203.159 7.1441 9.5703 8.1241 7.1635 9.6056 8.0837 -459.184 611.586 408.752
21000000000001 1881201442816 197.175 19.6843 13.1673 11.0617 19.6115 13.1454 11.0485 -94.547 2414.771 669.485
21000000000014 1866509844480 196.650 22.0197 24.7674 17.5406 22.0393 24.7603 17.5674 -216.546 -166.879 -8.306
21000000000023 1828774215680 195.316 23.7676 22.3288 20.5727 23.7744 22.3321 20.5797 265.892 -194.995 -15.778
21000000000015 1771714641920 193.268 11.4242 20.5355 10.1886 11.4325 20.5465 10.2363 117.316 -543.423 28.919
21000000000018 1768269152256 193.142 10.2919 15.2144 4.9819 10.2836 15.2265 5.0019 344.628 -187.124 113.484
21000000000022 1601261404160 186.865 18.8890 2.3131 18.1879 18.8701 2.3329 18.1924 110.734 184.783 -410.837
21000000000013 1596309504000 186.669 4.9736 14.6333 12.4991 4.9921 14.6370 12.5160 -69.864 -344.595 -234.663
21000000000024 1506898608128 183.114 20.7672 4.4400 16.4120 20.7514 4.4337 16.4270 -292.766 -22.743 160.395
21000000000020 1499777073152 182.829 8.6064 9.8401 4.4627 8.6030 9.8502 4.4472 1065.464 -179.152 -902.742
21000000000026 1430421897216 179.968 7.3295 19.4151 20.3287 7.3433 19.3976 20.3364 -352.997 224.908 -510.443
21000000000019 1388568117248 178.188 22.1735 4.2397 15.3607 22.1893 4.2262 15.3533 930.721 587.426 -42.379
21000000000027 1175939317760 168.586 8.1019 12.2144 1.4971 8.0774 12.2246 1.5032 30.091 697.552 135.189
21000000000028 1171013107712 168.347 10.9430 17.4152 5.8465 10.9439 17.4100 5.8329 132.999 -404.792 840.888
21000000000006 1122756853760 166.009 12.6425 7.0291 4.3146 12.6378 7.0259 4.3250 213.174 -334.887 59.673
21000000000029 1121139556352 165.928 13.0230 14.9672 18.0159 13.0378 14.9674 17.9999 257.106 23.675 44.349
21000000000030 1032460697600 161.429 7.1651 23.6414 12.8312 7.1567 23.6395 12.8342 35.712 -306.478 43.247
21000000000025 1008245145600 160.161 21.5939 20.5915 15.4225 21.6143 20.6021 15.4386 80.249 -332.064 -183.139
21000000000032 997005721600 159.563 21.1703 5.8713 14.1252 21.1754 5.8706 14.1227 -134.330 -167.511 -97.758
21000000000031 968756559872 158.042 4.9651 21.8858 12.2901 4.9750 21.8744 12.3061 -103.559 62.892 207.988
21000000000034 953434112000 157.207 14.7951 11.3625 7.9167 14.8033 11.3572 7.9216 187.228 193.141 -292.402
21000000000021 945155211264 156.747 10.2096 3.1105 13.8079 10.2173 3.0789 13.8221 454.044 100.012 -20.532
21000000000035 907318394880 154.627 23.0294 15.8436 13.2319 23.0145 15.8446 13.2305 207.089 -242.097 -136.308
21000000000036 854930423808 151.588 20.4388 20.8670 16.2129 20.4388 20.8733 16.2057 1.059 -56.421 -67.370
21000000000041 841483026432 150.793 1.8422 8.6294 14.8882 1.8077 8.6484 14.8541 -275.754 -581.538 -160.413
21000000000038 837677154304 150.562 20.2224 0.8945 17.6047 20.2230 0.8902 17.6062 -325.879 267.667 -573.562
21000000000039 787621019648 147.502 13.1292 7.0345 10.2611 13.1168 7.0444 10.2671 216.965 5.683 377.471
21000000000040 769429536768 146.357 15.1929 23.4054 19.1223 15.1830 23.3987 19.1370 -152.253 53.834 -283.105
21000000000045 756529037312 145.537 23.5656 4.2523 14.8817 23.5728 4.2521 14.8776 -140.935 39.453 -298.072
21000000000048 731871510528 143.942 14.7140 13.6121 0.0506 14.7135 13.6133 0.0412 876.825 -77.031 185.878
21000000000047 707846864896 142.342 1.4301 17.4734 4.0462 1.4253 17.4715 4.0420 77.301 -23.023 -5.763
21000000000046 697598410752 141.655 16.9989 9.6561 23.1269 17.0029 9.6628 23.1329 159.002 -231.056 115.203
21000000000051 695645372416 141.519 20.9206 16.2049 19.2306 20.9325 16.2050 19.2384 -518.615 56.049 286.623
21000000000043 675589849088 140.151 23.8063 22.5600 19.4721 23.7960 22.5673 19.4830 -401.968 -63.770 -256.275
21000000000053 673264304128 139.993 15.0244 24.6414 17.5633 15.0259 24.6452 17.5589 34.750 158.182 -488.852
21000000000044 667028553728 139.557 10.5434 20.0958 6.5898 10.5500 20.0914 6.6023 -163.953 39.340 -217.023
21000000000037 651807686656 138.490 6.0630 0.4120 10.0066 6.0738 0.4004 10.0093 -123.661 -72.643 -278.083
21000000000052 610117550080 135.466 16.3344 8.5425 23.9707 16.3327 8.5356 23.9844 -158.577 142.191 -0.769
21000000000055 566666919936 132.173 18.4721 10.6292 19.2593 18.4721 10.6249 19.2605 87.339 360.655 498.294
21000000000061 555444666368 131.293 5.9774 2.8702 14.0581 5.9752 2.8666 14.0584 -31.026 -275.967 -177.962
21000000000063 550250020864 130.886 13.3879 21.2035 10.3552 13.3831 21.2006 10.3583 47.646 -21.911 7.558
21000000000056 542649778176 130.279 1.5606 15.6444 7.8712 1.5682 15.6390 7.8783 47.401 4.167 30.358
21000000000049 535534960640 129.710 5.2374 21.4417 13.7083 5.2521 21.4695 13.7095 71.943 -36.853 -149.822
21000000000033 532848934912 129.488 13.0902 10.5993 7.5603 13.1045 10.6008 7.5647 61.771 211.287 211.458
21000000000057 520099594240 128.445 9.2110 21.8153 12.7050 9.2130 21.8240 12.7065 108.988 395.978 41.264
21000000000062 518882557952 128.352 3.9994 13.5168 10.8217 3.9981 13.5165 10.8239 2.234 -275.056 106.372
21000000000058 466581979136 123.882 21.3774 18.1329 18.3965 21.3747 18.1303 18.3936 68.851 -230.816 -365.906
21000000000067 465827332096 123.814 14.6239 16.9379 18.9378 14.6292 16.9281 18.9313 -81.455 -224.039 129.764
21000000000065 462084734976 123.480 2.7630 13.4422 10.7673 2.7692 13.4368 10.7617 342.218 348.398 -198.709
21000100000001 461995245568 123.478 13.0475 11.3392 15.2793 13.0531 11.3407 15.2819 33.048 22.505 56.817
21000000000050 457483780096 123.068 3.6510 20.6824 13.9021 3.6970 20.7132 13.9107 515.664 -1089.161 1057.714
21000000000064 456314355712 122.969 16.7095 21.2880 13.9478 16.7036 21.2915 13.9646 -66.274 17.430 -163.054
21000100000008 455459504128 122.887 6.4576 4.2423 13.7102 6.4643 4.2326 13.7291 154.966 0.237 -190.034
21000100000005 440992727040 121.573 19.7277 3.8077 17.2181 19.7303 3.8132 17.2231 25.615 -326.334 14.829
21000000000059 439386177536 121.429 18.1733 20.2915 14.8868 18.1744 20.2699 14.8852 -280.605 33.334 -188.626
21000100000012 428641714176 120.430 7.5473 23.3688 9.2022 7.5396 23.3652 9.2031 -218.061 236.343 -327.317
21000000000054 427971510272 120.365 16.5316 12.4314 9.3283 16.5210 12.4708 9.3409 117.601 277.062 -421.724
21000100000000 423491174400 119.942 21.6263 19.5878 15.1306 21.6345 19.5762 15.1238 -94.879 -212.483 -48.654
21000100000004 421907791872 119.793 4.8429 20.9736 14.4367 4.8451 20.9756 14.4337 8.993 -154.453 -110.003
21000100000003 418397880320 119.460 21.7067 10.8583 22.3677 21.7303 10.8658 22.3702 -20.604 97.807 -415.006
21000100000014 414391173120 119.077 9.7179 16.7327 0.0115 9.7177 16.7312 0.0133 189.463 85.819 24.815
21000000000069 411620212736 118.811 10.5435 4.0372 11.9694 10.5434 4.0365 11.9704 -148.333 -23.899 -4.861
21000100000015 404454965248 118.121 2.8233 20.5019 14.1594 2.8209 20.5052 14.1639 -30.788 -79.691 -149.091
21000100000006 400241688576 117.709 13.0202 5.2953 2.2571 13.0078 5.2865 2.2691 -1.313 -14.494 -94.504
21000000000060 399122268160 117.601 9.0713 18.7609 19.1879 9.0871 18.7548 19.1831 25.350 -24.323 22.009
21000000000066 390290636800 116.722 8.5135 11.5200 2.8083 8.5116 11.5145 2.8035 379.223 -352.775 159.182
21000100000002 385969586176 116.292 14.3638 13.0896 11.8042 14.3526 13.0774 11.7996 39.266 -129.943 -144.287
21000100000013 383573458944 116.053 5.8330 11.4542 9.5350 5.8430 11.4477 9.5374 -126.271 -129.664 -124.542
21000100000007 383542165504 116.046 5.4366 12.4707 9.9294 5.4333 12.4640 9.9241 32.169 62.629 87.808
21000100000010 378314129408 115.516 23.7417 23.0378 18.6838 23.7315 23.0197 18.6864 8.307 -73.551 96.616
21000100000019 378208124928 115.507 24.8334 16.9706 0.0221 24.8379 16.9865 0.0000 -0.353 50.772 -159.983
21000100000018 370188681216 114.686 24.6560 22.1034 20.0651 24.6611 22.1127 20.0734 212.870 -104.656 -20.072
21000100000026 360701231104 113.694 20.2255 18.9112 14.5556 20.2292 18.9125 14.5571 -236.696 -211.640 -269.120
21000100000024 359866662912 113.612 19.8041 15.7691 12.2974 19.7977 15.7708 12.3061 67.940 247.927 211.440
21000100000021 355868639232 113.186 11.2322 7.1687 11.8857 11.2477 7.1586 11.8821 52.034 -41.985 -42.456
21000100000016 352910311424 112.872 0.6659 21.8188 19.5062 0.6685 21.8258 19.5059 -11.258 -12.372 42.062
21000100000023 349694328832 112.526 11.7484 4.8125 10.6578 11.7685 4.8133 10.6680 17.506 116.730 136.728
21000100000020 340575354880 111.539 6.4102 1.2029 9.7833 6.4055 1.2055 9.7842 32.303 100.073 -337.851
21000100000009 325634916352 109.885 12.0862 20.6755 10.0997 12.0587 20.6651 10.1289 222.910 -197.854 134.023
21000100000029 324431642624 109.750 1.0133 16.9495 22.0653 1.0112 16.9439 22.0665 47.284 -8.073 1.468
21000100000022 318628036608 109.090 6.0337 21.6490 13.3369 6.0339 21.6626 13.3420 84.000 -28.888 -93.843
21000000000042 317557768192 108.965 15.6589 8.1627 0.5259 15.6736 8.2066 0.5350 -69.869 287.369 -788.673
21000100000028 314880196608 108.663 6.8001 2.2018 9.5971 6.7997 2.2092 9.5944 -1.999 7.956 -8.636
21000100000027 309526560768 108.045 12.5460 5.3598 11.6715 12.5481 5.3675 11.6671 42.095 -6.801 9.719
21000000000068 304160505856 107.413 6.5377 0.9896 14.1581 6.5512 1.0030 14.1353 305.191 -397.374 -92.781
21000100000017 303698903040 107.364 13.4623 21.2227 23.6106 13.4560 21.2157 23.5872 -8.129 68.349 -25.477
21000100000030 300931579904 107.035 15.1622 3.5392 5.8718 15.1553 3.5450 5.8763 -72.113 -139.802 54.358
21000100000039 296180023296 106.468 8.4816 3.2574 13.4630 8.4829 3.2677 13.4597 77.499 271.921 -83.819
21000100000038 293803032576 106.184 2.2760 22.1866 15.7611 2.2733 22.1845 15.7675 84.462 -249.202 127.637
21000100000033 290877276160 105.829 7.0225 10.2220 6.6008 7.0207 10.2240 6.5868 -252.334 171.060 -57.201
21000100000035 289535688704 105.663 9.3080 17.8906 22.7561 9.3023 17.8943 22.7530 -75.885 -360.582 -131.860
21000100000037 286003200000 105.236 17.8926 13.0338 10.1950 17.8929 13.0341 10.1941 -17.314 -7.266 40.976
21000100000042 284831612928 105.089 3.4500 6.6076 14.4886 3.4485 6.6090 14.4816 80.613 93.525 131.096
21000100000040 281751453696 104.707 9.9839 9.5710 13.3113 9.9867 9.5563 13.3033 -55.514 5.936 -18.283
21000100000011 279928635392 104.485 11.6724 3.7677 9.0182 11.6652 3.7737 9.0255 -29.291 1.560 -16.529
21000100000036 275861929984 103.971 15.8623 14.6136 20.0521 15.8619 14.6160 20.0471 38.619 -144.892 -16.852
21000100000032 275708018688 103.953 14.8578 13.9148 24.3637 14.8570 13.9178 24.3539 -234.182 15.580 -32.038
21000100000031 267582210048 102.926 6.9536 1.8506 13.8774 6.9555 1.8500 13.8816 311.164 -102.234 -184.655
21000100000047 263797276672 102.434 10.9900 18.2853 1.9048 10.9921 18.2817 1.9038 238.821 -136.496 -32.977
21000100000049 256334757888 101.464 12.8064 10.9248 12.0390 12.8184 10.9131 12.0590 55.110 -212.517 -155.528
21000100000025 253456171008 101.080 20.6634 19.1430 17.6021 20.6538 19.1521 17.5939 26.876 -4.161 -33.766
21000100000043 252908650496 101.007 14.5953 13.3654 0.6845 14.6035 13.3485 0.6868 625.952 252.204 -389.043
21000100000051 246570483712 100.155 23.0897 20.4201 19.2000 23.0897 20.4179 19.1967 -2.843 5.887 11.519
21000100000053 245263974400 99.980 6.6178 21.6091 18.7372 6.6150 21.6105 18.7397 -8.545 -108.556 103.596
21000100000048 236841336832 98.821 12.3567 1.3303 15.6412 12.3612 1.3351 15.6393 64.415 66.802 543.340
21000100000045 235724062720 98.668 7.2702 22.0482 12.8766 7.2732 22.0504 12.8711 237.687 32.765 45.603
21000100000044 233997172736 98.424 6.4975 23.6835 12.6162 6.4796 23.6917 12.6082 40.766 122.860 34.462
21000100000054 233879486464 98.409 8.3573 19.9490 21.3198 8.3520 19.9415 21.3098 -29.760 28.643 -9.493
21000100000058 226519711744 97.362 16.2895 11.3581 9.8319 16.2899 11.3605 9.8317 -22.594 31.411 126.197
21000100000056 223862472704 96.983 15.0978 13.5286 11.3228 15.0970 13.5286 11.3235 89.353 70.410 -6.362
21000100000034 222372937728 96.769 7.1185 6.4888 8.5246 7.1223 6.4651 8.5149 -7.398 -17.700 53.624
21000200000006 221259710464 96.602 8.0943 14.9548 13.1291 8.0968 14.9597 13.1271 23.098 7.108 145.225
21000100000046 221238919168 96.600 13.7485 9.2682 8.6935 13.7497 9.2623 8.7072 110.877 86.450 30.034
21000100000052 219747614720 96.381 10.0720 17.8353 21.7204 10.0762 17.8504 21.7409 -161.896 478.027 -406.015
21000100000063 217848299520 96.104 6.4436 19.4476 19.3853 6.4433 19.4480 19.3904 1.164 -11.026 25.024
21000100000062 216951160832 95.975 8.9853 13.2834 14.4664 8.9751 13.2903 14.4626 12.057 20.146 -14.921
21000100000050 214261334016 95.576 17.6619 0.2323 5.4582 17.6570 0.2416 5.4452 -77.725 28.731 70.093
21000100000069 212575535104 95.321 0.4105 6.9584 13.7263 0.4026 6.9559 13.7258 -15.402 69.122 55.219
21000100000067 209819582464 94.911 22.1995 16.5436 12.7829 22.2082 16.5666 12.7776 3.184 -8.156 32.083
21000100000064 209380163584 94.846 6.2000 19.9863 19.4906 6.1994 19.9859 19.4922 94.291 -7.370 -66.567
21000100000061 208434577408 94.699 2.4204 16.5396 7.8268 2.4370 16.5397 7.8179 -170.073 -167.480 -226.701
21000100000059 206990753792 94.479 18.3140 18.6630 13.8195 18.3200 18.6639 13.8200 -7.066 19.576 -65.043
21000100000057 198531629056 93.176 10.1299 3.5870 12.7280 10.1267 3.5897 12.7420 92.018 -487.785 114.321
21000100000041 197789466624 93.060 17.1334 1.1797 18.7340 17.1305 1.1814 18.7639 151.912 -223.531 9.710
21000200000009 195303604224 92.670 10.1721 14.2651 5.9557 10.1887 14.2592 5.9620 -41.016 -202.625 69.564
21000100000066 190049878016 91.833 23.7676 15.8230 2.4814 23.7731 15.8283 2.4822 -89.445 -20.564 16.506
21000200000001 187256406016 91.378 15.1301 8.0731 1.9750 15.1294 8.0740 1.9724 -7.460 5.793 -60.636
21000200000011 187224965120 91.373 16.4617 16.6111 10.1638 16.4550 16.6104 10.1681 22.865 92.206 178.834
21000100000055 186684932096 91.286 15.4935 10.2858 9.6477 15.4829 10.2679 9.6486 -75.915 68.076 -54.889
21000200000002 182737485824 90.639 13.4839 7.1855 3.2505 13.4983 7.1637 3.2656 695.276 315.236 -134.388
21000200000015 178364481536 89.910 15.3572 15.7242 19.5709 15.3567 15.7242 19.5708 -133.900 -18.225 165.254
21000200000017 177997938688 89.849 7.2993 10.3580 6.1197 7.3008 10.3520 6.1187 -240.855 -51.884 15.105
21000200000016 175368650752 89.400 15.8222 11.1903 3.8955 15.8222 11.2082 3.9251 -113.156 -127.830 -78.344
21000200000021 174993768448 89.338 15.1352 11.7088 6.3545 15.1341 11.7036 6.3532 -25.742 -38.415 47.386
21000200000019 173885112320 89.152 8.5092 19.1980 18.8476 8.5080 19.1949 18.8514 -103.948 11.682 -78.646
21000200000012 168564277248 88.233 7.1668 13.4075 13.8306 7.1651 13.3993 13.8335 -31.711 42.695 22.686
21000100000065 167208632320 87.994 1.2224 22.0901 17.8495 1.2183 22.0942 17.8547 -35.189 -22.357 -20.879
21000200000014 166049316864 87.792 4.4025 18.2238 1.6222 4.3982 18.2232 1.6325 -21.473 9.722 -1.001
21000200000022 165598052352 87.711 17.0474 19.2837 14.1623 17.0466 19.2881 14.1644 -8.694 2.417 -15.888
21000200000031 164881367040 87.581 7.9531 21.1641 22.5670 7.9454 21.1637 22.5533 -25.688 -31.985 23.738
21000100000068 164018421760 87.430 11.1944 17.5794 20.7652 11.1886 17.5693 20.7733 -76.096 -72.022 -77.193
21000200000007 160593788928 86.817 7.6322 1.7368 13.7286 7.6185 1.7333 13.7277 23.728 -43.001 -86.907
21000200000023 158426431488 86.423 10.5995 16.4483 2.7884 10.5824 16.4448 2.8026 -16.897 -142.013 36.743
21000200000027 158009933824 86.349 23.1390 2.4055 15.3742 23.1433 2.4044 15.3769 -2.028 -22.772 3.617
21000200000018 153959350272 85.604 3.5600 13.8191 11.4832 3.5657 13.8253 11.4820 -53.089 53.074 46.709
21000200000000 153517719552 85.526 10.5820 17.2722 2.6675 10.5895 17.2813 2.6705 -66.572 43.981 35.291
21000200000028 152942755840 85.418 8.6980 17.8261 7.3431 8.6968 17.8382 7.3486 -2.025 -40.755 -4.845
21000200000029 151936516096 85.226 18.1432 18.9970 11.9088 18.1517 18.9958 11.8971 28.550 -37.657 -36.608
21000200000020 150732800000 85.005 11.7509 20.5102 13.7010 11.7565 20.5080 13.7034 48.571 14.267 3.862
21000200000036 149664235520 84.803 11.3288 16.8350 21.9897 11.3242 16.8356 21.9953 -25.462 13.147 -10.693
21000200000032 149502853120 84.773 15.5703 15.3815 8.9659 15.5641 15.3876 8.9619 17.997 -33.060 -3.094
21000200000024 149433319424 84.758 8.3941 13.0048 4.2704 8.4130 13.0063 4.2909 3.175 -61.219 38.391
21000200000037 147811041280 84.449 17.2180 23.4275 17.5379 17.2196 23.4268 17.5371 21.085 24.521 -9.038
21000200000030 147571769344 84.403 18.6863 11.3415 19.2282 18.6884 11.3416 19.2297 53.365 7.569 49.490
21000200000008 145822728192 84.068 15.1616 11.6656 8.2987 15.1528 11.6570 8.3014 53.710 59.259 -66.231
21000200000025 145612554240 84.031 0.2407 13.6428 9.0534 0.2289 13.6299 9.0585 -111.368 42.512 -302.730
21000200000038 145308549120 83.972 11.7410 6.0266 12.6831 11.7543 6.0224 12.6783 -4.011 32.695 -57.395
21000200000044 142693171200 83.465 17.8348 3.5199 20.1153 17.8301 3.5183 20.1167 3.099 61.136 -4.854
21000200000049 141398835200 83.211 13.8775 9.9488 8.5209 13.8787 9.9438 8.5150 33.392 -45.499 -9.410
21000200000043 140244123648 82.984 3.0524 11.7263 11.6905 3.0492 11.7329 11.6945 -15.516 -0.959 -29.807
21000100000060 139629314048 82.860 18.5789 21.7287 15.5947 18.5682 21.7259 15.5885 25.754 67.824 -129.131
21000200000045 137880240128 82.517 21.4913 9.8509 16.2076 21.4953 9.8469 16.2110 -4.755 -158.594 -46.889
21000200000060 137620144128 82.463 17.5654 17.7161 13.1900 17.5660 17.7193 13.1918 -19.504 19.589 -14.124
21000200000048 137180987392 82.375 14.2687 1.6497 10.4267 14.2693 1.6525 10.4325 0.324 7.086 3.755
21000200000055 135603560448 82.058 9.9663 19.2133 22.8430 9.9680 19.2100 22.8431 -5.528 -24.100 30.961
21000200000040 134567362560 81.850 2.1131 18.6815 4.5466 2.1174 18.6813 4.5480 6.315 3.186 -10.398
21000200000041 133978660864 81.731 5.2887 22.3875 11.8854 5.2870 22.3887 11.8849 33.729 31.906 -66.951
21000200000039 132389699584 81.407 17.7046 24.1604 18.6756 17.7041 24.1531 18.6735 32.020 52.742 -141.615
21000200000046 131996393472 81.323 7.5742 1.0468 13.5388 7.5702 1.0509 13.5390 46.035 -129.072 107.282
21000200000057 131611140096 81.247 12.3811 15.1426 21.1946 12.4015 15.1477 21.2073 10.587 -124.736 31.705
21000200000050 128355573760 80.568 21.0202 6.9414 13.4578 21.0147 6.9168 13.4537 58.049 5.758 -10.957
21000200000033 126086881280 80.089 18.7839 12.1492 19.3316 18.7840 12.1593 19.3464 -85.987 -24.902 16.756
21000200000059 125611450368 79.993 4.3463 23.2575 16.6850 4.3485 23.2634 16.6887 -29.993 -12.907 63.954
21000200000064 125471178752 79.961 18.8800 2.9670 17.9332 18.8781 2.9683 17.9324 -5.221 -14.729 -4.216
21000200000034 125037142016 79.871 12.8721 6.5701 3.8368 12.8681 6.5739 3.8397 -4.762 11.158 -5.311
21000300000001 123420303360 79.521 11.0239 10.6192 10.8404 11.0241 10.6163 10.8415 -16.577 -15.012 27.046
21000200000053 123061239808 79.444 1.5453 9.9205 7.7556 1.5597 9.9137 7.7623 -42.889 -49.363 66.441
21000200000063 120366981120 78.863 2.0670 22.5893 16.5092 2.0673 22.5870 16.5097 11.494 -0.589 -11.549
21000200000054 119286767616 78.625 0.1435 22.8547 20.5116 0.1411 22.8446 20.5193 2.441 -32.783 -134.326
21000200000056 118947241984 78.552 8.8012 21.8661 12.7619 8.8093 21.8730 12.7682 17.104 -36.671 -9.679
21000300000017 117291696128 78.186 21.8181 20.1540 18.4811 21.8120 20.1374 18.4792 -70.519 18.449 64.311
21000300000004 116420755456 77.993 15.2762 15.9003 12.4563 15.2904 15.9095 12.4546 -36.309 39.872 -10.363
21000300000007 115160367104 77.708 1.3051 11.1759 21.4466 1.3012 11.1871 21.4516 20.556 -9.424 -13.574
21000200000058 114689343488 77.603 4.9538 23.4508 11.1460 4.9560 23.4530 11.1440 -5.817 5.711 13.977
21000200000047 113680146432 77.374 23.2597 18.4133 19.0148 23.2664 18.4087 19.0092 57.136 20.407 -21.745
21000200000052 112412393472 77.083 4.4026 21.5108 14.7283 4.4053 21.5084 14.7259 6.798 1.103 1.709
21000200000065 111145394176 76.796 3.2570 22.8775 16.3230 3.2573 22.8788 16.3196 -0.153 -10.870 -15.545
21000300000003 110344200192 76.610 16.8651 1.2151 22.7738 16.8643 1.2183 22.7750 -159.409 13.251 63.738
21000200000005 108962611200 76.290 23.5875 23.1931 18.3105 23.5848 23.2020 18.3174 6.368 28.475 -26.304
21000200000061 107926208512 76.044 17.0057 12.5351 10.0613 17.0123 12.5373 10.0540 73.832 -65.282 37.589
21000200000062 107793457152 76.015 24.4119 18.1751 2.0406 24.4177 18.1710 2.0454 -62.742 -27.447 27.009
21000300000019 107533713408 75.954 11.7718 20.1374 10.7958 11.7738 20.1346 10.7957 68.072 131.652 -62.577
21000300000016 107158814720 75.864 3.3809 21.0648 19.0004 3.3818 21.0664 18.9939 71.150 17.655 30.386
21000300000005 106419437568 75.691 1.8262 13.4040 13.6463 1.8203 13.4045 13.6478 6.443 20.498 -16.203
21000300000010 106266451968 75.651 14.4471 20.8449 15.5549 14.4477 20.8495 15.5567 48.812 109.541 -2.599
21000300000021 106107224064 75.615 9.6085 20.6236 12.0024 9.6096 20.6264 12.0043 -86.475 97.970 -47.779
21000300000000 104989835264 75.349 4.8776 11.7479 23.1554 4.8751 11.7419 23.1598 -101.011 -0.158 27.334
21000300000023 104110071808 75.137 17.5149 22.9858 17.3225 17.5181 22.9880 17.3253 -59.895 -59.009 118.726
21000300000037 104102936576 75.135 12.5216 17.0724 7.5285 12.5182 17.0708 7.5288 -3.648 9.528 6.827
21000300000035 104076648448 75.132 8.1377 18.3187 4.0187 8.1352 18.3172 4.0169 8.066 -35.603 0.386
21000300000013 103989944320 75.112 16.9142 23.8951 7.4262 16.9135 23.8977 7.4357 50.798 36.329 79.123
21000300000014 103028695040 74.878 15.3325 11.9743 0.2912 15.3332 11.9658 0.2907 -148.889 -2.156 97.146
21000300000009 102981222400 74.864 2.4850 14.0925 13.3676 2.4884 14.0942 13.3663 -64.232 -24.864 -28.201
21000300000020 101986459648 74.622 15.0297 2.8108 11.4161 15.0214 2.8057 11.4087 -1.780 11.729 18.160
21000300000030 101673361408 74.545 6.7933 10.5585 8.8795 6.7934 10.5570 8.8803 0.375 -2.824 -61.819
21000200000066 101103804416 74.407 23.9429 4.5151 15.0925 23.9368 4.5132 15.0868 -13.345 22.165 6.840
21000200000069 100623081472 74.289 6.7196 19.7479 11.0233 6.7183 19.7551 11.0190 16.416 28.920 16.754
21000300000025 100287332352 74.205 5.8748 22.2127 8.6998 5.8712 22.2061 8.6995 -29.183 26.332 26.361
21000300000008 99178782720 73.931 24.8440 17.0285 24.1144 24.8429 17.0268 24.1144 -10.317 -150.772 -70.971
21000300000011 98164129792 73.682 14.0862 24.7682 22.2525 14.0792 24.7554 22.2459 -61.498 59.841 -5.648
21000200000026 97831321600 73.596 10.9394 18.7525 4.1436 10.9347 18.7799 4.1274 -8.507 -170.773 -165.846
21000200000051 97021722624 73.392 11.2672 7.8519 5.0167 11.2534 7.8558 5.0012 40.066 -65.702 -46.221
21000300000052 96236830720 73.195 15.4761 13.7786 11.3346 15.4773 13.7770 11.3335 16.273 6.908 10.157
21000300000029 95921152000 73.115 24.9067 16.8439 1.1525 24.9049 16.8423 1.1472 -125.031 -30.760 41.355
21000300000048 94830452736 72.835 5.7117 12.4886 15.0301 5.7026 12.4840 15.0335 -14.386 -21.743 22.740
21000300000024 94269325312 72.694 10.7536 5.3100 7.8277 10.7571 5.3134 7.8242 -6.040 18.636 2.835
21000300000056 93238042624 72.424 17.4250 23.4286 3.5477 17.4199 23.4268 3.5411 -112.288 71.678 57.869
21000300000002 92948856832 72.352 13.0512 10.8548 13.9212 13.0406 10.8534 13.9333 0.922 92.753 6.492
21000300000018 92402155520 72.207 16.2674 10.6348 24.0825 16.2762 10.6362 24.0865 -76.344 88.951 104.570
21000300000060 90626686976 71.742 15.5935 2.0380 12.4864 15.5985 2.0384 12.4913 22.710 -35.606 -17.772
21000400000005 89613467648 71.477 15.6358 4.6761 1.1398 15.6337 4.6774 1.1353 44.580 20.384 -5.705
21000300000022 88596103168 71.201 4.4142 9.1722 7.1252 4.4098 9.1636 7.1434 -36.586 -37.996 -53.495
21000300000040 87747837952 70.973 5.4699 14.6261 11.9685 5.4699 14.6277 11.9698 -16.623 14.659 10.817
21000300000042 87694843904 70.962 3.7403 12.2129 11.0584 3.7400 12.2134 11.0515 -71.858 -28.319 -32.992
21000300000044 87080329216 70.796 17.2756 1.0948 18.1465 17.2735 1.0943 18.1450 -10.763 -3.097 1.228
21000300000038 86728474624 70.702 19.3132 11.7253 18.2277 19.3066 11.7247 18.2307 -7.545 -7.630 68.404
21000300000006 86527893504 70.647 14.2888 11.1687 7.4949 14.2984 11.1682 7.4960 4.449 -70.291 -46.501
21000300000047 86316269568 70.588 11.5922 18.3231 19.0189 11.5931 18.3249 19.0198 27.145 89.325 60.272
21000300000039 86025265152 70.507 16.2182 8.1859 24.8644 16.2177 8.1872 24.8633 -11.361 -7.285 12.209
21000400000015 85700796416 70.419 23.0582 23.3222 17.1604 23.0601 23.3205 17.1639 -0.166 10.986 -5.741
21000400000002 85453389824 70.349 11.1583 1.6458 15.0670 11.1612 1.6483 15.0688 17.598 -17.667 -1.300
21000300000050 85054414848 70.244 6.7360 10.1440 7.3071 6.7359 10.1462 7.3034 -36.942 22.698 10.553
21000300000045 84958765056 70.217 11.3888 19.8974 8.9494 11.3920 19.8946 8.9461 -26.809 -3.852 -27.192
21000400000006 84843061248 70.186 9.1018 3.4643 4.1075 9.0990 3.4480 4.0994 -145.755 54.770 -143.698
21000300000041 84656283648 70.134 15.3837 8.0689 1.1848 15.3832 8.0684 1.1824 -28.650 7.272 28.548
21000400000026 84116250624 69.984 17.7346 1.0679 3.8637 17.7443 1.0553 3.8674 -142.182 -16.799 224.095
21000400000025 83960094720 69.937 12.4061 8.4926 8.4128 12.4040 8.4946 8.4150 -27.225 0.813 -32.589
21000400000019 83653525504 69.852 2.5463 23.8239 11.3060 2.5499 23.8182 11.3060 -45.165 -33.419 6.555
21000300000027 83449831424 69.798 23.9795 20.4598 18.1061 23.9776 20.4514 18.1101 6.385 -37.822 -80.257
21000400000007 83378544640 69.778 1.5003 3.6191 19.9077 1.5014 3.6272 19.9050 14.526 4.562 -2.520
21000300000031 83355303936 69.772 17.7304 1.5769 18.4290 17.7316 1.5816 18.4281 -24.690 -6.621 -93.940
21000300000057 82315567104 69.478 21.6167 8.9545 16.0205 21.6145 8.9555 16.0217 40.417 -64.901 98.043
21000400000008 81982406656 69.384 2.8010 21.0131 22.9091 2.7974 21.0160 22.9106 35.347 48.157 -9.893
21000300000053 81783218176 69.332 15.2499 12.7069 8.4750 15.2513 12.7024 8.4765 17.176 18.572 -22.732
21000200000067 81672503296 69.296 6.0625 21.9858 18.4247 6.0547 21.9613 18.4214 35.481 -63.816 84.128
21000300000064 81609310208 69.282 16.2530 8.7327 14.4624 16.2505 8.7405 14.4787 81.289 -10.753 -1.718
21000300000049 81142562816 69.147 19.5938 12.7039 21.5960 19.5933 12.6946 21.6005 30.223 14.292 12.828
21000400000003 80987332608 69.105 17.3045 8.3496 8.1452 17.2856 8.3565 8.1515 42.184 -234.965 320.582
21000300000028 80650461184 69.006 15.4177 2.8447 23.2892 15.4184 2.8470 23.2778 -54.492 103.001 48.009
21000400000009 79955607552 68.808 22.9996 7.5204 22.9985 22.9938 7.5234 23.0002 -2.560 -1.523 -6.361
21000300000051 79622897664 68.715 6.2193 11.7121 9.7457 6.2189 11.7140 9.7465 -7.202 -8.220 -2.232
21000400000031 79391391744 68.648 5.0093 11.4626 10.4692 5.0071 11.4642 10.4675 39.845 -8.540 25.613
21000300000069 79113519104 68.565 7.8000 4.2672 10.3998 7.8006 4.2639 10.3967 -23.448 6.405 -1.599
21000400000013 78810251264 68.480 10.1537 2.1697 14.2142 10.1482 2.1670 14.2120 1.713 69.338 -36.632
21000400000018 77943980032 68.228 15.7587 9.8042 10.5143 15.7591 9.8106 10.5091 -19.356 -3.217 -15.853
21000400000032 77493878784 68.097 10.8172 19.1840 22.3147 10.8184 19.1806 22.3107 70.326 27.758 -27.553
21000300000066 77368819712 68.057 16.2083 8.4255 0.2820 16.2208 8.4316 0.2893 -28.552 71.867 -26.926
21000400000030 77316366336 68.042 7.8570 17.4621 9.0259 7.8560 17.4611 9.0273 -42.276 -8.769 -52.857
21000300000055 76680429568 67.856 1.6477 3.0925 19.7765 1.6472 3.1073 19.7792 11.193 29.467 -75.402
21000400000033 75898585088 67.624 14.6839 9.5936 9.5924 14.6878 9.5937 9.5975 60.289 14.244 -41.899
21000400000029 75628068864 67.544 18.6816 16.4625 12.3467 18.6837 16.4625 12.3381 -74.185 -4.340 -29.448
21000300000054 75544461312 67.519 9.0159 16.5564 15.1074 8.9943 16.5411 15.1095 121.220 -148.206 -20.748
21000300000059 75296096256 67.448 20.3355 12.0909 12.8167 20.3225 12.0864 12.8289 -54.154 -34.629 -53.300
21000200000003 74871635968 67.321 9.5221 13.5780 6.6878 9.5140 13.5714 6.6720 210.112 -159.362 -68.188
21000400000043 74817282048 67.302 13.7454 22.4266 17.6207 13.7461 22.4150 17.6254 -137.344 99.582 181.625
21000400000012 74816831488 67.301 14.8407 1.3535 10.2334 14.8493 1.3461 10.2332 -0.313 15.604 -0.794
21000300000065 74417790976 67.181 7.3011 12.6959 6.4656 7.3008 12.7146 6.4692 -91.751 -10.251 -42.120
21000400000053 74323189760 67.153 16.8945 21.5749 13.1159 16.8956 21.5743 13.1175 22.616 5.073 11.696
21000200000004 74313056256 67.149 0.9930 22.7660 13.4270 0.9956 22.7768 13.4446 42.978 32.588 -42.245
21000400000042 74232422400 67.129 6.9566 15.8532 9.8791 6.9609 15.8452 9.8773 -44.433 -46.341 7.164
21000200000035 74211057664 67.123 4.0545 21.6929 6.1216 4.0735 21.7073 6.1303 -82.975 82.831 3.056
21000400000011 74053951488 67.075 23.7142 22.9280 19.0811 23.7129 22.9266 19.0807 -22.235 21.086 -2.344
21000400000035 73833316352 67.004 15.2502 2.4361 24.9387 15.2566 2.4335 24.9412 21.256 42.535 -10.938
21000300000015 73663913984 66.956 19.0803 19.7736 14.8187 19.0842 19.7704 14.8192 12.893 13.043 -31.335
21000400000055 73461669888 66.892 19.7582 23.8199 0.5163 19.7581 23.8187 0.5189 3.974 6.994 0.503
21000400000017 73198649344 66.813 17.4538 1.5812 18.1589 17.4544 1.5723 18.1517 -153.417 -79.567 29.136
21000300000043 73064996864 66.773 2.6492 12.5218 22.3614 2.6324 12.5286 22.3694 -147.991 -132.807 -170.472
21000400000065 72041971712 66.459 19.3923 12.7148 18.1497 19.3914 12.7092 18.1493 76.856 -9.740 -42.679
21000400000027 71883448320 66.410 18.8328 16.5706 18.6038 18.8323 16.5750 18.6108 72.204 2.834 -21.677
21000300000032 71616348160 66.327 20.9628 16.6842 12.8211 20.9734 16.6782 12.8191 -50.978 115.690 -101.518
21000400000051 71156301824 66.185 12.6649 10.1060 13.5257 12.6613 10.1024 13.5231 -14.344 12.523 -18.613
21000400000068 71040901120 66.149 1.3273 1.7724 19.4424 1.3259 1.7705 19.4436 -34.053 26.900 3.758
21000400000057 69616271360 65.704 21.2403 11.3014 16.6504 21.2375 11.3017 16.6525 6.874 9.740 22.395
21000300000061 69454938112 65.655 0.3378 6.6322 14.7745 0.3449 6.6370 14.7717 36.911 14.522 -31.006
21000400000044 69298503680 65.605 15.0980 22.3816 5.4634 15.0995 22.3847 5.4604 -67.488 37.872 24.345
21000400000039 69179146240 65.570 20.7435 23.3507 19.1889 20.7396 23.3414 19.1908 -5.330 18.745 58.530
21000400000046 69175623680 65.564 18.4400 6.0396 17.0463 18.4414 6.0424 17.0416 16.478 126.624 16.548
21000400000020 69160443904 65.560 20.2616 16.7246 12.8348 20.2611 16.7203 12.8321 -16.888 -10.669 13.573
21000200000068 69037588480 65.524 6.9931 12.2320 23.2953 7.0088 12.2288 23.2717 -41.591 131.171 -23.370
21000400000069 69036982272 65.524 5.0313 24.3886 3.1732 5.0364 24.3962 3.1683 -93.509 81.521 44.235
21000400000037 69019492352 65.516 16.3677 9.0373 15.0041 16.3710 9.0391 15.0030 6.994 0.468 -5.940
21000400000010 67547471872 65.046 7.2445 1.7406 13.6233 7.2355 1.7394 13.6258 34.869 129.745 51.445
21000300000058 67521339392 65.042 24.2864 6.9038 17.0127 24.2801 6.9030 17.0116 2.669 66.126 -20.277
21000400000021 66787823616 64.805 15.9122 24.4886 8.3615 15.8961 24.4949 8.3506 38.158 24.733 -34.351
21000400000058 66377965568 64.669 6.1456 14.4446 10.4547 6.1437 14.4434 10.4560 3.538 -19.352 -29.946
21000500000001 66195009536 64.612 21.1220 9.7418 15.4209 21.1258 9.7378 15.4169 -6.331 18.644 7.409
21000400000062 66144948224 64.592 13.3507 23.6404 9.5040 13.3471 23.6398 9.4966 1.831 -46.982 -5.862
21000500000003 65945411584 64.532 7.6287 0.1087 11.6236 7.6292 0.1057 11.6193 16.845 -22.926 4.267
21000300000062 65936248832 64.528 5.7433 23.7964 13.2642 5.7218 23.8095 13.2996 -372.327 -677.977 -34.163
21000400000052 65866731520 64.503 1.8465 20.6087 6.4976 1.8471 20.6117 6.4945 26.694 30.515 8.945
21000500000010 65703530496 64.449 0.3846 14.4796 12.4847 0.3784 14.4913 12.4785 -28.572 -2.172 52.375
21000300000012 65299206144 64.321 3.1094 19.2284 4.7878 3.1052 19.2287 4.7824 18.210 16.514 10.871
21000500000008 65244520448 64.299 18.0673 18.3549 12.2202 18.0714 18.3561 12.2218 29.334 -8.799 -39.619
21000400000001 64876146688 64.178 24.2278 22.6959 19.7185 24.2298 22.6983 19.7182 1.778 8.010 -5.295
21000500000009 64712962048 64.123 1.2161 4.3185 19.9253 1.2201 4.3174 19.9283 -0.276 6.066 54.498
21000400000048 64628465664 64.096 24.9453 17.8236 3.8019 24.9429 17.8247 3.7989 -28.434 -1.873 24.030
21000500000002 64422182912 64.031 8.5665 16.4758 11.1852 8.5669 16.4763 11.1798 22.804 32.266 -47.182
21000500000031 63927091200 63.863 10.1357 18.2189 24.9742 10.1343 18.2151 24.9739 2.117 5.588 -4.719
21000500000004 63752003584 63.804 12.3036 20.4939 9.1707 12.2997 20.4900 9.1711 -37.457 44.707 -80.422
21000400000040 63659401216 63.774 0.7954 13.4607 9.3550 0.8065 13.4580 9.3575 -2.772 29.701 -4.677
21000400000047 63328059392 63.663 17.0175 0.8931 24.1525 17.0171 0.8795 24.1675 9.081 -19.106 -23.701
21000400000054 63289765888 63.650 1.3545 14.1713 11.9381 1.3646 14.1701 11.9439 -18.931 -28.796 12.488
21000200000013 62832668672 63.500 12.5817 6.2155 10.7848 12.5886 6.2187 10.7777 -18.331 2.283 12.425
21000500000017 62682324992 63.449 21.6039 22.6707 15.6630 21.6039 22.6715 15.6634 -0.010 13.560 0.095
21000500000006 62453907456 63.368 10.0189 14.9568 5.6913 10.0162 14.9507 5.6906 -25.303 7.253 -6.988
21000500000022 62251872256 63.303 11.4846 11.1022 14.9131 11.4814 11.1023 14.9217 31.871 -7.018 3.845
21000400000045 62245924864 63.301 12.4829 16.3072 17.2754 12.4934 16.3117 17.2744 -42.802 122.338 21.160
21000400000000 62073602048 63.242 24.6070 13.6118 9.0378 24.6054 13.6107 9.0263 30.690 -18.117 -12.664
21000500000027 62034874368 63.229 8.5547 17.9391 7.8459 8.5540 17.9395 7.8432 -57.910 -41.303 -32.147
21000200000010 61914710016 63.185 9.2946 2.4934 13.5368 9.2869 2.4854 13.5441 -47.398 25.635 -1.536
21000500000007 61871063040 63.171 0.6342 22.5516 18.1733 0.6349 22.5490 18.1734 4.353 2.377 9.047
21000400000061 61655224320 63.100 9.4287 3.1214 13.4444 9.4286 3.1217 13.4477 -1.367 30.805 7.347
21000500000024 61231599616 62.953 7.3928 12.6267 7.2744 7.3917 12.6251 7.2787 -8.667 5.032 6.723
21000500000015 60981260288 62.867 17.2816 8.9065 3.7607 17.2818 8.9037 3.7625 11.390 -15.384 -18.328
21000400000064 60796440576 62.805 21.7815 18.1337 18.6988 21.7822 18.1307 18.6968 -75.288 49.014 -66.282
21000500000019 60794634240 62.803 21.2042 22.4678 15.6164 21.2046 22.4690 15.6168 19.388 -9.208 -5.057
21000500000033 60680159232 62.763 12.8172 13.0285 16.1193 12.8208 13.0263 16.1202 0.863 9.210 -7.610
21000500000005 60505686016 62.702 21.8182 7.5460 15.9470 21.8232 7.5447 15.9465 -23.884 -29.659 -12.762
21000400000067 60462080000 62.690 3.3055 22.8764 12.0598 3.3095 22.8756 12.0616 10.974 -28.241 -36.709
21000400000016 60101738496 62.566 14.5428 2.3337 11.2755 14.5529 2.3306 11.2898 50.196 78.261 -1.048
21000500000034 60012994560 62.536 16.6210 8.9656 13.5123 16.6242 8.9606 13.5082 82.427 46.800 40.847
21000400000024 59415244800 62.324 14.6708 8.3394 1.7278 14.6698 8.3441 1.7321 18.047 -20.574 21.331
21000400000022 59356684288 62.306 24.7814 17.9707 3.1400 24.7720 17.9638 3.1337 -18.945 146.879 -95.417
21000500000026 59027423232 62.189 3.5263 18.9597 4.2362 3.5213 18.9457 4.2348 41.218 -1.204 62.698
21000500000043 58503028736 62.006 9.9320 9.0460 13.6710 9.9324 9.0496 13.6736 -13.745 5.104 -3.736
21000500000030 58473799680 61.995 20.4927 14.2037 20.6249 20.4993 14.1965 20.6230 34.936 31.258 -3.224
21000500000021 57822081024 61.762 16.4359 5.3868 22.9182 16.4353 5.3945 22.9141 -14.346 13.862 11.550
21000500000040 57718767616 61.728 19.1355 9.5805 22.9101 19.1321 9.5795 22.9074 -2.333 4.541 4.115
21000500000056 56771248128 61.386 2.1079 24.2069 21.5935 2.1069 24.2065 21.5928 12.350 3.703 15.066
21000500000049 56711774208 61.367 24.2490 18.2894 19.2655 24.2496 18.2915 19.2679 7.922 -21.325 2.254
21000400000066 56444325888 61.268 11.1459 17.9502 20.3120 11.1556 17.9446 20.3098 -76.008 -69.496 -48.539
21000500000061 56223252480 61.189 15.8493 22.1310 16.2268 15.8547 22.1296 16.2308 -30.970 -77.339 27.438
21000500000062 56130019328 61.156 24.9565 13.9283 8.5454 24.9595 13.9296 8.5454 -8.757 6.362 -7.543
21000500000012 55651246080 60.979 10.9760 17.9739 2.8326 10.9712 17.9762 2.8234 -42.783 30.260 -6.197
21000600000024 55243550720 60.830 23.6891 19.5685 18.5146 23.6895 19.5674 18.5156 -4.428 15.244 10.807
21000600000002 55236132864 60.828 23.3009 13.3452 9.6774 23.3002 13.3443 9.6778 15.928 18.615 25.500
21000600000007 54526357504 60.568 21.7236 14.9489 20.7039 21.7236 14.9476 20.7044 12.828 17.960 -9.139
21000600000009 54472953856 60.548 23.9531 13.3518 9.5493 23.9519 13.3504 9.5501 -1.225 0.153 14.443
21000500000036 54282653696 60.475 3.1907 1.1001 7.0179 3.1887 1.1078 7.0171 -45.651 -4.255 52.584
21000600000006 54210592768 60.450 12.2553 17.1220 0.9100 12.2552 17.1220 0.9094 14.075 -4.922 -2.381
21000500000051 54161952768 60.430 19.4626 7.0718 12.9672 19.4599 7.0715 12.9677 -0.783 6.148 -2.633
21000300000034 53421420544 60.152 23.8280 1.0687 14.2727 23.8237 1.0719 14.2752 0.445 -6.246 16.479
21000500000063 53264330752 60.097 11.6175 6.3395 4.1305 11.6123 6.3366 4.1258 5.093 -21.002 -43.540
21000500000014 53238640640 60.088 10.8659 19.2943 5.0636 10.8653 19.2969 5.0640 36.019 12.825 87.426
21000500000044 52841508864 59.934 8.5288 1.6733 13.8398 8.5275 1.6814 13.8451 -23.730 27.020 -67.471
21000300000046 52698832896 59.884 3.4982 0.6094 14.8911 3.5007 0.6067 14.8877 25.637 55.220 15.762
21000500000032 52520620032 59.816 2.3495 22.3193 17.8425 2.3424 22.3156 17.8278 -4.844 -106.421 40.157
21000600000010 52437483520 59.783 18.4735 5.7577 19.3466 18.4812 5.7542 19.3478 -22.932 15.983 32.861
21000500000038 52384710656 59.764 9.7497 8.3336 9.2556 9.7484 8.3321 9.2563 21.514 1.133 8.166
21000500000065 52168761344 59.679 5.8587 17.5082 23.6161 5.8491 17.5097 23.6146 18.642 166.197 120.550
21000600000041 52097241088 59.655 19.0439 1.1093 18.2107 19.0409 1.1107 18.2138 16.589 -4.205 6.564
21000500000039 51917815808 59.584 24.0302 21.6990 23.1162 24.0303 21.7004 23.1173 -23.882 -70.341 -61.294
21000600000015 51803385856 59.540 2.6946 22.6913 12.8135 2.6937 22.6896 12.8136 -55.636 -2.472 -54.774
21000600000032 51034685440 59.243 13.5246 17.2184 18.5015 13.5280 17.2180 18.4959 2.045 -13.383 4.818
21000600000026 50858053632 59.178 16.8813 9.3779 16.1796 16.8806 9.3799 16.1809 -14.128 15.580 -15.236
21000600000039 50819936256 59.163 23.5741 12.1095 8.9276 23.5745 12.1069 8.9243 19.712 3.069 13.019
21000400000034 50740408320 59.132 0.6621 22.9329 13.8968 0.6750 22.9281 13.9051 -41.548 50.076 47.615
21000600000037 50699481088 59.116 3.0464 0.5887 21.9124 3.0464 0.5889 21.9197 -30.080 -10.122 -4.015
21000600000047 50358108160 58.984 3.9037 22.4895 16.4945 3.8996 22.4887 16.4912 -2.593 21.250 -6.596
21000600000029 49087246336 58.481 14.9309 11.2804 19.5416 14.9247 11.2779 19.5407 10.559 8.686 -7.442
21000500000053 48908038144 58.410 1.0600 22.6797 17.9882 1.0563 22.6800 17.9917 33.709 8.197 28.741
21000500000054 48658264064 58.309 1.4015 13.3151 9.7800 1.4012 13.3100 9.7853 -115.881 50.894 2.865
21000600000046 48613625856 58.295 6.8349 14.8744 12.7176 6.8360 14.8751 12.7176 -1.923 1.941 -5.384
21000600000057 48362332160 58.191 21.8663 15.9946 12.6503 21.8632 15.9953 12.6530 -17.254 14.356 -12.702
21000400000063 48093028352 58.083 22.7778 11.0683 22.1712 22.7866 11.0660 22.1610 -24.622 87.085 -68.680
21000500000045 48070840320 58.076 4.0702 23.1841 11.7796 4.0637 23.1900 11.7820 30.821 59.839 4.565
21000500000025 48022126592 58.054 15.0041 24.8443 20.7417 15.0050 24.8486 20.7395 33.097 5.850 8.110
21000600000020 48018952192 58.052 6.8526 18.1083 23.2376 6.8522 18.1050 23.2291 1.753 24.886 -3.720
21000600000063 47999238144 58.046 6.7008 10.8720 9.1047 6.7023 10.8688 9.1021 -16.084 -34.845 43.246
21000300000036 47932526592 58.021 24.2705 21.2075 0.0900 24.2596 21.1877 0.0851 2.948 -27.471 -57.394
21000600000028 47866884096 57.992 23.1362 24.0197 18.2686 23.1361 24.0198 18.2669 2.646 -16.163 4.277
21000600000054 47737765888 57.942 20.8234 13.0988 21.7397 20.8245 13.0986 21.7370 -8.599 -1.443 11.185
21000500000018 47719845888 57.932 7.5775 12.1937 0.3348 7.5796 12.1964 0.3373 7.471 23.454 -8.192
21000600000021 47035293696 57.654 0.3398 7.0947 15.0535 0.3392 7.0961 15.0501 23.762 -22.752 -14.486
21000600000061 47008608256 57.643 17.7457 16.8973 24.3874 17.7501 16.8960 24.3878 -2.935 16.905 -41.629
21000600000068 46677716992 57.507 10.7221 20.9049 15.8722 10.7226 20.9007 15.8717 -2.720 11.172 40.580
21000700000012 45898866688 57.186 15.1114 15.9690 12.7481 15.1148 15.9691 12.7479 -17.607 -1.267 -29.806
21000600000030 45722832896 57.112 24.4893 17.4373 5.3958 24.4838 17.4366 5.3950 4.671 15.279 7.542
21000400000049 45704855552 57.105 7.0310 3.4538 9.3319 7.0297 3.4506 9.3345 -31.509 -2.789 -15.933
21000500000060 45354786816 56.958 19.8502 0.8655 7.8467 19.8443 0.8640 7.8407 -17.743 -32.079 16.940
21000500000067 45164281856 56.881 8.9125 23.6722 8.8845 8.9165 23.6605 8.8829 -5.886 -10.476 22.953
21000700000033 44478500864 56.591 6.3585 15.2141 13.3971 6.3618 15.2109 13.3987 23.875 -25.132 -50.852
21000700000023 44343308288 56.534 16.8725 8.7676 22.5587 16.8715 8.7683 22.5597 -9.375 -2.876 5.410
21000600000053 44175028224 56.462 18.1421 19.5615 14.6288 18.1414 19.5618 14.6288 -28.276 44.908 56.562
21000600000004 44023533568 56.397 11.9412 4.3586 8.0509 11.9431 4.3572 8.0545 63.238 10.136 -48.615
21000700000006 43536998400 56.190 21.3544 17.1323 18.0515 21.3535 17.1304 18.0552 9.901 -7.413 -23.535
21000700000005 42996559872 55.957 21.7653 0.0611 17.2086 21.7648 0.0610 17.2079 6.259 2.637 -32.011
21000600000019 42442223616 55.714 12.8828 16.6251 0.3708 12.8831 16.6319 0.3714 -12.181 8.947 -32.554
21000700000019 42340274176 55.670 10.6432 17.8885 20.8962 10.6340 17.8906 20.9017 -4.548 97.747 8.597
21000600000031 42048344064 55.542 4.7885 21.4489 13.1367 4.7848 21.4455 13.1355 -14.488 26.857 7.677
21000700000010 42043756544 55.540 16.0680 24.7897 4.6498 16.0678 24.7922 4.6517 -5.875 12.367 19.534
21000700000020 42032300032 55.536 15.7388 20.6464 14.8002 15.7375 20.6431 14.8036 16.799 -4.903 8.933
21000600000001 41775312896 55.419 19.6077 1.2043 18.1091 19.6047 1.2090 18.1057 1.561 -39.507 84.755
21000300000026 41565028352 55.327 16.0927 12.4037 9.3140 16.1037 12.3961 9.3422 -49.303 -71.250 0.572
21000700000029 41259048960 55.191 7.1763 5.2080 12.6868 7.1823 5.2065 12.6853 13.163 41.347 -15.205
21000700000048 40979099648 55.066 4.3309 14.7338 9.6823 4.3325 14.7287 9.6761 -29.163 13.271 -17.222
21000600000050 40736632832 54.958 10.0235 20.6324 6.8691 10.0268 20.6328 6.8668 2.355 7.877 4.629
21000500000069 40447401984 54.827 7.7587 12.8747 15.6267 7.7600 12.8795 15.6192 -14.683 -17.839 -14.116
21000500000035 40279801856 54.750 11.5100 18.8778 17.9166 11.5140 18.8757 17.9138 -14.051 1.435 -8.476
21000700000041 40243888128 54.736 2.8743 20.7680 21.3721 2.8723 20.7705 21.3711 28.775 20.214 5.744
21000700000003 39966121984 54.610 8.0145 1.0106 11.3319 8.0111 1.0138 11.3333 -15.902 21.734 12.891
21000600000043 39086628864 54.204 7.6544 12.1179 0.9029 7.6528 12.1158 0.9027 -17.543 10.941 30.560
21000700000055 38920146944 54.128 24.5361 17.8199 23.0854 24.5409 17.8180 23.0810 -22.913 41.589 -8.508
21000700000043 38902689792 54.121 3.7753 13.5334 23.1642 3.7730 13.5340 23.1695 -8.465 20.401 14.212
21000800000010 38867460096 54.104 15.2699 24.4615 10.1623 15.2700 24.4654 10.1614 15.559 -6.693 11.304
21000700000013 38731116544 54.041 3.6875 20.4013 21.3087 3.6890 20.3956 21.3125 22.959 0.667 -23.849
21000700000025 38375383040 53.874 18.8843 12.2794 20.1153 18.8821 12.2783 20.1155 -15.954 20.425 14.813
21000700000045 38215659520 53.798 20.9695 20.7365 15.8159 20.9685 20.7376 15.8159 -14.479 12.209 16.671
21000800000003 38148083712 53.766 14.9251 13.9668 23.2504 14.9253 13.9674 23.2536 -9.534 25.688 -22.196
21000800000004 38142357504 53.764 12.8856 13.0071 16.6860 12.8852 13.0029 16.6861 -30.433 -32.093 -38.536
21000700000001 38039420928 53.716 7.0436 5.3086 8.9599 7.0474 5.2997 8.9612 15.761 -25.337 -19.199
21000800000016 37668376576 53.540 18.8408 20.1465 14.5248 18.8436 20.1452 14.5249 -1.156 9.878 -9.428
21000700000014 37509918720 53.465 15.3525 14.3766 19.7921 15.3595 14.3765 19.7926 6.974 -12.081 13.186
21000800000019 37469728768 53.447 23.8731 16.9195 6.9331 23.8744 16.9179 6.9341 -9.929 -7.927 11.394
21000800000055 36279767040 52.875 2.0397 23.5057 17.5311 2.0407 23.5050 17.5308 1.687 12.374 10.101
21000600000036 35849228288 52.665 3.7461 22.9414 11.8598 3.7400 22.9443 11.8493 -8.234 21.248 31.436
21000700000068 35711848448 52.598 15.9639 0.3233 19.4457 15.9651 0.3240 19.4449 6.791 5.356 -5.258
21000700000059 35595636736 52.541 22.9288 23.7925 17.4631 22.9305 23.7901 17.4615 -15.006 0.730 12.494
21000800000044 35443539968 52.464 19.1785 15.6333 12.1251 19.1797 15.6336 12.1245 -17.998 -16.896 10.060
21000800000040 35073339392 52.281 4.9899 4.5103 14.1275 4.9885 4.5122 14.1289 3.769 4.589 -3.961
21000700000047 34674356224 52.084 22.9605 21.9835 21.9869 22.9588 21.9855 21.9915 -56.576 19.245 -35.515
21000800000035 34290849792 51.890 7.3132 3.1570 9.7511 7.3153 3.1546 9.7529 63.632 21.594 -46.188
21000800000012 34225639424 51.857 7.9441 13.5430 8.3645 7.9492 13.5427 8.3598 -14.724 -14.991 -19.831
21000800000067 34023536640 51.757 13.9754 20.3291 14.0397 13.9750 20.3286 14.0395 3.260 13.717 -5.297
21000800000043 33760735232 51.621 24.0366 21.9773 16.0108 24.0402 21.9767 16.0139 18.896 -8.188 -19.676
21000800000054 33065082880 51.267 12.4265 6.6522 6.0181 12.4253 6.6496 6.0163 4.438 -9.390 3.013
21000800000011 33045665792 51.253 12.6770 6.4055 3.5344 12.6752 6.4057 3.5340 1.144 5.587 7.045
21000900000007 32854659072 51.157 4.8544 17.0941 23.4882 4.8559 17.0967 23.4863 -25.060 32.692 24.845
21000600000059 32750819328 51.102 19.8859 20.3533 15.6364 19.8870 20.3501 15.6336 -4.072 -18.721 -20.152
21000900000019 32624347136 51.035 2.0659 24.8736 15.1115 2.0626 24.8751 15.1094 17.246 -16.115 -5.933
21000800000069 32176539648 50.801 14.3878 6.4563 13.9131 14.3868 6.4565 13.9137 -16.942 8.715 -29.996
21000900000001 32163420160 50.794 19.3894 20.1587 15.3603 19.3901 20.1578 15.3604 -3.495 -15.724 5.950
21000900000010 31471534080 50.429 0.7439 22.1516 16.2543 0.7424 22.1498 16.2531 -44.194 -52.532 81.497
21000900000049 31253909504 50.310 2.9913 11.2236 22.0974 2.9923 11.2240 22.0996 -18.865 -2.477 8.187
21000900000057 30603083776 49.958 11.6432 6.3612 5.5962 11.6453 6.3625 5.5958 9.113 -28.451 11.868
21000900000045 30581268480 49.947 22.6103 15.8017 12.7339 22.6135 15.8023 12.7331 -10.632 12.313 -26.208
21000900000064 29773570048 49.505 24.1610 1.4730 12.5827 24.1595 1.4756 12.5833 -0.450 6.973 -14.842
21000900000009 29731670016 49.481 14.5163 9.6408 3.3418 14.5151 9.6367 3.3509 1.743 0.793 2.849
21000900000051 29255102464 49.216 22.3154 23.0770 19.7896 22.3158 23.0778 19.7893 -3.710 -24.318 -21.599
21000900000038 29183127552 49.175 7.7694 9.7783 6.6023 7.7707 9.7777 6.6012 -0.180 7.801 -9.539
21001000000031 29073981440 49.112 21.2837 0.8478 17.8957 21.2813 0.8474 17.8957 -2.707 3.168 0.033
21000900000060 28353404928 48.703 19.9324 19.1482 14.6664 19.9314 19.1449 14.6657 -41.791 -11.449 -33.564
21000800000058 28168009728 48.597 24.0794 1.5832 12.2189 24.0786 1.5802 12.2197 7.413 -10.286 1.006
21001000000030 26013806592 47.326 5.4454 23.7950 16.3180 5.4433 23.7892 16.3177 -35.341 7.866 26.387
21000700000000 25996857344 47.315 20.9961 0.3220 17.5435 21.0017 0.3244 17.5453 2.262 78.422 -24.418
21001000000068 25922609152 47.269 4.2034 14.6427 12.5567 4.2017 14.6423 12.5537 -2.135 -7.464 -1.276
21001100000013 24108341248 46.142 1.9482 11.5866 21.8333 1.9456 11.5890 21.8351 1.889 -3.159 -19.573
21001100000038 24084664320 46.127 23.1942 13.3286 9.8565 23.1950 13.3287 9.8551 1.952 -4.842 3.410
21001200000007 24023259136 46.087 14.5427 16.6031 8.3007 14.5417 16.6021 8.2996 -5.278 3.527 -15.082
21001100000030 24016377856 46.081 21.9447 6.7046 15.9507 21.9420 6.7073 15.9533 25.518 1.541 -8.561
21001100000029 23488233472 45.743 14.3069 24.7230 17.6172 14.3075 24.7232 17.6159 9.638 7.457 3.043
