haloID mh rh halo_x halo_y halo_z gal_x gal_y gal_z spin_x spin_y spin_z
28000000000001 373687488348160 1518.192 5.5632 75.6873 47.8334 5.3055 75.4801 47.8813 10559.072 -50681.148 10688.880
28000000000003 307041910390784 1422.005 52.7998 4.9197 20.0635 52.6589 4.8977 20.0376 -7461.479 5318.493 2314.041
28000000000002 300211872202752 1411.312 8.8655 35.2843 54.4320 8.8287 35.4377 54.4528 12536.072 17189.994 6194.384
28000000000005 198486192553984 1229.491 76.6705 89.4742 41.8847 76.6497 89.5993 41.7681 -36948.383 16499.713 13355.165
28000000000004 196278629695488 1224.920 78.1654 77.1784 42.5653 78.4613 77.5133 42.8515 -62970.230 19963.172 2946.797
28000000000000 187096425824256 1205.522 17.1085 79.7678 52.7178 16.9026 79.6659 52.7892 -12048.522 23612.346 6668.949
28000000000006 130211144269824 1068.318 61.7226 33.2962 20.6576 61.1017 33.2563 20.5228 10148.789 11655.172 -87733.711
28000000000009 95861631614976 964.669 87.6713 50.5788 4.6929 87.6810 50.5406 4.6741 1389.391 2756.894 -2168.803
28000000000008 93881265815552 957.987 84.9219 47.6131 7.9736 84.9195 47.5335 8.0407 -5446.306 2772.508 1065.644
28000000000007 92568826150912 953.479 72.4475 28.8073 26.8023 72.5321 28.7743 26.8563 -651.786 115.585 1598.967
28000000000011 78165451997184 901.221 12.2352 77.3266 46.1887 12.2942 77.3766 46.2900 -16955.506 -23900.010 19342.744
28000000000010 75367498907648 890.314 54.3010 96.4796 20.3340 54.3122 96.4501 20.3522 5332.674 -1103.110 2456.720
28000000000015 74684490055680 887.612 37.3585 44.8159 97.1804 37.3450 44.8447 97.2113 2903.281 -4831.521 -1478.284
28000000000017 67434170023936 857.927 33.7630 66.1421 9.3840 33.7458 66.1691 9.3920 -1443.756 -2907.321 -3264.303
28000000000012 62208008519680 835.159 76.8227 61.8617 70.9275 76.9095 61.8644 70.8413 1180.595 364.438 -172.265
28000000000014 60606170267648 827.917 69.2591 81.3388 87.3821 69.2511 81.3104 87.5109 -3919.425 7738.133 -535.701
28000000000019 58008113512448 815.930 13.4446 77.8158 49.8088 13.4132 77.7870 49.8691 -3095.936 -23180.715 -5544.754
28000000000020 57447993573376 813.268 82.3974 13.1701 57.8623 82.3802 13.1723 57.8500 1182.018 931.080 -604.529
28000000000018 56803379380224 810.236 74.3577 5.3973 76.6362 74.2512 5.3469 76.6859 4161.275 -26504.037 -7255.583
28000000000021 53382358237184 793.658 79.8656 1.5783 40.3663 79.8602 1.5616 40.3766 -1778.332 -2528.536 -6899.551
28000000000016 48542760566784 768.882 67.8054 3.1415 98.9822 67.7953 3.0881 98.9957 -139.203 3265.638 -9124.535
28000000000023 48139478237184 766.777 54.6201 35.9786 34.3602 54.6222 35.9584 34.3138 461.643 819.396 -343.302
28000000000024 47468951633920 763.171 92.4199 56.9700 1.4836 92.4123 57.0456 1.7401 6600.783 9993.026 -3148.675
28000000000013 47460063903744 763.120 34.8696 78.0173 61.2600 34.9754 78.0364 61.2763 -1548.625 2818.741 -91.614
28000000000022 44872740372480 749.003 75.3650 26.9511 61.2328 75.4249 26.9613 61.1898 2183.819 -5250.938 7463.302
28000000000027 42853476597760 737.570 66.3468 53.8505 83.3639 66.3282 53.8318 83.4161 -307.057 -2441.818 -1565.516
28000000000025 42420091748352 735.096 81.3880 8.5871 68.3423 81.3181 8.5475 68.3810 -3344.007 1916.365 1157.978
28000000000032 40183240065024 721.970 21.2369 78.7303 49.9912 21.2262 78.7349 49.9926 1844.421 -99.137 1140.622
28000000000033 39928436097024 720.401 85.1208 82.4944 39.2785 85.1169 82.5139 39.2830 2.615 -2737.676 -878.466
28000000000026 39752535375872 719.359 37.7372 88.4994 43.8324 37.5588 88.3626 43.7570 9552.755 -12406.377 681.713
28000000000028 39247251767296 716.275 83.9949 62.9421 45.0916 83.9787 62.9708 45.0315 -294.985 2724.169 1972.455
28000000000034 39055043592192 715.111 70.7284 36.6281 33.7205 70.7077 36.6209 33.6908 3325.564 56.683 -2693.358
28000000000042 38260298481664 710.260 91.1893 52.4664 92.7134 91.0917 52.3825 92.5991 10703.004 -31939.336 6929.479
28000000000031 37564924821504 705.885 47.5173 15.8932 8.9090 47.5160 15.8849 8.9123 90.100 17.079 1260.346
28000000000037 36486351159296 699.074 95.7378 63.6312 53.7190 95.7002 63.6305 53.7293 974.813 962.316 951.960
28000000000038 36402095980544 698.557 4.4411 59.7195 54.0793 4.4530 59.6446 54.1104 8220.558 -1461.259 -7029.283
28000000000041 35240655454208 691.062 58.1429 42.1195 89.9181 58.1297 42.1256 89.9250 2389.367 3385.270 536.642
28000000000035 35146130522112 690.420 85.2317 45.3104 23.9202 85.2607 45.3006 23.9371 -2098.730 -1609.061 -1386.044
28000000000045 34696392081408 687.455 99.7859 71.1782 36.6089 99.7757 71.1964 36.5734 -7825.958 -1949.403 -6137.837
28000000000051 32986821033984 676.006 85.0827 47.5506 22.8601 85.0329 47.6328 22.7751 -6188.311 -2039.947 1052.546
28000000000040 32793453133824 674.643 65.9311 80.3878 62.5491 65.9178 80.3693 62.5283 -132.500 -494.782 343.939
28000000000029 32441261621248 672.236 24.7496 66.2668 10.0260 24.7124 66.2166 10.0810 4311.567 386.599 1389.564
28000000000043 32367716597760 671.704 78.0886 30.4123 55.8866 78.0751 30.4338 55.8977 -2243.690 3161.162 -3420.741
28000000000047 31014770442240 662.231 74.6518 54.6231 40.1049 74.6378 54.6284 40.0879 -1139.582 455.389 3658.537
28000000000053 29965724680192 654.696 13.3149 98.0248 59.3089 13.3066 97.9863 59.2873 1284.060 3234.424 1363.195
28000000000039 29808935305216 653.534 79.1317 48.7269 57.9308 79.1311 48.7163 57.8636 -9966.213 11869.751 -7834.354
28000000000044 29644514394112 652.338 43.6906 77.6070 35.1695 43.8013 77.5353 35.2132 -8643.887 -9054.357 -1608.668
28000000000052 29245669638144 649.384 85.6411 61.3673 40.2570 85.6416 61.3735 40.2610 2805.069 287.275 -3360.677
28000000000046 28817640914944 646.208 13.4488 14.0612 59.9207 13.4403 14.1287 59.9270 2418.666 1448.629 1822.546
28000000000055 28526453456896 644.046 60.1110 46.7433 96.1115 60.0109 46.7323 96.1337 -3160.866 3899.922 -6314.247
28000000000048 27433430417408 635.698 96.5822 20.2551 45.8614 96.5752 20.1285 45.8500 1443.924 1136.486 499.146
28000000000050 27150052753408 633.483 67.0716 31.1060 23.6848 67.0285 31.1160 23.6814 -443.234 -211.117 -216.999
28000000000062 26976744112128 632.162 7.0355 40.0582 83.1210 7.0060 40.0526 83.0903 -12466.666 -5599.395 5484.587
28000000000058 26733432537088 630.231 77.8133 50.2166 59.6352 77.7195 50.2278 59.6592 -2008.943 -3660.013 -4837.578
28000000000066 26331972632576 627.070 31.3226 10.5028 11.8961 31.3194 10.5520 11.8832 4293.459 2397.930 6903.941
28000000000059 26110574198784 625.300 54.1151 46.2056 79.1257 54.1105 46.1521 79.1222 1521.443 -1293.159 -1579.852
28000000000060 25779555532800 622.656 70.1383 56.9234 71.6880 70.1185 56.9280 71.6765 -190.941 -1742.142 -2342.632
28000000000030 25642229825536 621.547 36.1630 10.5097 7.9628 36.1567 10.5448 7.9185 -1790.966 7238.828 1263.768
28000000000056 25620683685888 621.377 69.7514 55.6127 74.5666 69.7551 55.6129 74.5474 -1903.171 8.897 2564.466
28000000000068 25182833999872 617.828 13.8334 75.3976 26.4132 13.8145 75.4135 26.4952 3997.065 -8181.670 -2294.374
28000000000061 23925708816384 607.374 29.7782 22.9509 94.3942 29.7496 22.9911 94.4022 2098.912 1621.848 413.317
28000000000076 23237662605312 601.469 69.3162 64.9701 96.7920 69.3054 64.9551 96.7781 -190.268 -2326.387 1351.683
28000000000071 23020051628032 599.595 50.4131 86.9918 12.5124 50.2989 86.9616 12.4452 7816.251 1856.196 -13700.801
28000000000064 22542643363840 595.428 96.0055 56.1410 96.6530 96.0604 56.1492 96.6131 453.567 -1026.754 373.138
28000000000070 22535324303360 595.364 57.6273 7.8772 19.7441 57.4791 7.8765 19.7695 -5619.561 6967.183 -20936.609
28000000000036 22380470599680 593.990 58.6429 41.7233 38.2745 58.7161 41.6962 38.2106 -1417.577 -879.456 -303.135
28000000000069 21811288866816 588.893 51.8748 19.5607 10.9058 51.8659 19.6041 10.9119 -5145.293 -1590.305 6553.660
28000000000065 21256627814400 583.876 64.3670 80.3777 95.7660 64.3217 80.3140 95.7724 -2911.436 7246.662 3009.653
28000000000063 20867211853824 580.282 63.1176 54.5984 89.2537 63.0653 54.5947 89.3741 -3435.990 4065.532 -2038.877
28000000000080 20018047746048 572.313 26.5865 29.5415 87.3518 26.5894 29.5403 87.4646 -5699.024 -2973.544 -2059.938
28000000000067 20018016288768 572.313 28.2942 78.3558 59.0849 28.2266 78.3675 59.1217 510.234 -8436.105 4518.667
28000000000081 19716882038784 569.435 60.0942 44.6254 39.5610 60.0830 44.6348 39.5480 -60.600 514.403 -685.216
28000000000073 19700843020288 569.270 90.8360 46.1712 69.6219 90.8476 46.1736 69.6196 2057.383 2985.274 3427.979
28000000000049 19397154439168 566.319 6.1099 52.9541 50.5111 6.1936 52.8931 50.5488 -444.693 -60.445 -1153.641
28000000000083 18874296696832 561.204 70.9507 78.6998 85.9074 70.9608 78.6912 85.9094 1344.500 -590.114 -343.028
28000000000077 18846786256896 560.928 89.0193 48.6661 79.1152 89.0218 48.6394 79.1263 -701.237 1255.887 673.518
28000000000104 18674687672320 559.202 92.7197 37.5008 60.5530 92.6982 37.4046 60.5609 930.841 -1012.730 -245.980
28000000000087 18548489453568 557.950 65.9617 67.9915 14.9098 65.9146 68.0486 14.8648 -987.915 3779.518 4862.010
28000000000078 18304315949056 555.483 81.1430 62.7902 64.5213 81.1477 62.8125 64.5340 -915.056 122.982 -1236.885
28000000000086 18028964085760 552.685 1.1778 42.9001 96.3756 1.1541 42.8867 96.3601 -800.203 1483.285 1652.165
28000000000091 17991611711488 552.323 65.8278 4.7002 23.7156 65.8142 4.6979 23.7332 -683.152 -866.403 116.623
28000000000085 17905911595008 551.413 16.2850 79.3261 48.3945 16.3145 79.3351 48.3767 -109.272 -378.265 898.291
28000000000079 17844372766720 550.803 78.3646 7.6516 71.2614 78.4248 7.6392 71.2967 2345.037 -11015.072 -4144.614
28000000000084 17806999420928 550.419 36.9077 75.6773 44.8987 36.9208 75.6606 44.9081 -1746.506 2906.682 4340.021
28000000000102 17176282005504 543.827 79.2422 75.4299 19.2231 79.2475 75.4210 19.2117 -219.500 -757.630 291.046
28000000000108 16922080968704 541.146 51.1258 92.1121 60.4110 51.1471 92.1123 60.4186 920.330 -158.210 344.050
28000000000094 16916151271424 541.069 58.8575 89.7407 42.3011 58.8622 89.7408 42.2990 -136.544 -526.509 839.528
28000000000093 16830666113024 540.141 95.5155 66.4147 35.2216 95.5047 66.4004 35.2175 602.371 -364.294 944.951
28000000000103 16821160771584 540.061 60.6638 29.9800 22.0254 60.6610 29.9848 21.9983 5031.240 -1375.855 590.748
28000000000099 16804006068224 539.879 75.5909 76.9842 48.5065 75.5880 76.9821 48.5140 -3681.907 -5054.958 757.231
28000000000109 16787205783552 539.676 71.9137 73.3443 84.4423 71.8554 73.3687 84.4283 1824.726 1775.569 2269.806
28000000000107 16578432204800 537.451 37.9858 38.0097 72.6565 37.9983 38.0169 72.6590 370.097 -1404.156 34.823
28000000000112 16355308863488 535.033 65.3348 81.6612 57.1401 65.3373 81.6583 57.1435 360.305 -367.851 -9.145
28000000000096 16308813955072 534.525 56.2189 56.9247 99.6598 56.2158 56.9221 99.6708 355.885 -524.493 -99.587
28000000000089 16077678444544 531.990 75.0868 23.1491 30.3686 75.0991 23.1375 30.3960 -2823.937 -761.352 1206.165
28000000000100 15937232175104 530.446 73.3117 62.5190 41.3677 73.3208 62.4831 41.3649 872.756 307.297 370.734
28000000000088 15745100546048 528.285 54.2531 48.3915 97.2539 54.2149 48.4200 97.2838 1075.872 -24.301 1615.250
28000000000116 15540464648192 525.995 16.0274 82.4711 63.3329 16.0073 82.4734 63.3323 1104.020 -3083.587 447.030
28000000000095 15408819077120 524.497 35.1796 38.7999 93.6493 35.2068 38.7978 93.6538 631.104 4546.143 -6293.234
28000000000097 15400243822592 524.411 69.6697 5.8944 94.3656 69.6461 5.8973 94.3516 -69.324 -355.498 -132.313
28000000000110 15365346164736 524.020 3.3841 57.4198 54.8485 3.3739 57.3967 54.8739 2568.559 2002.534 3229.376
28000000000115 15271051919360 522.947 53.7955 91.4756 36.0112 53.7635 91.4353 36.0223 -450.833 1619.544 623.476
28000000000105 14872729354240 518.351 77.2063 7.7258 73.5218 77.1770 7.7054 73.5308 -4085.122 2490.831 4271.496
28000000000075 14745898844160 516.863 52.8576 0.9624 5.1444 52.7550 0.8985 5.1236 48.612 -1725.429 7631.842
28000000000054 14559255461888 514.687 87.8338 1.1033 29.9920 87.8228 1.1799 30.0697 6738.850 1952.279 -840.573
28000000000106 14512731193344 514.131 91.6354 14.3232 37.1397 91.6215 14.2975 37.1249 -526.164 1629.499 -1441.515
28000000000098 14270764941312 511.252 73.2338 8.9080 89.5476 73.2700 8.8959 89.5645 452.749 90.582 -645.642
28000000000128 14144498565120 509.730 56.9332 55.5440 44.5979 56.9372 55.5504 44.6089 -640.391 -1296.903 50.018
28000000000111 14048244531200 508.598 13.5376 67.0664 1.0620 13.5027 67.0575 1.0560 -317.378 -402.813 -432.492
28000000000132 13805968949248 505.648 35.0256 71.9873 43.6851 34.9820 72.0257 43.6761 -668.207 -978.851 -2508.694
28000000000074 13759059853312 505.077 99.9475 72.5266 48.8099 99.9322 72.5419 48.8127 -1103.841 -75.875 1301.676
28000000000130 13645804208128 503.680 79.8915 43.2404 55.4472 79.8825 43.2427 55.4478 125.975 850.244 -1601.712
28000000000123 13550729822208 502.493 87.0127 69.3419 13.1680 86.9920 69.3401 13.1559 -106.452 -196.999 575.988
28000000000135 13319739015168 499.648 32.2083 76.9458 47.1659 32.1321 76.9697 47.1773 -519.368 -6885.922 -2312.754
28000000000092 13166002044928 497.705 78.0248 64.2915 72.7293 78.0342 64.3549 72.6623 809.743 -2647.885 -3939.645
28000000000114 13110214656000 497.005 82.4851 37.9861 8.8850 82.4824 37.9842 8.8641 3116.365 -365.234 1300.899
28000000000122 13047984816128 496.208 89.4662 42.8874 94.7320 89.4758 42.8772 94.6978 130.282 -115.453 -672.875
28000000000147 13029216354304 495.969 2.6828 28.0460 62.8912 2.6940 28.0183 62.7737 1810.567 1808.646 -539.245
28000000000101 12906909401088 494.419 57.8689 86.9933 23.9479 57.8967 86.9679 23.9819 2832.105 263.411 2773.203
28000000000125 12704281526272 491.810 2.3847 62.9185 89.5637 2.4082 62.8973 89.5690 197.822 436.973 -163.209
28000000000145 12693960392704 491.691 92.5119 66.9428 47.9745 92.5019 66.9306 47.9712 -249.110 -582.354 -669.716
28000000000124 12578338111488 490.203 6.5753 49.3181 51.3033 6.5788 49.3734 51.2601 -4984.510 3379.840 4158.386
28000000000136 12519436451840 489.416 66.1776 80.7681 91.8780 66.1809 80.7448 91.8527 -461.795 1877.135 -487.597
28000000000117 12140096258048 484.420 2.7411 91.3777 42.4885 2.6998 91.3144 42.6241 1481.891 3787.215 2768.342
28000000000144 12120380932096 484.150 82.1662 60.8756 43.5352 82.1591 60.8558 43.5631 16.519 5909.180 -1780.181
28000000000134 11957028519936 481.977 50.2452 37.0758 97.3318 50.2361 37.0932 97.3737 86.984 178.082 -1071.764
28000000000121 11935200313344 481.691 82.7580 33.2737 9.2165 82.7657 33.2698 9.2098 -2450.244 884.164 -2824.392
28000000000158 11813780455424 480.037 63.5850 84.5566 90.3376 63.5878 84.5735 90.3405 700.373 202.485 1591.501
28000000000148 11789533184000 479.702 82.5918 8.9655 56.6093 82.5934 8.9624 56.6019 2567.750 -2315.760 425.721
28000000000119 11633434820608 477.593 53.3720 95.0906 95.1361 53.3687 95.1064 95.1666 -196.169 390.048 -2694.720
28000000000138 11630130757632 477.558 38.6324 27.3139 47.4513 38.6293 27.3026 47.4466 -2282.010 2500.050 1387.945
28000000000159 11599592030208 477.138 77.9007 91.1319 4.7118 77.8838 91.1167 4.7295 653.216 708.514 2384.903
28000000000113 11391029215232 474.258 84.4296 23.9470 50.5890 84.4146 23.8759 50.6498 -1801.015 -8868.193 -12119.567
28000000000154 11374199570432 474.015 47.5363 9.9719 38.2732 47.5424 9.9758 38.2676 -567.587 88.070 370.975
28000000000127 11373530578944 474.013 4.2257 25.1247 70.3881 4.2536 25.0730 70.3617 539.769 430.029 263.060
28000000000155 11353836224512 473.729 27.2046 78.3280 52.5833 27.2005 78.3228 52.5733 -1819.004 2979.467 -543.079
28000000000151 11306324197376 473.059 34.3323 93.1074 0.3753 34.3314 93.0834 0.3584 -1237.096 147.795 1612.271
28000000000072 11287595581440 472.820 4.2838 23.2084 68.9049 4.3020 23.1503 68.8678 -806.325 -2452.823 2062.159
28000000000137 11099666644992 470.178 85.7197 35.0370 77.1382 85.6756 35.0718 77.1512 515.322 852.202 503.060
28000000000141 10953803431936 468.113 97.8404 45.0447 0.2099 97.8298 45.0387 0.2053 1132.741 -796.618 1369.836
28000000000166 10952394145792 468.086 86.7053 14.9253 64.7531 86.7043 14.9043 64.7358 1497.636 -578.407 117.288
28000000000142 10920004681728 467.627 35.5028 37.3805 88.3582 35.4898 37.3582 88.3332 72.693 674.020 1442.239
28000000000090 10899648675840 467.331 89.4013 57.8305 11.6521 89.4541 57.8986 11.5809 -1341.983 -3490.565 -4931.646
28000000000149 10882264334336 467.098 87.0911 65.1016 57.8573 87.0996 65.1089 57.8475 1835.058 -1853.485 821.181
28000000000160 10843504771072 466.521 16.2452 34.2820 52.1355 16.2681 34.3329 52.1199 -1364.220 -1361.527 -5208.386
28000000000126 10711809916928 464.633 78.2786 33.4250 54.6558 78.2860 33.4693 54.6211 267.322 -1288.873 -334.800
28000000000143 10639421472768 463.587 23.7896 42.4215 83.1096 23.8017 42.4013 83.0987 -120.419 -34.266 -414.157
28000000000169 10606722678784 463.109 80.3851 97.5421 14.4656 80.3285 97.5299 14.4018 -782.826 -248.414 -273.523
28000000000161 10553996083200 462.332 36.4948 65.7066 7.2635 36.4741 65.7123 7.2704 -1382.282 1976.796 -2407.434
28000000000198 10513785290752 461.746 40.5853 98.0572 99.2390 40.5969 98.0638 99.2491 -190.120 -217.049 6.472
28000000000181 10509076135936 461.680 34.6102 16.0536 58.0848 34.6122 16.0475 58.0765 661.115 -978.406 1232.589
28000000000057 10485933015040 461.348 71.6586 67.6137 88.1990 71.6513 67.5988 88.1693 708.257 2254.305 -216.593
28000000000129 10425123995648 460.444 75.7040 77.1337 40.7562 75.6606 77.1492 40.7355 -988.363 -1526.258 -2565.469
28000000000167 10411037425664 460.225 42.0486 80.2808 38.2474 42.0438 80.2711 38.2365 231.943 476.068 -1110.494
28000000000175 10395821539328 460.015 86.4084 93.1047 59.0535 86.4159 93.1194 59.0431 491.133 581.786 -745.379
28000000000163 10238808817664 457.689 45.9971 90.3049 45.9643 46.0067 90.2942 45.9784 342.205 -960.001 -1082.366
28000000000157 10237106978816 457.659 50.5668 35.4430 41.2955 50.5621 35.4647 41.2962 -2174.778 2906.243 2503.967
28000000000152 10227191644160 457.519 43.7251 89.5665 74.9087 43.7367 89.5484 74.9057 1258.476 147.610 -180.091
28000000000177 10217569910784 457.387 60.7581 96.9184 93.2397 60.7755 96.9154 93.2315 355.621 -274.040 -953.610
28000000000187 10121492037632 455.950 42.5768 69.3226 22.2006 42.5666 69.3035 22.1959 9501.950 -10241.917 -4049.979
28000000000195 10114906980352 455.845 29.9777 92.6954 38.3872 29.9560 92.6997 38.4260 -245.736 -5410.466 2777.984
28000000000184 10004839006208 454.171 14.3867 5.5971 99.2422 14.3818 5.5937 99.2406 -112.311 1112.463 -26.152
