haloID mh rh halo_x halo_y halo_z gal_x gal_y gal_z spin_x spin_y spin_z
28000000000000 14925691879424 518.966 16.5566 24.4938 17.7077 16.5493 24.4904 17.7245 63.343 -21.803 53.209
28000000000001 9141835792384 440.723 5.2804 14.1840 11.1873 5.2151 14.0965 11.2037 -3947.370 2421.382 -803.553
28000000000004 5628720840704 374.927 9.3166 12.9927 3.0267 9.2873 12.9656 3.0268 2075.613 -2027.855 42.001
28000000000007 4930229239808 358.751 6.5316 24.1707 11.3500 6.5294 24.1531 11.3730 -806.918 557.987 480.114
28000000000010 4668531933184 352.269 22.8815 0.0500 16.0673 22.8814 0.0507 16.0782 -132.041 505.323 -41.061
28000000000006 4305676664832 342.896 19.5362 13.3784 11.5686 19.5399 13.3752 11.5685 -74.452 -53.777 1023.295
28000000000008 4088448679936 337.043 20.9803 21.3556 15.9143 21.0575 21.3869 15.9733 -221.866 -5454.748 2428.526
28000000000009 3925286060032 332.495 12.3488 19.6489 16.5078 12.3471 19.6458 16.5136 -60.533 274.927 126.623
28000000000011 3794452086784 328.756 12.7689 7.7836 5.0325 12.7329 7.7864 5.0353 -847.922 -360.472 428.983
28000000000003 3706646167552 326.200 23.7646 22.2832 18.2461 23.7313 22.3202 18.1955 -116.914 1871.840 542.319
28000000000002 3667165446144 325.029 22.9696 23.7008 16.8424 22.9824 23.6342 16.7995 730.679 -464.823 575.769
28000000000012 3353958940672 315.502 10.6281 17.0394 3.9226 10.6285 17.0428 3.9116 68.942 -434.434 -51.578
28000000000013 3220509032448 311.254 11.4936 20.3748 10.6927 11.4764 20.3640 10.6853 -243.515 -490.096 157.122
28000000000018 3146898997248 308.875 17.3841 3.5933 19.5478 17.3723 3.5804 19.5597 -1523.994 1116.628 -855.063
28000000000015 3001798361088 304.042 22.1373 3.5082 15.7485 22.1444 3.4853 15.7005 1655.781 1996.410 -1115.177
28000000000005 2802507317248 297.167 13.8585 11.0457 6.5864 13.8667 11.0454 6.6045 226.646 -184.070 -85.545
28000000000019 2568342208512 288.654 13.5443 20.4007 15.6868 13.5365 20.4039 15.7057 63.881 135.677 -84.732
28000000000020 2309899157504 278.617 7.7890 19.6909 19.4927 7.7787 19.6768 19.4858 -287.569 446.435 273.757
28000000000016 2203357020160 274.277 9.8547 2.6164 13.1511 9.8612 2.6059 13.1639 347.788 679.390 -450.905
28000000000017 2140393308160 271.637 7.6158 10.3962 8.1982 7.6438 10.3986 8.1840 20.923 204.431 79.924
28000000000021 2139608186880 271.601 10.4981 15.4071 5.1948 10.4716 15.3884 5.1862 703.195 -33.958 -243.764
28000000000022 1913088245760 261.649 9.2707 10.7232 5.2556 9.2688 10.7189 5.2562 1103.152 -191.196 -1682.267
28000000000023 1824743096320 257.564 18.4306 1.1837 17.5248 18.4195 1.1895 17.5341 411.948 -259.151 -87.951
28000000000026 1528723800064 242.819 14.3633 13.6365 0.0964 14.3648 13.6321 0.0896 902.049 312.505 401.186
28000000000024 1511279296512 241.880 7.2144 0.7776 13.2799 7.1829 0.8565 13.2377 -310.841 -389.269 -277.907
28000000000028 1464841011200 239.387 20.9011 3.1604 15.9305 20.9017 3.1699 15.9343 -351.418 493.929 558.735
28000000000027 1427487195136 237.334 6.5885 23.2115 12.5642 6.5889 23.2076 12.5666 -29.635 -96.010 94.053
28000000000029 1329592532992 231.777 10.5715 17.0360 5.6467 10.5742 17.0367 5.6469 664.233 385.302 1575.272
28000000000014 1309372710912 230.594 5.0798 22.0724 13.1989 5.0757 22.0329 13.2527 -2261.201 2534.278 1968.107
28000000000030 1277746872320 228.728 4.1431 21.5229 14.1574 4.1184 21.5221 14.1785 157.581 668.337 -289.660
28000000000025 1225069953024 225.536 22.5600 16.1658 13.2754 22.5586 16.1569 13.2696 89.866 -442.772 242.668
28000000000032 1212158443520 224.734 21.4698 5.2903 15.2145 21.4684 5.2893 15.2192 26.538 -159.929 -78.306
28000000000033 1079781818368 216.242 13.1611 15.8315 17.7099 13.1642 15.8313 17.7119 338.134 175.029 171.432
28000000000034 954541473792 207.524 20.7850 16.9252 18.4349 20.7818 16.9214 18.4332 -185.873 277.729 606.095
28000000000038 932678467584 205.943 19.9533 0.2127 16.8124 19.9510 0.2124 16.8123 -451.313 720.456 -789.156
28000000000031 896529989632 203.242 15.8063 12.1948 9.7960 15.8099 12.2061 9.7896 214.691 315.340 -1305.576
28000000000037 885498118144 202.406 1.4852 17.5898 4.3576 1.4933 17.5858 4.3668 470.796 175.854 230.678
28000000000035 867632218112 201.037 10.6254 19.3274 7.4511 10.6180 19.3319 7.4493 -450.051 14.102 -734.770
28000000000042 828197634048 197.940 16.4431 9.2828 23.1813 16.4367 9.2792 23.1859 280.679 -405.426 260.473
28000000000045 824901173248 197.680 1.5326 8.4973 14.3102 1.5359 8.4952 14.3119 -196.376 -212.087 -139.501
28000000000041 813565673472 196.761 12.7745 7.1964 10.3288 12.7691 7.1961 10.3318 392.042 17.870 718.944
28000000000040 812925386752 196.721 18.4208 11.0434 18.9635 18.4175 11.0411 18.9611 629.787 481.613 654.437
28000000000036 799560826880 195.627 15.6876 8.6351 0.3152 15.6849 8.6209 0.3298 960.682 -2.642 324.208
28000000000039 768303955968 193.047 18.6030 20.7908 15.3447 18.6117 20.7913 15.3458 -96.497 -151.681 281.826
28000000000048 721230692352 189.024 8.8962 21.6889 12.7525 8.8986 21.6894 12.7533 3.884 803.932 260.082
28000000000049 688102572032 186.077 2.1844 15.5719 8.6967 2.1832 15.5734 8.6963 83.027 -134.925 -104.769
28000000000052 664249040896 183.911 6.5588 1.9362 13.3638 6.5593 1.9353 13.3617 130.957 -183.585 -415.311
28000000000054 655039725568 183.050 12.0840 20.6316 10.8899 12.0803 20.6313 10.8918 19.211 16.321 22.575
28000000000051 638508531712 181.499 21.2589 18.9044 17.5135 21.2559 18.9048 17.5132 246.878 58.419 -296.543
28000000000047 622117126144 179.935 15.8777 8.7015 24.0546 15.8616 8.7076 24.0477 367.775 734.137 389.373
28000000000053 614174425088 179.171 9.4129 19.5941 18.7426 9.4110 19.5948 18.7365 2.559 89.470 -35.270
28000000000046 611303620608 178.884 16.6463 21.0137 15.1250 16.6368 21.0154 15.1133 -62.900 -15.186 52.430
28000000000044 599065362432 177.685 13.2355 11.7689 14.6573 13.2362 11.7585 14.6575 -246.266 -329.025 90.204
28000100000000 532917977088 170.890 14.0353 17.3726 18.3572 14.0447 17.3682 18.3596 41.635 -160.189 -94.524
28000000000056 517890899968 169.257 6.9342 23.4644 10.8045 6.9371 23.4647 10.8022 -343.053 202.943 -355.936
28000100000003 502776987648 167.595 19.8568 2.4474 16.5945 19.8581 2.4474 16.5937 25.639 -515.480 -174.577
28000100000002 497518575616 167.020 10.3107 16.9914 0.2545 10.3123 16.9926 0.2574 243.993 47.680 -2.222
28000100000001 492888326144 166.499 10.3386 3.7818 12.5597 10.3444 3.7852 12.5648 -278.878 224.054 157.187
28000100000004 485857722368 165.697 21.1458 11.1393 21.7764 21.1470 11.1380 21.7794 165.339 22.514 -685.043
28000000000057 485390123008 165.652 6.0708 12.6063 9.8806 6.0592 12.6204 9.8908 -482.694 -116.991 -782.725
28000000000043 455018086400 162.120 14.6590 13.2047 11.3840 14.6922 13.2146 11.3671 38.345 14.664 -323.907
28000000000050 448744423424 161.369 1.8550 22.3086 15.9744 1.8507 22.3000 15.9696 172.920 -237.937 60.368
28000100000009 443042037760 160.682 11.4055 4.1899 9.8832 11.4108 4.1930 9.8763 -29.043 1.305 -15.635
28000100000013 442331987968 160.596 19.9738 19.9848 15.2812 19.9725 19.9850 15.2798 -483.458 -152.600 -276.940
28000100000014 439840964608 160.294 6.7985 3.1330 13.5404 6.8017 3.1370 13.5381 57.946 -136.569 -225.065
28000100000012 425562865664 158.544 13.3254 6.1320 2.8924 13.3355 6.1370 2.8908 -20.475 -60.326 19.513
28000100000011 421234671616 158.003 19.6884 15.7689 12.5004 19.6821 15.7666 12.4979 -215.194 167.262 285.303
28000100000007 417327906816 157.516 11.8755 5.6473 11.2639 11.8759 5.6512 11.2652 -32.566 0.669 -8.599
28000100000017 405893939200 156.059 20.9161 20.1861 16.6657 20.9183 20.1856 16.6691 -240.850 -12.055 228.593
28000100000006 404089864192 155.824 13.2504 20.9339 22.9064 13.2513 20.9343 22.9005 82.104 164.156 -38.281
28000100000010 393367552000 154.440 0.6689 17.6154 21.3769 0.6687 17.6138 21.3733 -12.383 11.413 -9.439
28000100000021 386524315648 153.539 11.6186 6.7950 11.5516 11.6180 6.7932 11.5513 -35.132 -33.069 -23.645
28000100000023 376633556992 152.218 11.6641 5.1194 11.2269 11.6649 5.1221 11.2251 47.027 16.522 33.244
28000000000058 372993196032 151.724 0.4691 13.9149 10.1646 0.4809 13.9006 10.1190 -515.497 -1669.499 435.073
28000000000055 371688210432 151.549 15.5069 15.0575 19.6592 15.5200 15.0373 19.6541 5.341 -274.560 -19.805
28000100000016 371390611456 151.505 10.3340 9.6188 12.7216 10.3240 9.6233 12.7316 -14.689 -114.576 37.338
28000100000022 369366007808 151.229 14.4716 3.8563 6.1517 14.4800 3.8550 6.1525 6.714 -90.001 223.380
28000100000020 359362854912 149.855 7.6618 6.7163 9.1814 7.6597 6.7186 9.1849 2.030 8.658 38.665
28000100000019 356764319744 149.491 9.9963 18.2024 22.3513 9.9936 18.2057 22.3492 -334.443 -572.550 -25.972
28000100000025 343416602624 147.602 7.1800 1.1701 10.7508 7.1804 1.1670 10.7530 -122.140 -65.996 -181.549
28000100000033 335053848576 146.398 24.9667 17.3349 0.0513 24.9708 17.3342 0.0475 -81.489 270.950 -170.285
28000100000034 331322195968 145.857 3.1135 6.4242 14.0586 3.1116 6.4218 14.0596 30.959 73.596 89.008
28000100000026 325316542464 144.969 2.6292 15.9729 8.5303 2.6301 15.9686 8.5325 -176.818 131.146 -182.355
28000100000040 315021230080 143.424 16.2685 8.8799 14.4097 16.2775 8.8897 14.3858 217.267 -88.738 76.801
28000100000005 313139527680 143.127 13.0151 11.1198 12.0526 13.0183 11.1268 12.0866 165.535 -101.694 -35.437
28000100000027 307801391104 142.318 0.7891 22.9939 15.1240 0.8305 23.0047 15.1231 120.883 -548.405 -195.772
28000100000035 302867316736 141.546 17.7343 13.4531 10.7450 17.7367 13.4525 10.7472 35.899 -4.728 15.770
28000100000031 299732238336 141.057 16.9588 0.1053 5.5661 16.9580 0.1052 5.5654 -16.106 -35.441 -0.148
28000100000037 296594604032 140.569 23.2894 21.6904 17.9902 23.2933 21.6850 17.9960 -8.787 -20.651 -10.299
28000100000042 295530692608 140.401 10.9780 17.2785 2.9344 10.9755 17.2763 2.9339 357.766 -128.024 -70.711
28000100000028 292153393152 139.863 6.6465 22.6347 12.7519 6.6493 22.6382 12.7562 302.348 95.523 -164.458
28000100000008 288532889600 139.279 0.0817 6.5980 14.6247 0.0716 6.5976 14.6078 58.715 14.195 -9.199
28000100000018 284149088256 138.572 6.5003 20.8074 17.9602 6.4887 20.8193 17.9589 11.357 -257.436 133.644
28000100000030 283274706944 138.423 9.3641 17.7426 7.9103 9.3618 17.7367 7.9209 191.944 0.908 120.617
28000100000043 282579009536 138.316 11.1792 10.8557 10.7137 11.1730 10.8637 10.7149 -95.452 -60.227 82.688
28000100000029 279852908544 137.870 14.8968 11.0628 9.4282 14.8917 11.0598 9.4240 -136.236 188.414 -8.675
28000100000038 277379153920 137.457 18.6193 21.3294 16.1956 18.6223 21.3288 16.1959 -4.735 21.621 -60.589
28000100000036 266051944448 135.564 4.7216 21.5910 7.0538 4.7219 21.5902 7.0439 -204.806 -592.078 137.327
28000100000039 265386065920 135.451 13.6328 10.0696 8.5243 13.6330 10.0686 8.5236 452.464 -195.609 -183.688
28000100000050 265310699520 135.441 12.8665 0.6175 15.2024 12.8660 0.6192 15.2049 484.765 194.752 452.226
28000100000053 264864743424 135.360 8.8870 13.9298 13.6923 8.8836 13.9293 13.6929 22.150 11.560 -52.237
28000100000046 263905345536 135.200 8.1922 19.2426 20.1488 8.1921 19.2415 20.1479 0.657 -31.704 25.079
28000100000044 258501246976 134.268 18.5781 19.5911 14.1834 18.5770 19.5917 14.1782 24.680 53.453 -131.075
28000100000024 242547032064 131.446 10.8595 18.2832 20.3075 10.8796 18.2659 20.3010 65.816 -86.307 136.880
28000100000054 233032990720 129.706 24.0735 16.2360 2.6839 24.0757 16.2350 2.6847 -75.309 82.432 -33.540
28000100000052 230994526208 129.325 16.1706 16.2695 10.7732 16.1751 16.2751 10.7692 48.356 106.808 290.842
28000100000057 230437781504 129.228 7.4049 20.0998 19.5215 7.4085 20.0966 19.5207 -0.185 -14.986 -13.821
28000100000041 224515522560 128.109 10.4205 18.4311 21.4854 10.4141 18.4304 21.4867 -86.566 251.016 -66.627
28000200000001 223631704064 127.943 0.9801 2.6089 18.7108 0.9780 2.6229 18.7181 -17.137 -4.272 38.118
28000100000015 219606401024 127.165 17.7980 18.5539 13.2002 17.8123 18.5539 13.2036 -19.776 100.963 149.977
28000200000004 216745164800 126.615 7.5107 15.1514 12.7303 7.5094 15.1557 12.7308 12.603 3.057 45.676
28000100000049 214249537536 126.120 11.7361 5.5930 11.9730 11.7301 5.5938 11.9674 15.100 28.406 74.646
28000200000000 213948776448 126.064 6.9361 14.2547 12.8555 6.9329 14.2601 12.8555 2.408 60.059 -2.168
28000100000051 213283749888 125.938 9.8427 13.8930 6.3495 9.8428 13.9028 6.3598 -945.142 48.325 -124.449
28000200000010 211367886848 125.557 3.3408 18.7211 4.9155 3.3582 18.7272 4.9041 493.910 32.783 528.627
28000200000009 204894748672 124.258 14.8864 15.9865 19.1654 14.8852 15.9865 19.1655 -163.573 15.413 198.879
28000100000055 204880117760 124.255 9.0801 19.1699 18.9791 9.0840 19.1632 18.9833 -40.687 58.988 -42.298
28000100000056 204387500032 124.158 11.2642 17.5019 21.5659 11.2646 17.5035 21.5683 -25.539 -0.961 19.676
28000200000008 201463857152 123.566 15.2623 16.1368 12.4442 15.2590 16.1400 12.4385 21.355 34.336 -14.695
28000200000006 196774051840 122.591 16.4186 1.0011 21.4382 16.4148 1.0155 21.4400 -143.387 -93.434 124.370
28000100000047 196241276928 122.485 24.8476 22.6021 17.0606 24.8626 22.6079 17.0590 -15.560 26.087 35.666
28000200000003 194952757248 122.221 14.8253 8.4020 2.1561 14.8254 8.3964 2.1571 -26.786 -0.486 -78.202
28000200000022 192874168320 121.778 17.4216 20.0219 14.7754 17.4208 20.0229 14.7752 -18.774 -1.067 9.326
28000200000015 191870779392 121.573 9.5044 12.9237 4.2501 9.5062 12.9213 4.2482 -36.181 -70.530 22.779
28000200000023 187301494784 120.597 4.8105 18.1879 1.7829 4.8130 18.1855 1.7802 3.120 24.431 -15.061
28000200000002 186155171840 120.356 16.4568 0.9047 22.8340 16.4510 0.9161 22.8374 -303.229 -110.515 -76.928
28000200000017 184892030976 120.078 12.3413 20.2781 13.7587 12.3406 20.2779 13.7554 42.615 68.922 -8.188
28000200000012 183787700224 119.834 8.2442 20.2853 21.3968 8.2445 20.2889 21.4003 40.455 -8.781 0.892
28000200000019 182341173248 119.526 14.2319 11.1170 4.6789 14.2314 11.1156 4.6808 -24.876 -63.718 -184.384
28000200000018 178886049792 118.760 2.8471 21.3774 18.2058 2.8565 21.3639 18.2162 -26.710 -58.965 32.557
28000200000011 176490512384 118.234 10.1888 18.6272 22.2103 10.1817 18.6279 22.2105 -6.253 0.176 22.069
28000200000013 174274887680 117.737 2.2903 18.0803 4.7164 2.2856 18.0742 4.7119 -6.498 -1.367 -1.103
28000200000032 172588711936 117.352 15.1989 15.0035 9.6566 15.1981 15.0043 9.6597 9.735 17.570 7.429
28000200000025 171139284992 117.021 3.8524 12.7632 11.2746 3.8515 12.7634 11.2729 -34.287 1.384 42.312
28000200000028 168504049664 116.417 22.8290 19.4098 18.3476 22.8268 19.4136 18.3515 98.796 22.276 72.312
28000200000007 160131317760 114.461 8.2421 12.6299 6.9250 8.2378 12.6361 6.9359 -78.055 87.526 15.602
28000200000030 159310823424 114.262 3.6089 22.2610 15.7188 3.6104 22.2614 15.7223 -24.642 4.365 -1.826
28000100000045 157257973760 113.767 21.1035 9.5365 15.5980 21.1048 9.5447 15.5894 166.998 -114.529 -60.356
28000100000032 155483521024 113.343 14.2711 2.3764 11.7063 14.2610 2.3602 11.7327 -132.905 574.368 323.975
28000200000035 152981520384 112.731 2.0572 10.5348 8.5999 2.0579 10.5330 8.5935 31.217 -20.143 9.580
28000200000036 151808704512 112.442 10.1540 21.1879 12.1110 10.1573 21.1952 12.1191 -139.272 128.470 -88.401
28000200000043 151116087296 112.265 1.3354 11.4490 21.1048 1.3385 11.4496 21.1061 -7.368 -10.532 48.827
28000200000021 149342273536 111.826 7.2732 12.9258 23.8660 7.2751 12.9248 23.8652 -98.979 59.775 -58.344
28000200000038 148313849856 111.570 18.3121 11.9494 18.8845 18.3100 11.9484 18.8843 -50.549 -20.696 -13.875
28000200000020 148173750272 111.537 23.8268 6.4437 15.8469 23.8148 6.4275 15.8563 -71.496 100.178 94.238
28000200000026 146755960832 111.178 11.0440 5.6506 8.2648 11.0515 5.6460 8.2742 65.423 38.114 -26.563
28000200000039 146706874368 111.169 1.0598 22.1456 16.4950 1.0643 22.1427 16.5038 -175.474 -105.891 30.063
28000100000058 146299404288 111.061 14.0837 1.6173 11.1333 14.0787 1.6012 11.1339 -8.481 -0.676 3.652
28000200000044 144204791808 110.531 13.8281 10.4402 7.6629 13.8279 10.4405 7.6620 10.015 3.320 9.477
28000200000024 143151857664 110.259 5.6294 9.9017 8.1195 5.6165 9.9005 8.1125 8.293 -161.238 13.966
28000200000027 142375616512 110.066 5.4962 12.3883 23.1661 5.4971 12.3928 23.1749 131.335 49.032 -16.095
28000200000045 141674283008 109.879 12.7966 16.0948 20.8829 12.7933 16.0950 20.8864 -2.147 -52.229 26.668
28000200000033 141403045888 109.809 13.5522 8.4253 3.8502 13.5575 8.4265 3.8428 -31.245 -246.553 119.414
28000200000047 140484182016 109.569 24.8691 18.0407 2.0880 24.8676 18.0397 2.0841 20.768 14.866 22.704
28000200000040 139512168448 109.316 16.1875 23.8262 7.8519 16.1926 23.8283 7.8533 186.470 123.877 87.204
28000200000014 139142987776 109.222 24.3581 20.9402 24.1735 24.3454 20.9274 24.1804 27.353 -18.857 28.089
28000200000046 137063948288 108.677 2.7494 12.7901 22.0698 2.7571 12.7870 22.0694 -26.741 -15.521 -3.008
28000200000029 136075599872 108.414 2.6131 22.1642 15.9535 2.6132 22.1622 15.9532 17.658 -7.178 -26.061
28000200000037 130550849536 106.923 7.0067 20.1502 11.7589 7.0016 20.1507 11.7672 56.534 45.774 39.827
28000200000057 128872669184 106.468 22.0549 20.8519 17.0891 22.0585 20.8452 17.0887 27.608 103.105 -80.902
28000300000002 128260186112 106.300 6.5196 22.6326 10.2024 6.5194 22.6289 10.2033 -87.882 59.095 22.586
28000300000001 127926108160 106.205 2.2117 13.9285 12.7866 2.2101 13.9273 12.7886 -27.281 -3.528 -18.104
28000300000006 125705289728 105.589 7.6621 18.1965 22.9277 7.6688 18.1995 22.9227 60.577 -82.421 -93.659
28000300000013 122555916288 104.697 11.7104 17.0288 7.5785 11.7088 17.0287 7.5798 11.604 -3.841 17.323
28000200000041 122306109440 104.626 21.0130 5.9492 14.6640 21.0132 5.9505 14.6602 -1.741 -12.924 72.623
28000300000003 121003024384 104.250 10.6682 18.7402 21.6589 10.6655 18.7368 21.6650 92.966 3.302 29.290
28000200000053 120677974016 104.162 13.0724 11.2123 13.4504 13.0735 11.2138 13.4502 -53.465 120.726 24.229
28000300000010 118271737856 103.461 14.9770 4.8713 0.8060 14.9779 4.8720 0.8076 27.145 4.394 -4.464
28000200000034 118130401280 103.422 9.2899 17.2401 14.8697 9.2738 17.2398 14.8729 -22.663 50.379 -57.439
28000300000000 117656657920 103.281 15.1245 24.5184 20.7324 15.1231 24.5162 20.7285 -3.837 17.553 -27.529
28000200000052 116656234496 102.988 24.9283 17.4367 23.9408 24.9244 17.4348 23.9473 -1.915 -298.775 -184.805
28000200000049 116489478144 102.940 15.1702 1.7324 13.0213 15.1730 1.7336 13.0235 4.898 -13.537 8.891
28000300000009 115560292352 102.668 19.1255 17.0500 18.0481 19.1243 17.0474 18.0476 30.858 9.320 42.065
28000200000048 115174776832 102.554 23.5840 22.0175 17.6260 23.5841 22.0193 17.6280 7.472 -70.445 -184.891
28000200000055 114473951232 102.347 0.7605 7.5908 14.4307 0.7488 7.6059 14.4121 -140.541 -978.599 -632.366
28000300000011 113332281344 102.006 0.0253 17.1642 0.7734 0.0148 17.1613 0.7726 -51.075 34.795 57.173
28000300000015 112853966848 101.861 9.2291 17.7239 4.2437 9.2268 17.7190 4.2481 28.684 -34.101 23.519
28000300000007 112400228352 101.724 12.8410 10.6887 12.9987 12.8378 10.6839 12.9992 62.525 -52.105 33.019
28000300000017 112299999232 101.691 14.7855 12.1519 0.2862 14.7860 12.1527 0.2879 -165.519 28.492 113.680
28000300000016 110409842688 101.120 16.0949 10.1443 23.8484 16.0943 10.1419 23.8480 -1.941 115.752 133.257
28000200000051 110115487744 101.027 19.2816 12.7448 18.1182 19.2802 12.7353 18.1090 56.785 143.944 -201.647
28000300000004 109352247296 100.797 3.0190 14.3107 12.2693 3.0226 14.3094 12.2686 -56.879 -19.043 -43.831
28000200000031 109082288128 100.708 16.3826 13.2596 9.8474 16.3758 13.2534 9.8485 203.649 -178.915 -19.182
28000200000058 108810321920 100.627 16.3079 0.5740 4.6055 16.3068 0.5680 4.6069 102.387 19.209 -1.837
28000300000014 108382740480 100.497 9.8668 20.7778 8.6380 9.8674 20.7824 8.6284 180.668 -241.175 -90.953
28000200000050 108162842624 100.427 3.3464 24.8159 14.4360 3.3622 24.8211 14.4353 -124.359 394.625 -147.063
28000300000021 107718983680 100.285 5.8783 12.9681 13.8099 5.8767 12.9647 13.8105 -1.434 37.534 9.563
28000300000035 106152206336 99.799 15.3658 24.2383 8.8023 15.3647 24.2419 8.8017 38.497 20.642 1.930
28000300000019 105742467072 99.667 11.3355 19.0493 17.9091 11.3361 19.0491 17.9054 54.476 73.532 132.412
28000300000026 103719092224 99.031 0.9325 17.2540 4.6775 0.9322 17.2528 4.6792 30.596 -14.413 -7.244
28000300000008 102900260864 98.770 16.9400 23.6460 3.4178 16.9377 23.6460 3.4192 -14.355 -63.277 -3.600
28000200000016 101979381760 98.473 15.8556 24.7237 0.7480 15.8821 24.7303 0.7400 181.246 -289.806 252.937
28000300000018 101978710016 98.471 19.0816 11.8656 18.2970 19.0794 11.8713 18.2968 -156.126 34.011 183.826
28000300000032 101754560512 98.400 20.6840 16.4879 13.5855 20.6826 16.4868 13.5857 16.493 -27.788 -173.458
28000300000029 100761149440 98.078 5.7458 13.3147 10.3743 5.7426 13.3140 10.3779 17.152 13.352 44.751
28000300000040 100704149504 98.064 20.7123 11.2221 16.1623 20.7108 11.2269 16.1630 22.062 -6.332 38.854
28000300000023 100568096768 98.018 19.1842 12.7103 20.8158 19.1798 12.7123 20.8172 10.250 14.154 -2.865
28000300000037 100452188160 97.982 8.1549 3.8496 10.7020 8.1545 3.8487 10.7031 3.019 -36.463 23.807
28000300000039 99512860672 97.677 11.4053 1.5877 14.4086 11.4048 1.5886 14.4097 1.590 -12.086 11.479
28000300000036 98729295872 97.420 2.5710 20.8229 21.8514 2.5692 20.8250 21.8526 27.082 46.362 3.616
28000300000022 98283397120 97.268 9.1612 19.3329 21.1362 9.1589 19.3305 21.1347 -33.823 40.422 -70.203
28000300000005 97454243840 96.998 15.8743 2.6461 22.4618 15.8712 2.6499 22.4603 -46.659 12.576 17.360
28000300000024 97378369536 96.969 15.3836 11.5730 8.6906 15.3766 11.5759 8.6876 8.998 21.812 0.615
28000300000030 96645070848 96.728 15.4642 2.4798 24.2553 15.4618 2.4764 24.2547 -21.692 -0.439 -11.515
28000300000033 95192670208 96.240 15.5227 8.9546 1.2097 15.5260 8.9550 1.2099 -43.323 69.245 75.166
28000300000054 94811013120 96.113 12.8648 8.9053 8.4563 12.8655 8.9052 8.4582 -5.070 14.261 1.341
28000300000025 94316871680 95.943 0.5005 14.5799 12.7210 0.4883 14.5938 12.7220 -15.335 -48.973 -10.640
28000300000058 93146783744 95.546 3.8443 23.2699 12.6027 3.8395 23.2725 12.6025 9.479 26.996 22.720
28000300000042 93026828288 95.500 0.9227 3.4180 18.8671 0.9312 3.4150 18.8659 17.205 4.025 5.624
28000300000049 92810788864 95.431 19.2612 23.5982 0.0337 19.2617 23.6000 0.0332 -9.287 -14.263 -1.063
28000300000044 92760006656 95.417 21.1615 8.8366 15.4813 21.1614 8.8368 15.4797 2.618 -60.268 103.013
28000200000042 92754706432 95.410 12.3884 6.5073 10.9023 12.3870 6.5037 10.8914 -11.785 -13.077 13.100
28000300000038 92371083264 95.277 8.0814 16.4411 11.2418 8.0788 16.4410 11.2376 78.150 30.122 -56.870
28000300000050 92114960384 95.193 15.1724 10.4106 9.7719 15.1747 10.4121 9.7702 14.834 5.777 -31.676
28000400000001 91671650304 95.042 22.4694 7.6165 22.3174 22.4721 7.6177 22.3197 -10.060 4.517 -2.393
28000300000047 90688602112 94.698 14.7263 22.2435 5.8409 14.7236 22.2437 5.8424 -55.259 57.328 14.716
28000300000027 90568138752 94.656 16.2225 9.0355 8.6992 16.2184 9.0430 8.7019 -6.956 31.704 -48.245
28000300000051 88903819264 94.075 2.2174 24.9031 15.1043 2.2299 24.9048 15.0974 133.221 37.513 176.110
28000400000011 88498708480 93.929 16.9207 0.6798 3.9516 16.9209 0.6815 3.9493 -11.151 22.482 -11.953
28000400000016 87965057024 93.740 8.2292 17.4534 9.5440 8.2302 17.4539 9.5438 -44.836 8.556 -30.209
28000400000004 87936131072 93.730 14.1809 10.4300 9.3449 14.1813 10.4309 9.3455 53.307 -4.946 -19.732
28000300000053 87196532736 93.466 14.9696 22.5267 17.0217 14.9673 22.5254 17.0211 -17.903 9.651 29.366
28000300000057 86412886016 93.185 24.5039 22.0011 16.9129 24.4980 22.0006 16.9232 -87.066 14.746 -33.234
28000400000007 86300590080 93.146 0.7623 1.1015 18.3320 0.7586 1.0983 18.3308 13.673 -14.142 3.551
28000300000056 85992677376 93.035 6.9646 15.2588 10.6735 6.9638 15.2591 10.6712 -59.797 -46.988 1.683
28000300000045 85353103360 92.801 18.6719 18.9011 14.8081 18.6757 18.9047 14.8106 -62.826 249.407 -78.151
28000300000046 85245902848 92.761 13.2041 0.3010 9.9039 13.2028 0.2955 9.9050 196.946 -5.827 68.893
28000400000009 85047255040 92.690 19.0121 16.6311 12.6151 19.0122 16.6319 12.6158 -76.797 45.178 -24.002
28000400000010 84660338688 92.547 2.4080 20.1836 6.8807 2.4043 20.1842 6.8778 2.046 13.517 25.404
28000400000018 84070703104 92.334 23.3699 13.4653 10.6902 23.3729 13.4669 10.6890 -1.709 10.683 12.242
28000200000056 82735046656 91.843 13.5307 12.0223 15.5156 13.5206 12.0155 15.5051 111.469 -12.611 -114.554
28000400000047 79657787392 90.691 9.6207 3.5873 4.9397 9.6210 3.5885 4.9428 -30.636 23.752 -26.066
28000400000031 79603728384 90.672 18.8977 5.1406 17.0690 18.8985 5.1404 17.0720 0.824 114.518 -3.567
28000400000015 79319031808 90.565 21.0017 23.6413 17.2981 21.0001 23.6429 17.3001 3.203 20.452 58.433
28000400000002 79093039104 90.479 0.3668 17.6668 3.3423 0.3625 17.6705 3.3428 48.265 57.476 -21.224
28000400000008 78970421248 90.428 22.2645 24.6445 16.5448 22.2632 24.6455 16.5476 -339.517 233.935 -257.547
28000400000024 78941216768 90.418 24.9711 15.0593 12.5899 24.9712 15.0569 12.5896 -83.933 -52.764 -78.201
28000100000048 78310850560 90.177 4.3841 22.7012 13.1278 4.4033 22.6970 13.1278 29.305 66.621 86.675
28000400000005 78055776256 90.076 12.1507 11.4417 14.0649 12.1507 11.4428 14.0688 108.076 66.298 23.104
28000300000055 77161160704 89.732 10.6336 17.5928 0.1085 10.6306 17.5949 0.1033 14.459 -30.351 -19.503
28000400000038 76995551232 89.672 17.2987 16.9365 23.9545 17.2947 16.9355 23.9527 26.519 -36.476 -29.545
28000400000026 76944220160 89.650 21.4181 6.6574 15.3343 21.4221 6.6595 15.3337 -6.812 -13.248 7.490
28000400000028 76712271872 89.555 14.7404 8.5355 1.7859 14.7420 8.5329 1.7843 -54.678 -27.904 -8.968
28000400000032 76138455040 89.336 0.9807 14.1804 10.1949 0.9800 14.1809 10.1947 -11.100 -25.006 -10.063
28000400000014 76016082944 89.283 7.7705 12.5877 7.5503 7.7692 12.5885 7.5511 -4.787 4.969 13.256
28000400000037 75947999232 89.257 13.0620 23.0347 10.2941 13.0621 23.0361 10.2947 3.057 -10.814 17.361
28000400000025 75556839424 89.105 13.1305 13.3457 15.9893 13.1313 13.3441 15.9896 -10.860 -3.765 17.677
28000300000048 75127119872 88.939 0.7864 17.4343 3.8153 0.7862 17.4340 3.8196 -8.410 18.474 -14.841
28000400000035 75011309568 88.891 16.3908 8.9450 13.4557 16.3898 8.9422 13.4531 -2.608 -44.224 -18.010
28000400000027 74828963840 88.824 16.0395 9.2440 3.9152 16.0375 9.2446 3.9151 -16.159 -36.067 -0.980
28000400000039 74443702272 88.671 5.2694 23.8852 3.6280 5.2692 23.8851 3.6242 -27.829 23.719 35.972
28000400000043 73662570496 88.360 20.0884 16.5710 13.4868 20.0878 16.5724 13.4883 13.825 -5.278 17.079
28000400000030 73181724672 88.166 3.8248 0.8226 7.9944 3.8203 0.8210 7.9942 -25.433 21.455 21.608
28000400000013 73117859840 88.139 18.1074 9.7587 22.4381 18.1055 9.7581 22.4386 8.901 -16.001 8.369
28000400000012 72997699584 88.085 20.6515 21.4196 16.6185 20.6512 21.4169 16.6171 44.512 38.782 121.601
28000500000000 72983724032 88.084 1.9543 13.9890 11.9942 1.9544 13.9887 11.9946 -20.601 -27.235 31.523
28000500000008 72693006336 87.966 5.3720 24.1790 11.2531 5.3628 24.1815 11.2539 -23.380 -51.469 -56.577
28000400000017 72440193024 87.865 0.7551 11.8325 14.0371 0.7527 11.8355 14.0333 -4.292 8.104 22.835
28000500000004 72406654976 87.849 20.2267 14.5775 19.7583 20.2268 14.5778 19.7600 -13.020 89.039 -18.195
28000400000023 71465336832 87.466 17.0888 23.8902 2.6781 17.0875 23.8861 2.6868 -12.974 185.605 73.264
28000500000007 71016972288 87.283 5.4827 24.0200 5.2989 5.4830 24.0187 5.2982 32.676 47.772 -8.062
28000400000022 70320562176 86.996 23.1145 16.0159 12.9715 23.1169 16.0207 12.9654 -39.023 -2.113 -23.125
28000300000028 70006751232 86.869 12.1013 16.3623 22.0064 12.0978 16.3739 22.0188 40.806 -111.717 111.873
28000300000034 69189984256 86.529 21.9811 11.2354 21.6805 21.9790 11.2395 21.6842 123.339 -152.063 198.860
28000400000046 69163425792 86.516 22.8021 22.7782 16.9200 22.8034 22.7788 16.9202 -13.305 15.131 10.927
28000400000050 69025816576 86.466 13.2725 7.5117 4.8425 13.2716 7.5118 4.8428 17.727 -9.644 5.881
28000400000034 68959240192 86.432 16.0337 1.5887 23.3852 16.0342 1.5862 23.3855 98.197 18.660 0.219
28000400000040 68763000832 86.349 18.7204 21.5742 15.9090 18.7220 21.5724 15.9108 -66.371 132.052 77.799
28000500000020 68617715712 86.288 15.2830 11.7173 19.2479 15.2820 11.7181 19.2448 41.570 13.159 -23.362
28000500000023 68381057024 86.191 1.4286 23.2404 20.1984 1.4290 23.2403 20.1990 -17.640 2.936 5.592
28000500000010 68038905856 86.046 7.7609 13.4087 8.4723 7.7648 13.4056 8.4774 -5.745 -60.014 -20.369
28000500000018 67738705920 85.921 15.1447 15.6362 9.9708 15.1448 15.6364 9.9746 -52.936 -79.992 -4.567
28000400000042 66814058496 85.526 13.3444 17.9167 17.9920 13.3482 17.9149 17.9933 5.967 2.414 3.499
28000500000016 66278141952 85.303 3.6174 22.4801 13.7422 3.6154 22.4795 13.7446 -73.175 3.091 -40.453
28000400000055 66182660096 85.259 16.0922 20.2462 10.5221 16.0928 20.2444 10.5190 -23.984 8.145 12.777
28000400000051 65924251648 85.149 15.1086 12.2423 7.5817 15.1069 12.2443 7.5852 -77.194 16.076 26.500
28000500000025 65381986304 84.912 11.4539 17.0053 1.1932 11.4541 17.0067 1.1944 27.380 -12.288 2.780
28000400000058 64821092352 84.671 5.7559 14.8922 11.8597 5.7550 14.8918 11.8588 -6.429 4.713 -5.978
28000500000015 64656916480 84.602 21.2508 15.8317 19.8395 21.2519 15.8321 19.8397 12.597 24.679 2.213
28000300000020 64641007616 84.590 9.6568 8.6375 9.3103 9.6527 8.6423 9.3164 14.996 14.889 9.756
28000500000017 64554463232 84.553 6.4345 17.9878 23.2885 6.4325 17.9883 23.2862 -14.180 67.604 71.533
28000400000021 64130945024 84.368 19.2420 0.7333 8.3780 19.2340 0.7353 8.3718 -43.111 -48.444 26.823
28000500000011 64058052608 84.336 16.6212 5.3722 21.9021 16.6241 5.3736 21.9020 -48.570 25.163 -0.030
28000500000006 63991492608 84.309 16.8589 9.1668 15.9953 16.8595 9.1704 15.9937 -8.701 -9.541 24.222
28000500000046 63777697792 84.216 15.9288 22.2647 17.2413 15.9284 22.2652 17.2401 -2.063 -11.667 2.089
28000500000012 63648976896 84.159 12.6490 17.1314 17.3919 12.6498 17.1324 17.3902 22.853 73.390 -52.598
28000200000005 63528882176 84.101 3.2214 22.3374 15.8838 3.1876 22.3263 15.8642 -138.573 433.996 78.347
28000400000056 63450845184 84.067 14.4763 8.9482 10.2235 14.4781 8.9501 10.2244 17.910 12.594 -29.212
28000500000014 63192997888 83.951 22.8870 17.5348 19.6720 22.8847 17.5417 19.6732 3.411 0.740 69.534
28000500000041 63163035648 83.940 23.6210 12.9517 9.9324 23.6232 12.9544 9.9325 -2.855 -0.339 20.325
28000500000047 63143989248 83.936 23.2776 20.9256 17.9681 23.2772 20.9248 17.9671 11.841 19.108 20.151
28000500000003 62674722816 83.721 1.8836 14.0931 10.8874 1.8883 14.0912 10.8885 -33.565 11.507 -32.789
28000400000036 62007418880 83.430 13.8716 9.7659 4.0221 13.8753 9.7721 4.0234 169.593 -98.762 -110.886
28000500000029 61743226880 83.304 14.7480 24.0728 10.8802 14.7457 24.0718 10.8785 -14.094 19.212 -39.212
28000400000048 61656514560 83.272 21.0611 5.5127 15.1204 21.0638 5.5124 15.1217 32.205 -19.566 63.474
28000500000036 61403389952 83.153 9.8702 17.5375 3.1767 9.8715 17.5381 3.1774 31.946 25.049 5.268
28000500000045 61147996160 83.038 8.1893 23.0793 10.0156 8.1886 23.0809 10.0168 -7.335 -6.550 -3.796
28000500000030 60819025920 82.891 23.6218 19.3080 18.6524 23.6189 19.3075 18.6545 -0.939 -0.597 -13.857
28000500000026 60670332928 82.819 19.6586 7.0553 13.7191 19.6609 7.0554 13.7218 8.123 -6.646 29.008
28000400000006 60416778240 82.708 18.3337 12.3224 19.3097 18.3305 12.3249 19.3099 -27.181 44.544 37.923
28000500000035 60145860608 82.585 2.6615 24.7732 20.8894 2.6603 24.7744 20.8897 7.134 -9.405 10.859
28000500000057 59812200448 82.434 24.2626 13.5020 10.5574 24.2630 13.5011 10.5579 -16.488 10.953 25.358
28000500000044 59291480064 82.192 9.5743 7.0293 10.6419 9.5745 7.0296 10.6392 -16.347 -32.245 -39.664
28000600000009 59243315200 82.170 14.9664 8.5108 0.3792 14.9669 8.5103 0.3790 -31.764 38.341 -3.066
28000500000051 59016675328 82.063 22.2835 22.6912 17.0471 22.2831 22.6917 17.0460 -15.150 8.790 -7.698
28000400000044 58943025152 82.026 11.1352 18.2105 19.8881 11.1326 18.2130 19.8908 -99.198 -42.146 -47.342
28000500000028 58680414208 81.905 8.1832 1.8138 13.4875 8.1820 1.8138 13.4878 -45.210 1.578 -62.804
28000500000054 58138259456 81.656 0.0984 17.1700 5.6707 0.1013 17.1721 5.6704 -6.088 21.769 -2.222
28000500000043 58116067328 81.640 15.9401 24.7658 4.8266 15.9394 24.7639 4.8274 2.178 -7.884 2.120
28000300000041 57869774848 81.528 24.1534 6.9502 15.6539 24.1648 6.9644 15.6581 -78.904 -3.630 120.257
28000500000032 57710374912 81.453 10.5410 15.6608 4.7875 10.5413 15.6600 4.7885 -17.892 -8.902 -44.451
28000600000027 57236742144 81.228 14.1593 16.1708 9.0153 14.1494 16.1799 9.0102 130.819 118.475 55.698
28000500000050 56851349504 81.044 9.6174 6.2263 10.9296 9.6117 6.2268 10.9289 17.212 -8.621 -69.930
28000400000052 56556851200 80.905 20.1857 13.3000 21.1183 20.1891 13.2942 21.1180 43.447 18.325 -16.164
28000500000052 56293883904 80.782 7.8343 13.5454 14.4370 7.8376 13.5441 14.4360 -4.830 3.618 -0.023
28000600000008 55957471232 80.622 23.5383 17.1969 20.2428 23.5359 17.1974 20.2452 72.444 -81.590 90.109
28000600000013 55889018880 80.588 20.1701 10.5489 16.5450 20.1688 10.5513 16.5463 -17.766 0.550 -6.032
28000600000004 55680262144 80.487 11.0187 19.0528 1.1145 11.0210 19.0545 1.1187 44.517 3.294 36.281
28000500000039 55666745344 80.476 12.2697 16.5673 0.5373 12.2717 16.5705 0.5400 15.169 2.556 -0.518
28000600000000 55617970176 80.457 10.7417 17.9553 5.3648 10.7419 17.9546 5.3658 70.755 -7.342 82.793
28000600000025 55509630976 80.402 18.0358 4.4660 18.9911 18.0366 4.4653 18.9908 -6.500 9.686 -15.789
28000500000055 55151443968 80.227 13.3516 13.8658 16.3118 13.3544 13.8649 16.3079 -3.945 -38.541 30.386
28000500000009 54895456256 80.107 11.6273 4.7888 8.8711 11.6295 4.7914 8.8714 78.614 7.693 -8.674
28000500000056 54824767488 80.074 23.9251 21.5421 21.5625 23.9225 21.5425 21.5608 42.048 -30.980 -98.122
28000500000049 54573527040 79.951 12.5076 6.2659 10.5007 12.5219 6.2684 10.5094 -32.063 156.282 -0.391
28000600000007 54547689472 79.935 17.0386 9.0039 23.2440 17.0373 9.0077 23.2462 9.598 2.314 -0.124
28000600000024 54362710016 79.845 11.7583 20.0734 15.7609 11.7584 20.0729 15.7626 -1.202 6.318 -3.398
28000400000029 54125195264 79.731 16.7871 23.6599 17.9628 16.7865 23.6592 17.9636 -2.170 4.100 10.848
28000600000033 53314568192 79.328 7.5820 10.5917 12.6711 7.5814 10.5906 12.6724 -10.323 24.247 -16.658
28000600000011 53313736704 79.333 14.5420 13.3085 7.6728 14.5411 13.3086 7.6753 16.177 -7.897 2.583
28000400000054 52558721024 78.955 14.9576 20.7941 10.1174 14.9685 20.7946 10.1094 8.392 -21.019 -45.703
28000500000034 52362125312 78.854 21.0410 18.6488 17.9434 21.0422 18.6462 17.9465 -7.088 1.919 -2.971
28000600000012 52191252480 78.767 11.0525 18.3374 19.5752 11.0521 18.3384 19.5728 -17.815 22.618 -1.058
28000400000033 52172591104 78.760 11.0605 20.1468 9.3790 11.0531 20.1462 9.3822 -43.279 83.415 -47.344
28000600000017 51827847168 78.582 18.7137 0.5632 7.6718 18.7133 0.5633 7.6720 25.217 10.671 -69.047
28000600000005 51801796608 78.574 16.4716 7.0165 14.8309 16.4695 7.0215 14.8353 -7.154 -35.732 14.341
28000400000020 51535429632 78.435 24.8668 21.9661 16.9569 24.8762 21.9632 16.9561 84.320 -18.789 55.199
28000300000043 51452776448 78.395 23.7930 18.1104 19.7399 23.8030 18.1100 19.7456 -37.979 -13.139 69.147
28000600000015 51208409088 78.274 17.1429 9.4709 16.3083 17.1409 9.4724 16.3036 97.472 81.630 -104.858
28000600000014 51196256256 78.268 4.1970 3.0885 14.1977 4.1992 3.0928 14.2020 134.368 17.117 62.456
28000300000031 50913304576 78.122 22.2020 17.1364 19.2794 22.2145 17.1231 19.2864 -172.359 -237.643 -8.867
28000600000020 50809667584 78.064 14.5622 15.8239 9.4148 14.5625 15.8259 9.4143 9.672 38.378 11.792
28000600000002 50030612480 77.667 16.6346 0.5711 23.9135 16.6329 0.5743 23.9110 60.560 -12.422 -15.864
28000600000035 50020409344 77.660 15.5057 20.9552 15.1483 15.5032 20.9551 15.1493 12.514 -6.208 32.201
28000600000040 49871634432 77.581 0.0487 20.4662 17.7132 0.0512 20.4661 17.7161 -65.972 -35.345 -10.238
28000600000048 49597587456 77.440 7.3832 0.3868 11.8818 7.3812 0.3859 11.8804 -7.110 29.038 -31.640
28000600000051 49577721856 77.433 2.5755 20.7410 20.0949 2.5763 20.7399 20.0950 -4.755 26.454 10.646
28000700000009 49074475008 77.168 7.6900 4.4539 12.8469 7.6900 4.4546 12.8463 9.792 29.771 -0.776
28000600000041 48632643584 76.936 8.3748 12.7116 1.8670 8.3752 12.7109 1.8654 43.972 -18.365 -33.631
28000600000049 48321077248 76.771 24.8125 17.8996 22.3168 24.8146 17.8983 22.3157 29.878 10.239 6.455
28000700000002 47842869248 76.521 10.0897 11.7523 4.6531 10.0868 11.7509 4.6512 11.970 6.659 10.338
28000700000018 47692775424 76.436 15.6913 6.7915 14.5948 15.6899 6.7904 14.5951 -2.220 -27.307 -39.209
28000400000053 47658098688 76.417 7.8362 20.7117 20.4548 7.8455 20.7112 20.4475 58.054 -19.017 44.923
28000500000058 47441891328 76.304 6.7800 12.5828 24.0577 6.7785 12.5791 24.0604 192.052 -85.898 4.267
28000700000026 47291207680 76.224 7.6673 11.4181 9.0747 7.6667 11.4180 9.0742 -36.214 -21.727 11.097
28000700000005 46804066304 75.959 3.6071 20.4213 20.0988 3.6082 20.4226 20.0987 14.022 16.331 -2.450
28000700000000 46630625280 75.863 24.2224 16.6260 7.2868 24.2211 16.6273 7.2861 -16.601 -9.956 15.021
28000700000003 46609977344 75.852 4.1527 13.7328 23.0381 4.1550 13.7320 23.0396 -20.192 -19.851 48.690
28000600000056 46516084736 75.805 13.0216 13.6101 16.2349 13.0227 13.6112 16.2365 -4.400 -43.624 -35.938
28000600000032 46434844672 75.756 10.1687 18.6890 16.5310 10.1684 18.6866 16.5348 -111.781 40.972 15.503
28000600000018 46396293120 75.739 7.4244 12.4500 8.0221 7.4222 12.4518 8.0235 37.665 -3.414 33.154
28000600000026 46254465024 75.660 16.2206 9.3585 4.2223 16.2179 9.3501 4.2220 -39.152 5.528 46.527
28000600000042 46115643392 75.583 13.1791 20.5468 19.0815 13.1745 20.5479 19.0810 57.702 19.738 -24.000
28000700000013 44520112128 74.707 14.0724 12.7953 7.8428 14.0725 12.7940 7.8432 -4.728 -9.484 -3.216
28000500000013 44456185856 74.668 7.4627 19.0015 11.3906 7.4645 18.9937 11.3883 -1.154 20.005 3.878
28000600000006 44028080128 74.427 14.2843 6.1473 13.7213 14.2873 6.1504 13.7232 -17.027 -20.010 -61.694
28000600000052 43769655296 74.284 17.2184 21.4591 16.0959 17.2198 21.4594 16.0979 -4.377 21.892 21.437
28000600000034 43041787904 73.870 3.3681 13.5550 11.2096 3.3683 13.5563 11.2056 21.826 -27.486 -9.574
28000600000019 42881835008 73.776 0.8634 21.7433 18.5174 0.8622 21.7424 18.5201 -26.272 13.899 70.972
28000700000042 42691997696 73.668 9.4071 5.6185 11.2704 9.4015 5.6158 11.2707 -5.576 2.620 12.073
28000300000052 42627436544 73.631 15.2798 22.0500 16.3011 15.2863 22.0525 16.2971 -69.023 86.236 -87.856
28000700000022 42592935936 73.607 7.1581 2.7327 10.3976 7.1585 2.7326 10.3986 9.711 6.477 -9.083
28000700000010 42388643840 73.495 5.1888 3.5641 13.7017 5.1912 3.5638 13.7015 -20.071 14.665 -3.156
28000700000021 42278146048 73.430 24.3942 5.9754 15.0940 24.3931 5.9758 15.0955 6.552 -14.520 23.509
28000700000024 42168975360 73.362 11.6132 14.6579 6.4648 11.6147 14.6584 6.4658 19.584 20.850 -22.417
28000700000048 42056679424 73.297 14.4476 14.1337 23.7033 14.4479 14.1363 23.7028 -24.256 1.567 -11.279
28000700000006 42015789056 73.276 19.2993 1.3975 17.1213 19.2994 1.3970 17.1195 -13.892 -0.261 55.025
28000700000012 41712349184 73.098 7.4323 12.9120 24.5770 7.4338 12.9117 24.5784 13.745 -1.421 17.531
28000700000017 40888762368 72.612 7.3966 2.5685 10.0505 7.3958 2.5692 10.0519 36.667 5.774 -127.085
28000700000007 40350556160 72.294 11.9680 20.5248 13.3665 11.9687 20.5273 13.3657 44.159 -27.741 -4.674
28000800000001 39832645632 71.983 5.2866 17.6261 23.2259 5.2851 17.6267 23.2259 -39.219 8.351 52.205
28000700000020 39707222016 71.911 4.9953 23.0090 15.1124 4.9968 23.0069 15.1140 -70.590 22.148 53.330
28000700000049 39211114496 71.606 2.3540 24.4028 15.0012 2.3541 24.4041 14.9999 10.795 7.057 -4.325
28000700000032 38535323648 71.194 23.5815 21.9362 19.6894 23.5835 21.9350 19.6892 -61.309 16.781 -29.542
28000800000015 38328389632 71.065 22.6333 24.3786 15.8196 22.6344 24.3789 15.8192 -16.141 4.971 24.590
28000700000039 38147731456 70.954 20.2686 12.4438 12.3904 20.2668 12.4460 12.3915 -5.665 -19.749 -15.167
28000800000009 37995962368 70.862 0.1040 18.8050 19.7199 0.1021 18.8060 19.7181 -1.138 10.374 12.507
28000800000003 37962092544 70.842 24.0826 1.1183 14.1968 24.0810 1.1167 14.1999 -30.449 -8.932 21.139
28000700000044 37935263744 70.821 1.0544 1.7526 18.5437 1.0527 1.7548 18.5449 -11.305 -21.637 -11.404
28000600000053 37158346752 70.337 3.0063 11.8259 21.8073 3.0028 11.8224 21.8056 -37.345 -8.741 49.153
28000800000041 37128077312 70.318 1.5695 24.2460 15.1701 1.5696 24.2437 15.1715 17.657 25.366 -5.862
28000600000046 36899147776 70.172 11.4555 19.6327 17.4955 11.4579 19.6297 17.4959 18.191 -34.408 22.387
28000600000029 36650082304 70.012 9.2807 3.1630 5.0309 9.2694 3.1537 5.0472 -4.056 -85.168 11.662
28000800000038 35398512640 69.205 19.8938 20.8723 15.7304 19.8937 20.8720 15.7298 12.389 0.153 -2.214
28000500000021 35083476992 69.000 11.1047 20.1154 9.6351 11.1037 20.1177 9.6336 -29.940 67.338 127.612
28000700000023 34771648512 68.798 21.6899 15.6026 12.6631 21.6878 15.6045 12.6614 -9.643 -19.097 108.960
28000500000024 34411364352 68.559 3.9841 12.2185 11.5009 3.9895 12.2356 11.5102 30.273 -24.772 69.511
28000800000045 33998438400 68.283 7.7434 5.6644 9.8139 7.7428 5.6649 9.8127 32.146 -10.757 2.411
28000800000023 33768370176 68.129 16.2933 0.7745 24.0367 16.2925 0.7752 24.0321 -28.192 19.132 -4.891
28000900000012 33559924736 67.986 21.3493 24.7493 16.5304 21.3475 24.7506 16.5311 5.033 -3.764 -7.714
28000900000034 33468626944 67.928 24.1001 1.0331 14.3823 24.1000 1.0338 14.3828 -7.136 5.052 4.545
28000900000019 32127625216 67.008 8.8241 11.9372 3.8919 8.8234 11.9373 3.8931 -31.259 -356.151 64.809
28000900000010 30724966400 66.014 5.0571 24.6222 10.6658 5.0584 24.6231 10.6636 -14.547 16.622 9.918
28000900000016 30194466816 65.636 8.4536 12.8400 6.7319 8.4519 12.8391 6.7342 -24.432 11.263 -17.127
28000700000052 29425324032 65.074 13.7281 8.4318 10.1366 13.7197 8.4225 10.1305 36.845 10.132 -9.110
28000900000001 29063833600 64.805 5.4772 21.8224 13.6719 5.4769 21.8192 13.6736 17.142 1.214 -29.857
28000900000018 27716608000 63.786 13.2837 9.5685 8.8194 13.2840 9.5648 8.8199 23.828 -0.684 -23.984
28001000000039 27555682304 63.663 2.0021 11.7697 21.4699 2.0011 11.7709 21.4686 -4.343 3.097 -37.855
28001000000029 27290247168 63.459 4.2573 21.5428 14.4643 4.2571 21.5415 14.4630 15.799 12.788 8.978
28001000000041 26709172224 63.004 11.2903 20.3466 11.4085 11.2892 20.3459 11.4075 -2.282 -1.236 2.441
28001000000046 26063482880 62.492 17.1895 5.3184 21.0150 17.1891 5.3195 21.0155 3.728 20.073 -0.337
28000800000026 24344377344 61.087 12.8458 7.3924 4.6408 12.8457 7.3938 4.6404 -7.504 15.237 -12.590
28001200000019 20915376128 58.071 14.2499 8.3274 3.2144 14.2497 8.3288 3.2138 -0.319 -16.524 -15.103
28000900000053 20390279168 57.583 16.5184 23.5031 17.6778 16.5170 23.5032 17.6783 -1.017 -4.835 18.419
28001300000006 15275976704 52.300 17.1012 0.1133 17.5468 17.1023 0.1126 17.5467 14.772 -10.136 -3.254
28001700000050 13688720384 50.423 10.1735 16.7037 4.4089 10.1731 16.7032 4.4092 15.175 -1.000 -11.921
28001800000003 12634272768 49.089 23.1015 24.5306 16.5300 23.1013 24.5292 16.5298 4.575 2.682 18.573
28002500000000 9384756224 44.459 9.6768 19.6037 18.8200 9.6781 19.6034 18.8194 0.490 8.712 -23.289
