haloID mh rh halo_x halo_y halo_z gal_x gal_y gal_z spin_x spin_y spin_z
24000000000000 12917886943232 434.469 16.1754 24.5942 18.0533 16.2304 24.6018 18.0561 -570.161 -259.966 -928.900
24000000000001 6442563665920 344.549 5.0869 13.9114 11.0691 5.0809 13.8953 11.0598 639.699 -362.200 -87.174
24000000000002 5015979163648 316.977 19.7313 13.1782 11.3333 19.7537 13.2157 11.3310 -563.160 1027.692 4038.866
24000000000005 4181261549568 298.317 23.2601 0.6460 15.6735 23.2678 0.6446 15.6752 -279.840 491.525 -237.855
24000000000003 4078950154240 295.857 12.0893 19.3916 16.8200 12.1449 19.4183 16.7796 -90.710 -74.663 197.325
24000000000004 3729421500416 287.154 12.5369 7.4974 4.9144 12.6121 7.4545 4.8016 -1343.983 -176.681 -162.526
24000000000009 3198312775680 272.818 23.0239 23.5753 16.1268 23.0108 23.5808 16.1373 356.639 -275.240 425.046
24000000000011 3139536683008 271.129 10.6629 17.3601 3.6277 10.6485 17.3725 3.6341 440.433 -42.281 532.881
24000000000010 3089871929344 269.692 11.5120 20.4604 10.4790 11.5066 20.4610 10.4445 -197.733 -1289.813 -40.295
24000000000006 2826341974016 261.801 6.2548 24.1591 10.8332 6.2501 24.2022 10.8216 336.468 -148.054 -215.354
24000000000008 2690546139136 257.546 23.9344 22.3678 19.4671 23.9103 22.3585 19.4713 -596.607 2046.525 -135.462
24000000000013 2675132858368 257.049 17.3060 4.0761 20.1461 17.3078 4.0756 20.1462 -747.081 672.521 -542.001
24000000000012 2608170532864 254.882 14.1852 11.0455 5.9892 14.1938 11.0385 6.0110 227.542 -193.059 -4.985
24000000000018 2531240968192 252.347 21.9280 24.5014 17.0181 21.9148 24.5021 17.0111 7.461 -403.791 186.994
24000000000015 2434361982976 249.085 9.1206 12.9461 2.7582 9.1401 12.9630 2.7542 67.315 -33.399 87.070
24000000000016 2430338334720 248.962 5.2603 14.6415 11.8916 5.2278 14.6198 11.8923 156.121 -587.908 -193.177
24000000000014 2396952199168 247.814 24.2351 22.5569 16.6390 24.2332 22.5516 16.6416 260.986 256.162 -329.617
24000000000019 2270855692288 243.391 13.6514 20.3161 15.4096 13.6690 20.3211 15.4044 -80.784 -214.839 -132.173
24000000000017 2078879252480 236.318 9.8476 2.8309 13.5577 9.8983 2.7710 13.5432 3275.138 2521.997 2774.252
24000000000025 2028982370304 234.414 10.3967 15.2950 5.1113 10.3975 15.2889 5.1036 578.411 -46.273 66.946
24000000000020 1932579045376 230.650 7.3085 9.9441 8.1183 7.3262 9.9527 8.1120 86.044 -379.063 -30.875
24000000000023 1888121651200 228.864 7.5437 19.5481 19.9159 7.5464 19.5306 19.9324 -557.776 -303.330 -436.731
24000000000021 1803453726720 225.389 8.9050 10.2418 4.7944 8.9040 10.2477 4.8060 1166.229 -100.803 -1182.459
24000000000024 1703385366528 221.139 18.6522 1.9268 17.9124 18.6683 1.9075 17.8939 512.709 -40.772 -154.640
24000000000022 1678925758464 220.071 22.1532 3.9668 15.5623 22.1540 3.9567 15.5795 1745.407 520.532 -620.116
24000000000007 1650927992832 218.843 21.4424 21.0008 15.8263 21.4232 20.9777 15.8092 -57.621 155.349 -573.190
24000000000028 1440931250176 209.145 6.8574 23.4300 12.7259 6.8646 23.4532 12.7359 -131.455 -171.998 148.609
24000000000029 1363812286464 205.345 14.6274 11.3797 7.9269 14.6082 11.3858 7.9134 364.302 -55.571 -430.811
24000000000030 1262231224320 200.107 20.7589 3.8704 16.1880 20.7565 3.8789 16.1927 -326.184 269.887 443.411
24000000000031 1240724668416 198.971 8.6381 12.5643 2.0380 8.6415 12.5598 2.0362 -197.690 859.076 -20.538
24000000000033 1165844021248 194.883 10.7600 17.2584 5.7685 10.7676 17.2643 5.7654 201.026 -373.601 1369.196
24000000000027 1143453384704 193.626 14.5574 13.5880 0.0867 14.5543 13.5839 0.0925 1051.075 -63.543 88.959
24000000000036 1086752686080 190.375 13.0717 15.3493 17.8728 13.0810 15.3417 17.8619 262.022 139.531 -10.767
24000000000034 1065051619328 189.093 23.1034 3.8220 15.0780 23.0868 3.8431 15.0713 -35.437 -260.039 -815.925
24000000000038 1059369517056 188.766 21.3139 5.6490 14.6261 21.3102 5.6505 14.6266 -60.393 -136.445 -124.630
24000000000035 1054791958528 188.489 22.8222 15.9789 13.2314 22.8199 15.9820 13.2275 -13.621 -299.498 264.624
24000000000037 973501300736 183.522 13.6471 10.6951 7.6054 13.6565 10.7091 7.5787 -54.335 897.351 659.031
24000000000032 965195923456 182.993 5.2182 22.0705 12.6988 5.2282 22.1030 12.6788 -236.655 -57.445 -90.552
24000000000041 876358598656 177.192 20.0717 0.6002 17.1823 20.0754 0.5948 17.1835 -266.803 499.492 -695.816
24000000000044 871583449088 176.870 20.8649 16.5133 18.8712 20.8648 16.5077 18.8721 -445.705 288.316 378.775
24000000000039 827462189056 173.836 10.5417 19.7594 7.0134 10.5567 19.7497 7.0018 -250.819 -148.731 -452.590
24000000000047 806271975424 172.340 16.7321 9.4794 23.1461 16.7358 9.4792 23.1399 -21.162 -342.389 343.946
24000000000046 797559816192 171.722 1.4340 17.5452 4.1667 1.4449 17.5358 4.1748 290.233 -76.930 -79.787
24000000000040 764234825728 169.288 15.8344 8.4228 0.3923 15.7878 8.4010 0.4250 1204.472 112.591 1248.654
24000000000048 746018308096 167.935 16.2228 12.3603 9.5723 16.2159 12.3424 9.5759 -128.124 213.373 -738.910
24000000000049 738464759808 167.366 1.6894 8.5671 14.6037 1.6846 8.5689 14.5994 -79.561 -60.868 -47.574
24000000000051 723884113920 166.261 9.0030 21.7425 12.7419 9.0172 21.7559 12.7405 103.605 583.565 106.398
24000000000042 712182988800 165.363 12.9799 7.1687 10.2846 12.9652 7.1392 10.2880 405.289 -147.998 801.229
24000000000026 699347435520 164.360 5.1794 21.6429 13.5058 5.1388 21.6126 13.5434 -56.439 173.106 107.688
24000000000050 666638286848 161.753 21.3081 18.4232 17.9887 21.3307 18.4254 17.9979 188.964 -93.597 -375.422
24000000000053 661710503936 161.354 9.3190 19.1805 18.9416 9.3222 19.1870 18.9364 85.963 49.235 10.167
24000000000043 637219438592 159.338 3.9002 21.0255 14.0744 3.8822 21.0284 14.0612 208.006 4.955 4.494
24000000000056 627266420736 158.503 1.8357 15.5996 8.2588 1.8345 15.5894 8.2478 140.556 55.158 -71.020
24000000000059 625252696064 158.342 6.2066 2.4766 13.7402 6.2057 2.4801 13.7409 74.596 -290.914 -250.770
24000000000055 620314624000 157.918 18.4648 10.8036 19.1466 18.4572 10.7972 19.1428 401.789 396.658 935.771
24000000000052 601477414912 156.308 16.0506 8.5663 24.0067 16.0648 8.5627 24.0003 -110.105 709.213 263.814
24000000000045 601050054656 156.268 7.1764 1.4070 13.4660 7.1763 1.4170 13.4736 707.205 -466.035 -49.505
24000000000063 600941264896 156.254 12.8713 20.9861 10.6028 12.8695 20.9850 10.6064 14.255 1.107 -1.172
24000000000054 586659004416 155.009 18.3347 20.4507 15.0550 18.3384 20.4428 15.0602 -297.967 118.552 85.744
24000000000057 561530273792 152.761 13.1682 11.5270 14.9600 13.1620 11.5253 14.9644 15.198 -103.761 54.114
24000100000001 524640452608 149.347 11.5259 3.9495 9.4507 11.5378 3.9617 9.4394 115.570 -77.358 11.718
24000000000062 511544655872 148.092 3.4742 13.6910 10.9847 3.4785 13.6897 10.9837 415.443 482.399 -419.906
24000100000004 506914701312 147.642 9.9954 16.8355 0.1062 9.9953 16.8403 0.1027 264.223 49.431 48.649
24000000000064 493274202112 146.310 14.3666 17.1321 18.7112 14.3660 17.1276 18.6977 -171.566 -222.363 55.521
24000100000000 486886146048 145.673 8.9770 12.1062 2.9806 8.9808 12.1000 2.9877 532.354 -378.438 134.910
24000100000009 486758187008 145.653 16.6608 21.1100 14.4803 16.6553 21.1158 14.4832 -26.862 -18.408 -76.380
24000100000002 484557062144 145.441 7.3276 23.3745 9.8524 7.3277 23.3766 9.8459 -321.433 249.889 -317.502
24000100000011 479378767872 144.922 19.7585 3.2002 16.9097 19.7602 3.1982 16.9127 99.104 -453.494 -85.194
24000100000007 462606467072 143.212 21.4585 10.9802 22.1151 21.4585 10.9845 22.1103 168.039 -53.314 -563.069
24000000000060 461040779264 143.044 6.8688 0.8956 13.7784 6.8922 0.8738 13.7587 -486.531 -284.294 -265.813
24000100000010 443551514624 141.214 5.9143 11.9432 9.6874 5.9147 11.9400 9.6849 -349.972 -200.959 -325.157
24000100000019 436830109696 140.494 20.7399 19.6082 17.1647 20.7418 19.6030 17.1715 -76.503 99.589 162.071
24000100000014 434261884928 140.220 5.4491 12.9520 10.1662 5.4561 12.9490 10.1643 210.617 175.472 59.219
24000100000008 427748360192 139.517 14.4513 13.1268 11.6272 14.4607 13.1327 11.6387 -85.409 -91.912 -67.943
24000100000020 421432066048 138.830 20.1005 19.3524 14.8624 20.1114 19.3545 14.8658 -356.575 -110.098 -359.204
24000100000012 414527324160 138.064 13.3505 21.0821 23.2706 13.3567 21.0921 23.2799 -121.881 -31.732 -215.191
24000100000021 410075693056 137.566 6.6117 3.7690 13.6597 6.6142 3.7684 13.6578 32.138 -43.051 -215.000
24000100000003 409060442112 137.457 10.4400 3.9905 12.2557 10.4478 3.9843 12.2348 -168.378 144.188 72.456
24000100000017 408706580480 137.414 3.2341 20.9451 14.2616 3.2366 20.9472 14.2595 107.107 -81.463 -194.695
24000100000015 399441526784 136.364 13.1544 5.6223 2.5573 13.1455 5.6409 2.5504 -29.857 109.092 -47.609
24000100000006 394731192320 135.834 0.2382 22.0720 19.0135 0.2192 22.0846 19.0264 22.484 49.566 95.850
24000100000016 381836066816 134.337 6.4633 0.5263 10.3924 6.4632 0.5230 10.3932 -29.811 255.256 -552.814
24000100000026 381045669888 134.242 15.1182 13.4852 11.2790 15.1333 13.4810 11.2785 53.687 24.825 -126.873
24000100000022 374920019968 133.520 12.2330 5.4941 11.5173 12.2378 5.4910 11.5083 24.908 23.132 4.697
24000100000024 371893370880 133.158 0.8694 17.2325 21.7819 0.8627 17.2388 21.7720 1.287 -48.729 -33.183
24000100000018 362162126848 131.984 19.7312 15.7886 12.3958 19.7328 15.7907 12.3838 -117.011 386.190 261.591
24000100000029 354501885952 131.050 7.3617 6.5604 8.8049 7.3545 6.5597 8.8086 13.105 41.617 20.739
24000100000023 351726010368 130.706 11.4112 6.9950 11.7491 11.4049 7.0125 11.7515 7.211 -70.513 -13.072
24000000000058 350485151744 130.558 7.6530 10.3197 7.0505 7.6677 10.3240 7.0133 -301.791 93.697 -21.246
24000000000061 345621757952 129.945 23.3130 22.7599 18.3426 23.3217 22.7482 18.3463 81.154 -45.690 128.176
24000100000034 343476600832 129.676 7.0084 1.7653 10.1149 7.0053 1.7629 10.1129 -89.341 5.214 -31.124
24000100000030 339269484544 129.149 14.8464 3.6738 5.9951 14.8509 3.6689 5.9924 -118.373 -182.085 105.072
24000100000028 335671066624 128.692 2.1488 22.2525 15.8125 2.1450 22.2461 15.8039 86.157 -280.208 3.035
24000100000038 334067269632 128.479 8.7624 2.8072 13.3542 8.7593 2.8021 13.3512 246.079 211.156 -50.445
24000100000037 333001228288 128.348 11.6964 4.9333 10.9053 11.7009 4.9345 10.9044 78.013 -18.214 29.906
24000100000036 326081970176 127.447 2.5735 16.2917 8.1363 2.5598 16.2930 8.1405 -123.882 -21.481 -33.013
24000100000035 326028132352 127.445 9.5965 18.0237 22.6034 9.5930 18.0214 22.6022 -193.644 -518.521 -204.331
24000100000031 323198943232 127.068 24.9185 17.1539 0.0256 24.9151 17.1544 24.9888 -74.888 42.867 -249.792
24000100000027 320141852672 126.670 5.6940 21.9132 13.3759 5.6950 21.9089 13.3734 79.538 -63.227 -70.793
24000100000013 313804521472 125.824 15.7187 14.7898 19.8853 15.7067 14.7929 19.8781 139.016 -129.975 46.037
24000100000040 310675439616 125.412 17.3313 0.1898 5.4904 17.3367 0.1923 5.4920 3.946 -19.653 2.953
24000100000043 304270671872 124.543 3.2844 6.5186 14.2760 3.2839 6.5224 14.2713 -14.295 130.324 89.641
24000100000041 297767501824 123.645 17.8112 13.2800 10.4458 17.8112 13.2752 10.4462 -4.977 45.971 -8.951
24000100000045 285773365248 121.968 22.1635 16.3349 13.2359 22.1450 16.3275 13.2343 73.600 -139.535 -65.374
24000100000033 278424027136 120.915 10.1147 9.5784 13.0707 10.1118 9.5790 13.0751 49.059 -13.103 -29.596
24000100000044 277988999168 120.853 11.0588 17.8372 2.3096 11.0574 17.8363 2.3118 321.736 -143.142 -112.289
24000100000051 273964285952 120.266 6.5515 21.2219 18.3817 6.5485 21.2246 18.3820 5.160 -190.869 160.634
24000100000042 265679224832 119.038 7.0505 22.2562 12.8191 7.0518 22.2482 12.8293 248.873 132.886 -17.017
24000100000025 265536847872 119.014 18.5575 21.4451 15.9251 18.5408 21.4392 15.9144 131.968 -115.424 -147.120
24000100000005 259072032768 118.038 6.6706 19.7408 19.3676 6.6738 19.7415 19.3664 129.780 24.735 -120.636
24000100000052 256283033600 117.613 12.5752 0.9937 15.4178 12.5792 0.9946 15.4143 287.022 120.465 594.259
24000100000062 253084499968 117.126 12.8987 11.0029 12.0249 12.8991 10.9987 12.0308 42.059 39.716 -15.919
24000100000046 251598225408 116.896 23.1540 20.8660 18.6681 23.1515 20.8618 18.6712 5.537 45.959 26.759
24000100000053 251533312000 116.885 16.0009 11.7916 9.6923 15.9989 11.7921 9.6916 -53.854 61.488 166.304
24000100000061 250723434496 116.764 8.9487 13.5767 14.1215 8.9427 13.5794 14.1206 14.891 -12.253 -34.143
24000100000047 249914572800 116.636 15.2231 10.6065 9.5885 15.2181 10.6088 9.5776 -100.582 162.527 80.239
24000100000049 249870434304 116.628 18.4637 19.1047 13.9345 18.4598 19.1086 13.9287 -11.770 22.486 -91.310
24000100000059 244729708544 115.821 8.3038 19.5798 20.8840 8.3053 19.5731 20.8832 -12.915 -27.806 2.155
24000100000048 239665774592 115.019 13.6732 9.5932 8.6563 13.6774 9.6003 8.6568 239.796 -101.555 -43.370
24000200000005 237871366144 114.729 15.2666 16.0225 12.5012 15.2667 16.0283 12.4887 343.476 146.084 55.454
24000200000002 232569192448 113.869 23.9030 15.9970 2.5995 23.8973 16.0014 2.5942 -23.407 36.778 -65.187
24000100000050 226675097600 112.902 10.1298 3.4193 12.9499 10.1273 3.4165 12.9530 -60.592 -197.050 45.963
24000200000001 219218345984 111.648 0.2657 6.8368 14.1198 0.2644 6.8308 14.1218 34.785 65.121 70.163
24000100000055 216734597120 111.224 11.0373 17.8677 20.5539 11.0335 17.8643 20.5508 -53.902 -23.780 -6.574
24000100000032 214633381888 110.867 0.7258 22.3993 17.5318 0.7207 22.3919 17.5350 39.768 -40.468 17.857
24000200000000 205576519680 109.281 11.7401 5.8296 12.4085 11.7427 5.8288 12.3966 98.315 10.391 95.861
24000200000004 203420139520 108.901 16.3321 16.4540 10.4362 16.3320 16.4549 10.4317 55.881 72.064 187.753
24000200000011 198047465472 107.934 12.0585 20.3537 13.6972 12.0510 20.3536 13.7089 88.404 96.055 70.467
24000200000003 197794529280 107.889 7.0925 13.7812 13.4329 7.0896 13.7904 13.4317 -28.695 41.179 63.615
24000200000010 197574443008 107.851 7.8412 15.0550 12.9638 7.8413 15.0556 12.9675 -20.867 -2.904 12.087
24000100000060 197448007680 107.821 14.9996 8.1846 2.0770 15.0082 8.1764 2.0747 22.390 42.458 -79.566
24000200000014 194040119296 107.196 15.1431 15.8510 19.4023 15.1406 15.8486 19.4026 -162.847 9.967 188.583
24000100000056 192881082368 106.984 10.2035 18.1127 21.6419 10.2245 18.1167 21.6336 -54.726 154.585 -76.907
24000200000007 183860592640 105.295 4.4305 21.7044 6.5525 4.4149 21.6955 6.5396 323.848 -392.021 -73.776
24000200000008 182133342208 104.965 13.3348 7.3716 3.8486 13.3403 7.3769 3.8570 264.723 80.545 -127.211
24000100000064 180992655360 104.740 8.7106 19.0961 18.9181 8.7049 19.0944 18.9186 -47.196 -4.622 14.085
24000200000024 178030297088 104.167 17.2125 19.5906 14.4295 17.2139 19.5905 14.4340 -19.830 -31.243 -4.457
24000200000017 176274636800 103.821 11.3137 17.1442 21.8066 11.3143 17.1416 21.8125 -32.014 46.451 18.674
24000200000009 175155494912 103.606 10.0432 14.5656 5.6467 10.0513 14.5658 5.6292 -132.772 -282.290 -31.327
24000100000063 174999617536 103.573 0.3748 13.7901 9.5933 0.3761 13.7853 9.6057 -43.766 82.565 33.095
24000200000016 172169953280 103.014 8.0672 20.7804 22.0442 8.0681 20.7750 22.0406 -2.844 -21.427 14.888
24000200000026 165675827200 101.702 23.0957 18.8200 18.7432 23.0842 18.8188 18.7471 41.243 42.606 16.330
24000200000012 165658869760 101.694 18.5743 11.1872 19.0849 18.5741 11.1870 19.0861 94.670 2.736 126.615
24000200000025 165216681984 101.605 17.9473 18.7931 12.4558 17.9486 18.7922 12.4591 -1.621 12.022 -10.763
24000200000022 164647944192 101.488 2.2275 18.4257 4.6385 2.2217 18.4238 4.6315 -27.470 4.420 18.421
24000200000027 164321968128 101.421 4.5953 18.2033 1.6949 4.5895 18.2023 1.6926 33.767 9.312 -13.011
24000200000018 164095574016 101.371 24.5927 22.3051 19.6704 24.5961 22.3057 19.6632 -73.303 -49.389 -10.395
24000200000020 163020750848 101.156 8.9226 12.9470 4.3188 8.9170 12.9507 4.3249 -18.539 -97.238 56.848
24000200000052 159237013504 100.361 15.3945 15.2141 9.2805 15.3949 15.2130 9.2857 -0.008 -14.818 -21.215
24000200000032 158346313728 100.174 3.3551 12.1440 11.5100 3.3540 12.1452 11.5090 1.399 -20.308 13.116
24000200000019 155942912000 99.670 7.7613 12.7091 6.6535 7.7549 12.7208 6.6215 -409.423 956.448 423.117
24000200000049 155448590336 99.558 17.8773 3.5674 19.8383 17.8774 3.5659 19.8379 8.528 39.863 -22.858
24000200000036 154928283648 99.452 10.0633 18.9654 22.5817 10.0679 18.9674 22.5767 26.212 -54.369 29.142
24000200000021 154646118400 99.392 20.4756 12.2917 12.3520 20.4604 12.2891 12.3618 -19.378 -8.575 -4.946
24000100000057 152345706496 98.898 9.0094 17.7802 7.6273 9.0066 17.7814 7.6328 99.482 -12.018 12.004
24000200000042 151952326656 98.812 22.9017 1.6239 15.4860 22.8995 1.6223 15.4866 -2.714 -31.441 29.672
24000200000051 150936256512 98.591 11.0977 10.6881 10.7693 11.0993 10.6862 10.7681 -20.866 15.300 39.735
24000200000053 150284353536 98.450 17.7177 18.0595 13.3046 17.7207 18.0597 13.3051 3.362 -4.581 9.922
24000200000029 148816986112 98.122 7.1563 12.5562 23.4798 7.1588 12.5739 23.5018 -276.254 154.989 -133.708
24000200000044 147768934400 97.892 15.1074 11.1909 4.2261 15.1051 11.1877 4.2233 -39.473 -21.923 -149.095
24000200000047 146377588736 97.584 18.5387 12.0664 19.1129 18.5357 12.0665 19.1165 -54.242 -4.776 -6.538
24000200000059 142924529664 96.814 4.9619 9.5119 7.6122 4.9640 9.5025 7.6032 132.833 66.346 -36.553
24000200000043 142647410688 96.752 1.7784 10.1900 8.1499 1.7758 10.1908 8.1406 -70.142 -24.137 8.815
24000200000046 142467399680 96.711 13.8950 10.0271 8.1131 13.8934 10.0344 8.1149 -32.156 -17.104 4.050
24000200000056 142153826304 96.640 1.3286 11.2983 21.2985 1.3225 11.3040 21.2910 -24.152 -31.440 18.042
24000200000048 140671729664 96.300 24.6208 18.1198 2.0653 24.6243 18.1160 2.0673 22.917 42.060 7.444
24000200000023 139419271168 96.015 10.7866 17.9870 4.0654 10.7869 17.9812 4.0596 -71.564 -64.547 -186.592
24000200000038 135751630848 95.167 21.3052 9.7171 15.9675 21.3062 9.7201 15.9615 -6.188 -45.460 -14.867
24000100000058 135072456704 95.006 14.6590 2.6148 11.6667 14.6498 2.6078 11.6582 -12.373 -13.906 58.102
24000200000050 134700785664 94.920 1.7879 22.3065 16.2754 1.7929 22.3029 16.2708 30.014 47.112 6.850
24000200000061 132450983936 94.388 4.0470 22.8145 16.2477 4.0502 22.8148 16.2511 -35.496 -28.890 26.849
24000300000003 131768672256 94.227 14.1874 1.6738 10.7367 14.1817 1.6700 10.7348 -1.331 -20.680 -13.274
24000200000015 131571400704 94.175 10.8044 16.8531 3.2618 10.8111 16.8567 3.2497 -64.953 14.019 41.859
24000300000004 130820153344 93.999 3.2508 18.9684 4.8063 3.2400 18.9794 4.8133 186.402 75.354 137.113
24000300000011 130418647040 93.900 10.7918 18.9750 21.9887 10.7887 18.9717 21.9958 197.718 -62.555 27.197
24000200000045 129445797888 93.672 20.9589 6.5238 13.9929 20.9645 6.5287 13.9899 -27.318 54.970 109.798
24000200000039 129115258880 93.588 16.7330 13.0201 9.9017 16.7305 13.0154 9.9058 187.110 -142.306 19.892
24000200000041 128502636544 93.438 5.6941 23.4165 11.3808 5.6951 23.4166 11.3879 7.945 61.429 6.712
24000200000031 127815237632 93.270 2.9702 22.5254 16.1638 2.9809 22.5303 16.1638 29.142 -36.558 20.646
24000300000009 125862617088 92.799 1.9584 13.6443 13.2761 1.9635 13.6431 13.2735 25.906 -9.811 20.152
24000200000030 125671743488 92.750 3.1744 21.1803 18.6693 3.1736 21.1795 18.6703 52.470 -3.839 11.657
24000200000054 125430964224 92.693 24.8656 17.2020 24.0418 24.8707 17.2012 24.0429 -12.166 -245.646 -104.363
24000300000001 124694765568 92.507 12.5993 15.5958 21.0870 12.5963 15.5946 21.0853 22.863 -78.510 23.654
24000200000040 124211093504 92.387 5.1492 12.0404 23.1537 5.1522 12.0455 23.1530 -32.584 -13.147 -13.018
24000300000018 123240710144 92.148 8.3402 16.4569 11.2640 8.3493 16.4682 11.2625 38.923 20.305 -3.281
24000300000002 122764689408 92.028 6.8528 19.9122 11.3467 6.8586 19.9134 11.3442 20.805 68.994 0.559
24000300000013 122082369536 91.859 15.6645 24.3973 8.5009 15.6717 24.3805 8.5096 119.648 18.364 -29.926
24000200000055 121451044864 91.700 23.5090 22.7601 17.9016 23.5075 22.7575 17.8986 -51.808 -16.053 18.083
24000200000060 121359433728 91.677 13.8456 8.3961 3.5415 13.8442 8.3997 3.5410 -46.951 -212.667 75.113
24000300000000 121057673216 91.596 13.0529 11.0087 13.7228 13.0553 11.0098 13.7244 -25.136 30.770 11.783
24000200000063 120908800000 91.560 16.6449 1.1602 22.2090 16.6442 1.1604 22.2083 -248.733 5.790 164.287
24000300000005 120044011520 91.343 6.1200 21.5814 18.1134 6.1277 21.5808 18.1219 -7.067 -115.636 9.070
24000300000015 119967318016 91.322 21.9439 20.3957 17.8759 21.9405 20.3923 17.8700 70.118 30.221 -37.593
24000300000024 118099820544 90.849 12.1703 17.0529 7.5629 12.1689 17.0525 7.5624 10.056 -7.337 10.416
24000200000034 117927657472 90.801 10.8895 5.4610 8.0237 10.8852 5.4604 8.0262 -20.731 9.764 -31.478
24000200000057 117897936896 90.799 9.8555 20.9118 12.0576 9.8618 20.9113 12.0545 -101.582 147.308 -41.001
24000300000017 117031755776 90.570 12.7414 10.3111 13.2588 12.7272 10.3138 13.2761 100.618 -133.559 95.994
24000300000012 115080216576 90.067 17.1190 23.5024 17.4073 17.1188 23.5019 17.4069 -78.817 -43.933 131.969
24000300000008 114570854400 89.932 16.5806 23.8762 7.6076 16.5805 23.8735 7.6120 136.257 163.396 13.684
24000200000058 113913503744 89.761 23.0914 23.6072 16.7570 23.0927 23.6076 16.7490 19.702 -32.157 -5.970
24000300000010 111948890112 89.246 20.1938 21.7469 15.8053 20.1949 21.7483 15.8038 -56.211 -6.335 28.524
24000200000033 110043553792 88.732 24.3040 21.0543 24.7479 24.3008 21.0521 24.7232 -354.359 246.516 -47.447
24000200000062 109740425216 88.654 16.3033 8.8142 14.4038 16.2966 8.8162 14.3927 -61.345 9.141 -22.734
24000300000034 109077512192 88.475 15.4082 1.8913 12.7100 15.4080 1.8984 12.7111 55.475 -5.822 -55.402
24000200000028 108300091392 88.266 24.0451 6.6779 16.4369 24.0518 6.6800 16.4492 -205.530 71.080 74.217
24000300000019 106310713344 87.720 11.4311 18.6284 18.5707 11.4334 18.6293 18.5724 57.888 93.419 87.991
24000300000027 106119086080 87.668 7.0467 10.6958 8.8432 7.0483 10.6961 8.8439 -14.977 -11.322 -45.590
24000300000028 104807882752 87.306 24.9634 16.9780 0.9746 24.9590 16.9736 0.9745 -76.626 -32.662 31.172
24000300000026 104777482240 87.294 15.0808 12.0334 0.2794 15.0834 12.0328 0.2805 -164.070 20.194 98.424
24000300000020 104624660480 87.251 6.1611 22.3608 9.3365 6.1585 22.3585 9.3350 -92.610 98.889 1.774
24000300000021 104402755584 87.188 2.6918 14.1752 12.8709 2.6955 14.1778 12.8714 -70.940 -35.364 -10.218
24000300000041 103141040128 86.839 8.5907 18.0781 4.1047 8.5931 18.0812 4.1087 54.721 -4.674 22.667
24000300000033 101924052992 86.497 20.8684 16.5274 13.2121 20.8553 16.5375 13.2115 -1.826 25.144 -94.561
24000300000056 100870348800 86.198 15.3190 4.7600 0.9732 15.3175 4.7622 0.9737 23.372 9.265 -22.619
24000300000022 100159774720 85.994 11.7467 7.8909 5.2490 11.7471 7.8896 5.2532 10.774 -7.292 -11.473
24000100000039 100071104512 85.968 1.1082 23.0000 14.2629 1.0347 22.9612 14.2554 -280.751 631.679 -409.177
24000300000046 99038814208 85.674 4.0305 12.8743 10.8688 4.0304 12.8741 10.8717 -34.559 25.281 -38.458
24000300000037 98977333248 85.652 14.5560 24.6428 21.5935 14.5464 24.6424 21.5974 -3.765 46.514 -11.442
24000300000031 98149629952 85.414 16.1706 10.4375 23.9699 16.1712 10.4377 23.9735 -48.910 180.970 134.726
24000300000049 97057406976 85.094 5.7833 12.6958 14.5008 5.7815 12.6973 14.4999 6.210 75.530 48.706
24000300000036 97010802688 85.081 0.1426 6.5392 14.6159 0.1413 6.5431 14.6165 23.044 -18.396 -60.771
24000300000035 96954507264 85.065 23.8330 21.0510 17.8614 23.8345 21.0464 17.8613 4.694 -4.545 -52.433
24000300000023 95451734016 84.625 17.2079 23.5397 3.4711 17.2088 23.5311 3.4797 146.662 9.953 35.473
24000300000047 92755689472 83.821 0.5346 17.3310 4.8126 0.5446 17.3296 4.8116 -7.258 -1.430 40.359
24000300000025 92034351104 83.603 19.2214 11.7790 18.2833 19.2257 11.7777 18.2777 -97.212 20.751 88.558
24000200000064 91338178560 83.390 19.0792 20.1859 14.9744 19.0779 20.1900 14.9787 -36.915 74.778 -12.709
24000300000059 91087028224 83.316 7.9565 4.0772 10.5155 7.9566 4.0776 10.5196 21.554 -12.012 15.216
24000300000039 90645659648 83.181 15.4210 12.1860 8.5355 15.4231 12.1848 8.5329 25.743 43.800 9.196
24000300000030 90387161088 83.100 2.6885 12.6260 22.2439 2.6918 12.6376 22.2358 -34.701 -51.687 12.599
24000300000040 90249412608 83.056 15.4949 8.5216 1.2590 15.4980 8.5233 1.2597 -37.156 44.763 68.658
24000400000001 90187980800 83.037 22.7532 7.5753 22.6922 22.7524 7.5737 22.6888 2.431 -11.154 1.551
24000300000054 90022731776 82.989 2.6931 20.9233 22.4371 2.6978 20.9195 22.4356 33.942 64.660 4.687
24000200000013 89662914560 82.876 1.3766 2.8883 19.2778 1.3682 2.9042 19.2885 41.201 -33.298 76.031
24000300000057 89457967104 82.815 19.4044 12.6925 21.2445 19.4059 12.6897 21.2446 14.791 12.830 5.750
24000300000063 89416826880 82.802 11.2912 1.6366 14.7778 11.2923 1.6377 14.7768 16.044 -8.672 20.159
24000400000003 89267544064 82.757 23.3198 13.3912 10.1765 23.3268 13.3909 10.1770 24.863 6.857 27.464
24000400000005 88208359424 82.426 5.3613 12.1790 10.4246 5.3638 12.1749 10.4227 41.249 -24.344 69.920
24000400000006 88200765440 82.423 15.5403 10.0467 10.1701 15.5413 10.0425 10.1713 -15.957 1.375 -31.588
24000300000016 87938555904 82.343 5.9476 23.4884 13.0445 5.9557 23.4889 13.0460 -83.692 -56.167 72.696
24000300000048 87667179520 82.255 16.4902 0.7002 4.5006 16.4956 0.7118 4.4970 -1.920 -3.024 -1.144
24000300000050 87647264768 82.254 17.3656 1.0830 18.1787 17.3651 1.0800 18.1789 2.235 12.608 -84.485
24000300000062 87565721600 82.224 21.3867 8.8805 15.7654 21.3912 8.8840 15.7635 36.166 -50.073 108.827
24000400000002 86549536768 81.909 15.3415 2.4734 24.6314 15.3397 2.4732 24.6280 8.726 -5.550 -19.012
24000300000055 86162890752 81.787 18.9612 16.7540 18.3460 18.9601 16.7571 18.3504 -20.044 -25.097 -5.206
24000300000045 85126684672 81.456 15.6084 2.8010 22.9219 15.6129 2.7960 22.9279 -65.131 16.175 11.854
24000300000060 84630831104 81.299 11.3873 19.9549 9.4135 11.3886 19.9563 9.4128 -2.830 -1.246 -5.945
24000400000018 84150525952 81.145 12.6104 8.6500 8.4299 12.6091 8.6530 8.4295 11.849 -6.569 -4.305
24000300000058 84093763584 81.124 16.8174 8.6480 8.4112 16.8138 8.6520 8.4129 -1.920 -48.158 53.002
24000300000052 83438518272 80.911 9.0709 19.7608 21.6685 9.0705 19.7596 21.6694 -23.258 23.998 -3.188
24000400000007 83434029056 80.914 1.0739 1.4835 18.9572 1.0804 1.4835 18.9601 -31.274 -13.410 18.666
24000300000029 83336765440 80.881 16.6092 21.2764 13.8790 16.6078 21.2751 13.8767 28.810 1.944 -7.353
24000400000019 83110330368 80.806 19.3462 12.7227 18.1436 19.3467 12.7180 18.1449 32.187 -4.036 6.547
24000400000009 82674147328 80.667 16.5015 0.5902 17.6924 16.4987 0.5905 17.6928 -7.580 -20.328 -11.349
24000300000061 81834532864 80.394 14.4927 1.3135 10.6040 14.4865 1.3200 10.6052 1.306 18.960 -19.057
24000400000017 81687552000 80.341 19.5328 23.7218 0.3056 19.5322 23.7232 0.3062 -24.766 -7.810 -0.784
24000400000016 81046134784 80.133 10.9062 11.0824 10.9052 10.9085 11.0790 10.9086 -88.942 -31.557 -10.317
24000400000021 80709058560 80.020 8.0124 17.4590 9.2569 8.0122 17.4595 9.2539 -20.242 10.530 -30.537
24000400000015 80261128192 79.873 2.1114 20.4299 6.6522 2.1121 20.4244 6.6550 -0.688 36.695 16.416
24000400000012 79979061248 79.778 14.4362 9.9600 9.5250 14.4403 9.9647 9.5287 62.897 -29.863 4.228
24000400000024 79836946432 79.735 18.8371 16.5585 12.4403 18.8351 16.5650 12.4364 -116.745 -1.432 6.585
24000400000030 79780257792 79.716 3.1003 23.5819 11.8908 3.1006 23.5825 11.8915 -16.143 -20.022 20.124
24000400000013 79440330752 79.598 17.3661 0.8738 3.8910 17.3646 0.8740 3.8883 21.558 23.476 9.337
24000400000029 79247425536 79.534 14.9198 22.3225 5.6336 14.9225 22.3224 5.6337 -25.951 59.748 33.645
24000400000011 79236988928 79.532 7.0081 15.5905 10.2099 7.0083 15.5923 10.2104 -19.436 -17.878 2.900
24000300000006 79169732608 79.508 9.0846 16.8597 14.9938 9.0868 16.8664 15.0083 1.828 -93.493 28.292
24000400000008 78763778048 79.372 16.2974 8.9318 14.7739 16.3012 8.9335 14.7746 3.990 24.208 1.055
24000400000010 78594596864 79.316 1.8024 22.1546 17.2134 1.8072 22.1596 17.2133 -8.568 -18.595 -47.309
24000200000006 78505508864 79.288 24.9325 13.5887 9.5865 24.9348 13.6037 9.5719 -128.025 3.477 -34.326
24000300000007 78452817920 79.268 3.4989 0.3248 14.6640 3.4802 0.3121 14.6329 -76.478 639.628 -227.408
24000400000035 78312112128 79.221 20.9925 11.2768 16.4227 20.9907 11.2762 16.4224 7.799 -2.572 39.891
24000400000053 77595115520 78.976 17.5658 16.9258 24.2172 17.5676 16.9274 24.2156 -36.778 30.300 27.257
24000400000020 76464340992 78.590 15.9245 8.5634 24.9825 15.9229 8.5640 24.9829 -11.787 9.738 15.864
24000400000033 75793031168 78.362 16.7030 0.9427 23.6588 16.7022 0.9419 23.6580 18.558 -6.426 -12.012
24000400000045 75185979392 78.152 1.0990 3.9500 19.4593 1.0997 3.9508 19.4575 -4.110 1.387 14.468
24000300000051 75027996672 78.099 13.3233 0.3681 9.4796 13.3239 0.3688 9.4613 128.440 73.796 38.788
24000400000042 74832003072 78.031 0.4082 14.4888 12.6165 0.4033 14.4920 12.6160 -16.135 -64.406 -87.904
24000400000025 74690199552 77.982 14.2865 22.4153 17.3379 14.2866 22.4169 17.3413 -22.583 16.693 21.926
24000400000034 74426867712 77.887 20.8291 23.4719 18.3733 20.8254 23.4677 18.3741 23.204 -7.834 47.544
24000200000037 74398760960 77.881 3.5310 22.4325 16.2740 3.5405 22.4376 16.2772 12.683 31.208 -83.061
24000400000038 74010247168 77.742 18.6502 5.6756 17.0722 18.6503 5.6731 17.0741 3.857 109.719 0.626
24000400000014 73849118720 77.688 10.3614 17.9291 0.0133 10.3610 17.9302 0.0158 -0.419 -4.431 -16.520
24000400000028 73637879808 77.612 0.9232 13.8440 9.7635 0.9223 13.8444 9.7662 -3.991 -15.903 -5.989
24000400000059 72621621248 77.251 16.5116 8.9511 13.4805 16.5126 8.9508 13.4804 -17.638 -23.717 8.760
24000400000037 72151687168 77.090 1.5899 14.0607 11.9809 1.5924 14.0592 11.9814 -17.232 -33.849 15.130
24000400000023 72020860928 77.038 21.1335 9.6772 15.3798 21.1323 9.6775 15.3826 30.909 30.249 -9.082
24000400000051 71798882304 76.961 6.2664 12.0257 9.7582 6.2638 12.0236 9.7573 -0.777 -6.737 29.921
24000400000057 71490732032 76.849 15.7329 24.7973 1.0677 15.7238 24.8011 1.0698 -0.637 -104.435 -2.615
24000400000049 71488430080 76.849 24.9805 14.8842 12.8205 24.9828 14.8823 12.8198 -107.458 -74.444 -92.657
24000400000041 71204298752 76.746 0.2995 17.6173 3.7668 0.3009 17.6151 3.7674 5.500 -28.810 -11.072
24000300000038 70477258752 76.486 16.6481 0.8858 23.2517 16.6561 0.8854 23.2554 -63.827 -0.019 -71.064
24000400000027 69638422528 76.179 9.3407 3.5005 4.4765 9.3468 3.5056 4.4771 15.566 -36.595 21.596
24000400000044 69600264192 76.166 18.6639 9.6728 22.6923 18.6649 9.6734 22.6958 -1.189 10.002 -4.975
24000400000050 69410775040 76.096 13.2219 23.3693 9.8486 13.2198 23.3717 9.8458 -10.467 -18.287 5.366
24000400000036 69317967872 76.063 3.8344 22.7705 12.5117 3.8353 22.7695 12.5071 -22.548 10.381 -16.139
24000500000002 69052088320 75.968 21.8476 16.0090 13.1247 21.8458 16.0058 13.1222 32.810 -32.006 -6.765
24000400000054 68857552896 75.893 22.1011 22.5526 16.3057 22.1031 22.5516 16.3069 -20.617 26.871 14.088
24000400000056 68770988032 75.862 12.9717 13.1543 16.0637 12.9738 13.1542 16.0642 -11.940 35.086 0.141
24000400000048 67481653248 75.386 17.3098 0.7527 17.7600 17.3095 0.7579 17.7577 -24.227 18.553 -10.350
24000400000063 67352768512 75.338 11.7762 11.2531 14.5371 11.7770 11.2594 14.5317 76.054 34.374 -5.042
24000500000017 67315798016 75.323 21.6383 7.1775 15.6533 21.6381 7.1766 15.6580 -20.407 24.270 2.158
24000400000064 67172745216 75.271 5.1442 24.1640 3.3748 5.1426 24.1649 3.3751 8.760 27.445 -7.824
24000400000043 67036344320 75.217 20.1773 16.6120 13.1807 20.1770 16.6084 13.1827 20.928 -2.014 21.511
24000500000008 66159935488 74.892 16.7202 9.0558 3.8158 16.7199 9.0564 3.8150 5.241 -0.948 11.456
24000100000054 65849597952 74.774 9.6760 13.6258 6.5802 9.6990 13.6603 6.5604 145.243 19.390 214.187
24000400000032 65782640640 74.748 15.3723 8.5409 0.1998 15.3705 8.5422 0.1962 -16.875 46.566 5.966
24000500000000 64650379264 74.319 1.5807 13.6801 10.3188 1.5813 13.6831 10.3155 -31.565 44.004 -17.953
24000500000031 64183644160 74.136 20.3814 14.3538 20.2302 20.3821 14.3583 20.2313 -14.151 59.695 -21.931
24000500000026 64137142272 74.119 0.1739 22.1372 17.5915 0.1755 22.1356 17.5924 18.820 9.250 23.210
24000400000000 63958331392 74.048 0.0197 17.8284 3.1757 0.0240 17.8299 3.1894 25.437 -91.372 -8.375
24000500000034 63895293952 74.024 3.4805 0.9768 7.4534 3.4796 0.9778 7.4535 -7.396 -11.683 2.241
24000500000021 63883530240 74.019 1.8243 23.7571 20.9858 1.8246 23.7591 20.9842 10.294 -0.489 1.578
24000500000015 63323402240 73.804 23.1826 16.9996 19.9784 23.1776 17.0120 19.9818 32.288 4.204 94.861
24000500000004 62729936896 73.574 18.0660 18.4122 12.6651 18.0658 18.4165 12.6639 -42.738 16.031 17.804
24000500000007 62316052480 73.411 16.5178 5.4011 22.4593 16.5236 5.4027 22.4597 -87.949 59.679 26.011
24000500000055 61570244608 73.116 15.0493 24.2986 10.4874 15.0431 24.2904 10.4847 0.662 25.511 -90.712
24000400000062 61448470528 73.070 7.5571 12.6232 7.4113 7.5566 12.6270 7.4136 -27.577 16.621 -13.887
24000500000043 61302202368 73.013 3.5058 18.8564 4.4859 3.5052 18.8571 4.4889 19.912 9.571 2.592
24000300000044 61262512128 72.996 13.7435 11.8576 15.9702 13.7409 11.8410 15.9810 25.202 -62.082 -81.195
24000500000036 60471951360 72.678 13.5617 11.0829 7.6364 13.5580 11.0809 7.6361 -0.904 -0.899 -0.113
24000500000052 60017471488 72.495 5.3303 24.2283 4.9204 5.3290 24.2281 4.9219 7.739 39.482 37.580
24000500000037 59973615616 72.480 14.9130 8.5840 10.3614 14.9095 8.5913 10.3586 -2.439 0.723 -45.515
24000500000053 59915735040 72.457 16.5489 20.3933 9.9550 16.5499 20.3906 9.9578 -24.282 24.740 15.264
24000500000019 59899760640 72.447 21.4999 15.3452 20.3384 21.5006 15.3408 20.3396 -11.265 10.444 -11.657
24000500000013 59897085952 72.452 15.3605 15.9185 9.6484 15.3622 15.9211 9.6435 -53.040 -64.124 15.090
24000500000056 59454902272 72.269 4.5225 24.4858 10.4597 4.5110 24.4911 10.4553 -5.334 -9.898 41.289
24000500000032 59158147072 72.149 16.8496 9.2744 16.1003 16.8525 9.2769 16.1034 -21.079 18.910 -2.133
24000600000011 58970484736 72.074 15.8776 22.0689 16.7405 15.8764 22.0709 16.7407 -29.287 -15.605 -26.204
24000600000006 58846269440 72.020 23.5130 20.0881 18.2849 23.5130 20.0863 18.2865 -3.523 14.651 3.398
24000500000027 58594045952 71.920 18.6183 12.3159 19.7910 18.6110 12.3114 19.7813 -35.856 59.230 34.649
24000500000023 58501013504 71.881 21.5987 22.5444 16.3939 21.5995 22.5428 16.3958 11.236 29.908 2.984
24000500000046 58036719616 71.689 14.6547 8.4502 1.6643 14.6526 8.4554 1.6664 -33.278 -10.533 6.474
24000500000038 57798672384 71.590 0.2104 13.7917 9.1062 0.2129 13.7919 9.1047 -1.422 29.526 10.101
24000600000005 57657094144 71.533 11.8956 17.0692 1.0131 11.8966 17.0665 1.0139 25.349 17.971 7.777
24000600000007 57385463808 71.423 6.4500 15.0018 12.3836 6.4495 15.0001 12.3845 5.682 -6.006 1.864
24000500000025 57266995200 71.375 12.5407 16.6561 17.3342 12.5470 16.6619 17.3341 10.734 -3.738 3.090
24000500000048 57156763648 71.327 0.6651 11.7129 14.3514 0.6631 11.7096 14.3508 2.801 -46.182 18.149
24000300000053 57089818624 71.297 7.2524 24.8971 11.7911 7.2686 24.8926 11.7859 -9.677 36.139 -45.482
24000500000044 57076350976 71.295 13.4461 17.5355 18.2997 13.4486 17.5347 18.2980 15.626 -9.154 6.791
24000500000058 56881455104 71.213 17.0596 8.7992 22.8700 17.0612 8.8008 22.8701 -1.059 34.560 -0.567
24000600000040 56616267776 71.102 23.5930 12.4971 9.3804 23.5949 12.4956 9.3803 -7.728 -0.048 1.149
24000500000009 56242933760 70.942 23.6196 15.4871 13.3048 23.6189 15.4858 13.3068 -3.579 -7.143 -18.978
24000500000059 56230612992 70.942 8.6138 23.3853 9.3514 8.6154 23.3836 9.3547 -30.213 -17.654 28.279
24000600000032 56189235200 70.923 24.1013 13.3951 10.0368 24.1021 13.3946 10.0363 -18.447 1.271 11.926
24000600000022 56055656448 70.866 3.0769 22.5910 13.2583 3.0745 22.5912 13.2589 -56.259 14.997 -61.640
24000400000047 55991959552 70.838 21.3740 6.2947 14.4305 21.3698 6.2932 14.4258 22.845 -29.290 38.975
24000400000046 55329480704 70.560 19.5224 0.8347 8.0715 19.5340 0.8221 8.0709 -49.162 -42.593 -26.882
24000300000042 55228538880 70.518 12.5067 6.4412 10.9458 12.4973 6.4204 10.9426 -58.918 -4.193 -27.550
24000600000034 55181611008 70.493 23.6166 16.7123 20.7857 23.6175 16.7098 20.7824 5.514 -4.817 23.763
24000500000039 54977912832 70.409 19.5652 7.0902 13.3191 19.5640 7.0884 13.3197 4.814 12.013 1.489
24000500000054 54872850432 70.365 9.4024 7.0335 10.5753 9.4034 7.0317 10.5766 -6.007 -52.398 -45.742
24000600000035 54816256000 70.341 6.1211 17.7417 23.4659 6.1190 17.7400 23.4687 -15.295 87.819 49.274
24000600000013 54721736704 70.301 2.8820 0.2181 21.4663 2.8837 0.2168 21.4667 -5.192 2.159 -6.083
24000600000025 54655893504 70.273 15.0922 11.4801 19.4178 15.0922 11.4795 19.4156 15.169 2.598 -10.157
24000500000061 54439768064 70.179 9.7082 8.4443 9.2870 9.7093 8.4410 9.2857 28.308 1.414 14.716
24000500000051 54371184640 70.151 10.8209 18.7326 5.2191 10.8210 18.7341 5.2176 35.326 3.754 99.393
24000600000033 54244524032 70.093 7.2256 18.1583 23.0789 7.2269 18.1615 23.0787 10.794 -1.415 0.775
24000300000043 54164652032 70.059 11.8362 20.5490 13.2385 11.8362 20.5570 13.2542 208.892 51.996 -34.737
24000600000012 54017605632 69.999 23.9777 18.7167 19.0130 23.9784 18.7175 19.0125 7.552 10.350 -5.244
24000600000008 53997596672 69.989 24.7735 17.3052 5.5256 24.7727 17.3049 5.5250 -1.448 -8.957 3.045
24000600000027 53980098560 69.979 8.3720 1.7725 13.7579 8.3701 1.7730 13.7593 -19.730 6.685 -37.178
24000500000035 53432774656 69.742 0.3245 6.8098 14.7687 0.3281 6.8121 14.7682 16.976 -40.591 14.126
24000600000052 53124808704 69.608 7.7462 21.4145 20.9395 7.7450 21.4146 20.9419 9.250 26.992 -5.538
24000600000026 53013028864 69.559 22.7066 23.7879 17.6100 22.7083 23.7886 17.6115 -3.258 6.165 7.350
24000600000003 53008101376 69.560 7.8025 13.1785 15.0834 7.7970 13.1747 15.0818 -33.293 20.472 26.876
24000500000030 52977135616 69.542 2.2982 22.4029 16.6113 2.3033 22.4023 16.6099 -2.631 -49.063 -52.096
24000600000023 52699897856 69.420 15.9999 24.7712 4.7239 15.9984 24.7702 4.7254 4.219 7.911 4.398
24000600000002 52515000320 69.341 23.9930 21.6135 22.4369 23.9925 21.6159 22.4333 11.949 -70.406 -59.231
24000500000016 52018786304 69.124 11.2010 18.0499 20.0798 11.2002 18.0484 20.0842 -107.177 -52.480 -69.502
24000700000000 51685015552 68.972 20.5271 13.2073 21.4585 20.5270 13.2074 21.4579 5.094 -9.455 12.110
24000600000024 51683680256 68.973 10.9577 20.0258 8.8045 10.9597 20.0245 8.8024 -7.598 41.697 -43.826
24000700000007 51481509888 68.881 11.1141 20.5543 15.7840 11.1149 20.5530 15.7842 -16.742 6.450 2.759
24000500000033 51079196672 68.702 21.1898 17.7374 18.0631 21.1857 17.7385 18.0624 4.940 25.998 6.201
24000500000022 50978029568 68.657 7.8770 13.4910 8.3976 7.8913 13.4935 8.3819 40.576 55.520 30.214
24000600000049 50766393344 68.562 18.3025 5.2139 19.1777 18.3018 5.2140 19.1795 -26.976 23.770 -7.596
24000600000036 50477232128 68.430 11.0521 18.0664 19.6981 11.0525 18.0671 19.7000 -18.042 35.363 -5.765
24000500000042 50099331072 68.263 4.5858 22.9267 12.2853 4.5843 22.9263 12.2863 19.028 26.028 31.711
24000400000022 50088017920 68.254 10.8605 18.0586 20.7334 10.8595 18.0611 20.7393 -20.848 58.079 33.427
24000600000059 50045456384 68.237 20.3422 10.4737 16.8186 20.3422 10.4750 16.8168 4.368 9.780 -30.092
24000300000064 50030862336 68.229 7.3001 2.8740 9.8234 7.3018 2.8759 9.8221 55.784 6.289 -119.283
24000500000011 49586114560 68.028 17.2713 24.3991 17.7484 17.2730 24.4029 17.7520 75.927 -55.856 33.291
24000400000004 49564663808 68.018 22.3811 11.1256 21.9611 22.3947 11.1240 21.9546 38.768 -2.025 76.650
24000600000060 49524871168 68.001 7.4592 10.3336 13.0375 7.4543 10.3334 13.0406 10.163 18.452 22.273
24000600000031 49300672512 67.898 7.3121 18.0164 23.2806 7.3134 18.0209 23.2786 6.888 -83.852 -54.915
24000600000050 49073881088 67.794 15.6169 20.7740 14.9257 15.6153 20.7746 14.9240 25.727 13.643 14.855
24000600000041 48898871296 67.709 13.2089 13.3782 16.7860 13.2109 13.3696 16.7817 -67.665 -6.658 -24.457
24000600000055 48819822592 67.677 6.1946 14.9466 12.7690 6.1935 14.9464 12.7658 10.736 -18.374 -30.185
24000600000029 48643735552 67.596 10.8058 19.7952 1.1011 10.8064 19.7917 1.1010 20.258 -38.743 3.556
24000600000057 48398106624 67.480 12.9115 13.2891 16.4953 12.9109 13.2891 16.4955 -44.248 -56.552 -42.183
24000700000019 47078719488 66.859 7.4134 4.8900 12.7784 7.4120 4.8906 12.7765 36.316 37.121 -2.269
24000600000064 46819135488 66.740 11.7975 4.5462 8.3966 11.7953 4.5473 8.4015 84.532 2.079 -27.291
24000700000005 46678200320 66.668 15.3758 20.9047 9.5580 15.3753 20.9079 9.5611 -53.509 20.523 -42.513
24000500000050 46579118080 66.621 8.1613 12.4249 1.8383 8.1606 12.4245 1.8373 -10.463 7.484 -3.683
24000600000014 46539120640 66.603 7.8605 12.3998 1.0228 7.8602 12.3993 1.0212 28.141 -18.445 -12.405
24000500000010 46053142528 66.374 15.6531 24.7364 19.8516 15.6558 24.7265 19.8452 31.793 33.610 -56.952
24000700000026 45941866496 66.321 3.9320 13.6184 23.1011 3.9329 13.6152 23.1035 -2.919 -11.478 33.440
24000700000006 45520912384 66.114 7.7655 0.7726 11.5759 7.7646 0.7744 11.5775 -57.143 10.888 -8.943
24000600000062 45475815424 66.093 16.9181 9.1008 4.2853 16.9197 9.1041 4.2838 -7.995 -12.942 5.119
24000700000004 45438386176 66.076 23.9832 17.5633 19.9426 23.9858 17.5683 19.9460 21.947 -39.428 25.521
24000600000015 45373415424 66.045 12.6195 16.6176 0.4561 12.6150 16.6103 0.4470 11.987 -14.517 -5.579
24000700000023 45359923200 66.037 4.6472 14.1489 10.3507 4.6489 14.1495 10.3493 -18.199 9.653 -6.156
24000600000058 45356711936 66.038 14.7616 16.0758 9.0833 14.7623 16.0760 9.0881 20.461 23.740 39.995
24000600000054 44756000768 65.742 4.1490 22.8755 12.2885 4.1496 22.8847 12.2860 -30.201 -6.551 92.649
24000700000048 44560273408 65.649 15.6694 6.7907 14.6501 15.6673 6.7918 14.6497 -11.001 -16.807 -18.472
24000600000048 44385951744 65.561 16.9870 0.5402 24.4313 16.9867 0.5432 24.4297 48.168 2.066 5.116
24000700000045 44314738688 65.528 2.7502 20.7520 20.8014 2.7515 20.7523 20.7999 -6.303 33.389 6.062
24000700000040 44061097984 65.400 0.4121 19.7304 17.9751 0.4117 19.7292 17.9775 -38.337 -14.431 21.771
24000700000047 43775791104 65.261 7.2319 11.1908 9.1529 7.2319 11.1923 9.1541 -10.977 -5.612 12.514
24000600000042 43675770880 65.208 23.0541 24.9183 15.6501 23.0518 24.9166 15.6498 -0.887 2.086 -7.513
24000700000038 43395981312 65.071 24.0292 16.7733 7.0973 24.0282 16.7752 7.0938 24.595 3.994 1.812
24000700000037 43181158400 64.963 3.6651 20.4073 20.7618 3.6635 20.4081 20.7603 8.950 6.615 -0.059
24000700000039 43062960128 64.901 24.6664 17.8472 22.7425 24.6669 17.8459 22.7461 23.256 14.581 -18.133
24000500000014 42823323648 64.780 16.0363 12.4481 7.0672 16.0342 12.4460 7.0652 10.013 18.407 20.710
24000700000044 42431614976 64.585 18.8300 20.4000 14.7335 18.8294 20.4015 14.7339 1.210 -2.782 -1.787
24000600000047 42166476800 64.449 19.5868 1.3976 17.6272 19.5862 1.3941 17.6265 -6.554 -17.352 85.972
24000700000025 41997602816 64.361 14.6933 14.0349 23.4538 14.6920 14.0345 23.4540 -9.842 -13.934 -5.058
24000700000049 41706295296 64.216 1.6433 22.8545 17.0486 1.6428 22.8559 17.0474 -19.416 19.924 8.631
24000700000046 41454280704 64.087 6.9997 3.1621 9.8259 7.0023 3.1618 9.8275 -11.962 1.203 -12.661
24000700000043 40679444480 63.684 6.6889 1.6601 13.2340 6.6906 1.6601 13.2362 24.893 21.722 2.478
24000400000026 40618119168 63.648 15.2174 21.8894 16.0232 15.2224 21.8888 16.0247 9.678 2.207 -49.395
24000600000001 40043192320 63.350 1.4794 21.4656 19.1546 1.4786 21.4723 19.1486 -2.016 39.411 114.519
24000700000029 39790575616 63.215 7.4515 18.9103 11.2953 7.4503 18.9081 11.2947 15.915 -5.999 8.363
24000700000042 39622385664 63.125 5.0604 4.0944 13.9308 5.0623 4.0941 13.9342 -18.513 12.856 -2.397
24000800000009 38635888640 62.599 13.8850 20.1709 14.8771 13.8859 20.1706 14.8760 4.761 14.731 7.169
24000800000006 37961379840 62.231 6.9314 12.4939 24.4485 6.9327 12.4922 24.4481 -11.568 14.670 28.736
24000800000002 37607182336 62.040 11.9764 14.6747 6.5728 11.9775 14.6753 6.5716 1.186 15.544 -9.840
24000800000010 37544906752 62.004 16.0916 14.3029 19.8673 16.0918 14.3042 19.8705 5.646 -12.354 6.381
24000700000063 37464576000 61.960 0.1109 22.2221 16.4247 0.1103 22.2238 16.4262 -54.850 -13.544 69.174
24000800000025 37317632000 61.876 5.0549 17.3501 23.3733 5.0551 17.3527 23.3721 -18.100 25.079 37.952
24000800000028 37301354496 61.870 7.3304 24.7550 10.0160 7.3324 24.7557 10.0136 16.733 -0.898 18.675
24000500000024 36921769984 61.660 14.2789 9.7194 3.6388 14.2736 9.7041 3.6409 -7.403 9.247 14.496
24000400000039 36658831360 61.509 12.1320 7.1548 5.6676 12.1342 7.1537 5.6675 -3.760 5.539 23.874
24000700000057 36470120448 61.404 23.2465 21.9271 21.0218 23.2449 21.9251 21.0224 -58.119 21.861 -82.111
24000600000000 36080467968 61.188 12.5142 6.4122 10.6225 12.5115 6.4160 10.6265 -17.992 9.652 15.603
24000800000005 36070686720 61.180 2.5700 24.7304 14.9800 2.5666 24.7310 14.9827 24.256 -19.527 29.054
24000800000026 35339538432 60.765 24.1178 1.4068 13.0882 24.1178 1.3989 13.0831 -19.727 14.465 -3.341
24000800000046 35282173952 60.730 1.8555 24.6274 15.1235 1.8553 24.6279 15.1220 4.629 -12.828 -11.684
24000800000034 34955063296 60.543 3.0039 11.5072 21.9576 3.0057 11.5104 21.9602 -0.756 3.486 -6.286
24000800000030 34908725248 60.517 0.3837 18.3951 19.9661 0.3836 18.3923 19.9644 19.840 13.910 -14.620
24000800000033 34664869888 60.375 14.3542 6.3243 13.8156 14.3542 6.3259 13.8146 -17.539 -4.235 -33.152
24000500000062 34613280768 60.348 11.1920 20.0040 9.0215 11.1933 20.0055 9.0207 -38.810 32.050 63.416
24000700000056 34504060928 60.281 16.8436 12.5595 9.8098 16.8416 12.5590 9.8090 22.375 5.784 -67.862
24000500000005 33497161728 59.691 16.1649 24.6892 17.1617 16.1656 24.6891 17.1663 16.240 17.030 -8.245
24000900000003 33291069440 59.569 19.5679 20.4254 15.5204 19.5686 20.4241 15.5209 -20.532 2.448 8.051
24000600000038 32148389888 58.879 7.3678 5.4725 9.3955 7.3680 5.4717 9.4006 52.907 -11.754 5.785
24000800000000 32127965184 58.864 9.0942 5.7668 11.2839 9.0938 5.7668 11.2890 7.445 6.640 -2.507
24000900000055 31584634880 58.532 24.1903 1.2974 13.3843 24.1902 1.2974 13.3837 -4.506 2.236 -1.236
24000900000023 31520835584 58.491 7.6346 13.4310 8.6143 7.6326 13.4306 8.6142 -2.179 10.672 12.311
24000900000049 31240400896 58.317 21.2596 0.5118 17.3168 21.2606 0.5123 17.3153 -2.501 -4.506 -16.883
24000900000019 30989084672 58.161 22.9935 24.0057 17.2130 22.9963 24.0051 17.2148 -8.011 -11.400 9.724
24000900000038 30344085504 57.754 22.6038 23.0323 19.0316 22.6027 23.0320 19.0314 3.289 -10.284 -0.859
24001000000021 29908844544 57.477 15.0582 13.8714 24.5576 15.0578 13.8726 24.5571 -6.784 9.077 9.173
24000900000061 29798993920 57.408 14.5624 12.9473 0.5920 14.5603 12.9468 0.5899 8.136 -8.894 0.762
24000900000036 29180661760 57.007 8.0573 12.9445 6.2632 8.0540 12.9416 6.2612 -15.301 10.333 -10.013
24000800000003 28837931008 56.782 5.2370 23.4212 15.7893 5.2464 23.4257 15.7831 -42.707 117.970 126.463
24001000000048 28132196352 56.318 9.0538 3.0819 4.6247 9.0539 3.0808 4.6238 -13.814 -12.609 -0.146
24000900000037 27788722176 56.085 14.3657 16.4252 8.6037 14.3672 16.4225 8.6028 6.579 4.082 19.231
24001000000011 27479777280 55.877 21.8255 6.2414 15.6163 21.8268 6.2409 15.6151 -3.671 6.989 5.053
24000700000034 27111090176 55.624 21.1196 0.0724 17.1015 21.1220 0.0698 17.1000 5.862 27.033 4.830
24001100000016 25888884736 54.775 1.9825 11.6741 21.6747 1.9805 11.6746 21.6753 2.846 -1.154 -24.164
24001100000041 25505972224 54.508 7.4933 11.6352 6.7546 7.4926 11.6356 6.7540 8.867 -0.318 4.991
24001100000032 25365608448 54.406 11.4530 20.4094 11.7582 11.4547 20.4094 11.7583 10.643 4.430 -4.631
24001000000040 24770969600 53.979 19.7569 12.8794 11.8778 19.7566 12.8804 11.8791 18.195 -19.824 0.178
24001900000053 13954880512 44.579 16.1347 23.8822 18.8784 16.1348 23.8831 18.8778 -19.339 13.902 10.172
