haloID mh rh halo_x halo_y halo_z gal_x gal_y gal_z spin_x spin_y spin_z
26000000000000 15404990726144 493.412 16.3328 24.4904 17.8493 16.3879 24.5332 17.8934 1498.178 -2353.793 -1103.537
26000000000001 7026041683968 379.801 5.0720 13.9502 11.2003 5.1237 14.0386 11.2373 -2888.852 2661.546 -2563.257
26000000000002 4923535654912 337.353 19.6710 13.3432 11.4389 19.6578 13.2899 11.4407 679.026 -175.887 2316.093
26000000000004 4570991820800 329.093 6.3492 24.2517 11.0196 6.3770 24.2598 11.0461 462.776 -954.179 -910.245
26000000000009 4286412226560 322.112 23.0940 0.3825 15.8479 23.0984 0.3871 15.8529 -6.011 663.112 -169.159
26000000000005 4055190470656 316.224 12.2106 19.5102 16.6724 12.2311 19.5220 16.6532 -137.800 16.712 10.502
26000000000008 3967349948416 313.912 23.8135 22.3100 18.7815 23.8324 22.3169 18.8406 -4151.972 3607.237 1080.320
26000000000010 3732877869056 307.615 23.0250 23.6388 16.5087 23.0151 23.6370 16.5161 688.297 -315.619 438.719
26000000000011 3573879144448 303.186 10.6632 17.2168 3.7203 10.6466 17.2132 3.7578 258.903 -323.868 -7.901
26000000000007 3305786048512 295.399 12.6977 7.6197 4.9144 12.6662 7.5990 4.9080 -947.597 449.323 142.441
26000000000003 3153577377792 290.792 9.1333 12.9088 2.8654 9.1244 12.8816 2.8245 576.740 -727.598 327.436
26000000000013 3114649780224 289.587 11.5027 20.4321 10.5779 11.5034 20.4196 10.5664 -21.821 -354.111 -243.440
26000000000018 2936711675904 283.962 14.0397 11.0551 6.2758 14.0351 11.0511 6.2663 264.973 -235.020 113.040
26000000000015 2847986679808 281.077 17.3309 3.8378 19.8550 17.3312 3.8354 19.8675 -1173.104 956.086 -628.125
26000000000021 2613458239488 273.142 13.6217 20.3704 15.5490 13.6299 20.3668 15.5436 143.091 72.480 -55.143
26000000000016 2440795783168 266.984 23.9745 22.7558 16.6299 23.9652 22.7526 16.6287 375.331 159.455 -521.559
26000000000019 2389626847232 265.112 21.9070 24.3437 16.7153 21.9067 24.3314 16.6950 -83.852 -5.067 -72.299
26000000000017 2243991437312 259.615 9.8682 2.6211 13.3331 9.8720 2.6587 13.3564 104.169 1468.821 -1079.723
26000000000006 2173831741440 256.876 21.2323 21.2090 15.9849 21.1767 21.1687 15.9301 110.822 -981.081 269.404
26000000000022 2125690568704 254.962 7.4231 10.1762 8.1400 7.4411 10.1638 8.1540 -95.562 -16.949 -44.641
26000000000024 2118208192512 254.669 10.4581 15.3482 5.1687 10.4594 15.3455 5.1590 662.372 -84.418 92.199
26000000000020 1951650414592 247.811 7.6824 19.6120 19.7276 7.6669 19.6064 19.7230 -500.401 382.952 -54.102
26000000000023 1848021090304 243.350 9.0723 10.4686 5.0246 9.0729 10.4693 5.0193 1184.467 -201.083 -1385.123
26000000000027 1772444712960 239.977 14.4673 13.6085 0.0622 14.4643 13.6268 0.0528 1045.598 28.676 168.299
26000000000014 1722646528000 237.716 22.1388 3.7726 15.7036 22.1583 3.7674 15.6717 1598.412 692.834 -396.633
26000000000025 1713416044544 237.281 18.5345 1.5797 17.7394 18.5453 1.5766 17.7293 314.137 -404.482 -89.262
26000000000029 1407559532544 222.232 14.4691 11.3783 7.8768 14.4730 11.3780 7.8835 357.176 61.063 -330.380
26000000000031 1394115084288 221.528 20.8021 3.5332 16.0597 20.8030 3.5373 16.0643 -393.024 405.310 566.345
26000000000012 1320562458624 217.556 5.3767 22.2377 12.9694 5.3743 22.1901 13.0073 918.724 176.962 617.095
26000000000032 1276232990720 215.098 10.6747 17.1581 5.7115 10.6731 17.1623 5.7117 266.941 -131.634 1580.194
26000000000030 1230662270976 212.503 6.7524 23.3334 12.6775 6.7561 23.3447 12.6711 -91.704 -277.785 -44.404
26000000000037 1126786269184 206.342 21.3979 5.4891 14.9154 21.3873 5.4895 14.9155 11.630 -176.700 -70.374
26000000000036 1086220599296 203.842 13.1068 15.5870 17.8105 13.1171 15.5756 17.7967 275.568 122.490 40.746
26000000000026 1070773108736 202.862 7.2360 1.1903 13.3337 7.2026 1.1390 13.3516 760.368 -178.853 113.230
26000000000028 1066666688512 202.617 22.6983 16.0662 13.2372 22.6930 16.0701 13.2419 230.191 -367.534 126.330
26000000000039 944845553664 194.585 10.5722 19.5648 7.2174 10.5716 19.5617 7.2150 -165.578 -70.490 -625.532
26000000000040 922212237312 193.015 20.0057 0.4127 16.9910 20.0077 0.4125 16.9896 -405.212 560.776 -768.955
26000000000035 920521342976 192.905 13.9078 10.8899 7.4842 13.8817 10.8743 7.5141 96.366 877.041 751.727
26000000000042 913561616384 192.410 20.8258 16.6921 18.6618 20.8225 16.6994 18.6596 -338.389 347.413 555.306
26000000000044 903771389952 191.718 18.4587 10.9581 19.0372 18.4556 10.9529 19.0498 622.554 763.451 975.662
26000000000041 883878985728 190.308 1.4540 17.5801 4.2530 1.4605 17.5660 4.2645 399.701 82.961 74.022
26000000000034 878615724032 189.934 16.0484 12.2530 9.7332 16.0337 12.2515 9.7271 188.433 328.312 -953.515
26000000000045 811375656960 184.960 16.5924 9.3786 23.1598 16.5826 9.3780 23.1553 101.537 -237.259 421.296
26000000000043 805190828032 184.474 12.8775 7.1668 10.3144 12.8726 7.1589 10.3123 160.606 -69.352 339.555
26000000000046 785325096960 182.957 1.6101 8.5303 14.4602 1.6114 8.5287 14.4622 -132.394 -187.213 -59.088
26000000000038 735728500736 179.019 15.7239 8.4846 0.4073 15.7474 8.4826 0.3893 776.368 -638.161 744.356
26000000000051 722181292032 177.911 7.9334 10.3776 7.3049 7.9439 10.3778 7.3257 -156.495 238.260 41.077
26000000000050 694102065152 175.571 8.9636 21.7135 12.7515 8.9659 21.7201 12.7527 186.870 690.817 85.906
26000000000054 658976538624 172.561 1.9979 15.5788 8.4671 1.9952 15.5814 8.4602 111.641 24.364 -121.359
26000000000052 654062321664 172.126 9.3773 19.4039 18.8303 9.3833 19.4038 18.8331 -11.058 70.321 -33.266
26000000000055 653909819392 172.114 18.4625 20.5879 15.1717 18.4526 20.5936 15.1809 -202.220 28.407 87.270
26000000000053 651632246784 171.920 6.3677 2.2314 13.5614 6.3656 2.2297 13.5599 121.005 -267.452 -310.007
26000000000048 630978641920 170.081 15.9666 8.6056 24.0327 15.9621 8.6127 24.0220 152.285 591.765 230.978
26000000000033 627294076928 169.754 4.0072 21.2440 14.1107 3.9667 21.2457 14.1308 310.463 -35.606 240.237
26000000000057 616672395264 168.793 12.5345 20.8372 10.7513 12.5303 20.8329 10.7511 25.048 -9.180 8.200
26000000000047 607091884032 167.913 13.1980 11.6460 14.8203 13.1969 11.6386 14.8149 -223.823 -216.273 45.450
26000000000049 585987981312 165.940 21.2817 18.6474 17.7665 21.2857 18.6457 17.7673 198.294 -125.610 -271.451
26000000000058 546337456128 162.104 16.6421 21.0392 14.7946 16.6450 21.0454 14.7974 32.563 -26.569 -93.607
26000000000059 543526649856 161.829 4.0047 13.8331 11.1338 4.0067 13.8337 11.1335 415.190 598.223 -454.896
26000000000060 535400153088 161.026 5.9982 12.2664 9.7872 6.0020 12.2654 9.7843 -410.292 -196.421 -506.866
26000100000000 520087502848 159.468 14.2026 17.2424 18.5478 14.2127 17.2411 18.5427 -43.462 -211.283 -27.087
26000000000056 519618330624 159.425 7.1601 23.4080 10.2745 7.1575 23.4009 10.2704 -248.169 234.201 -322.935
26000100000002 502854254592 157.690 21.2972 11.0660 21.9497 21.3031 11.0601 21.9525 199.722 2.661 -667.965
26000100000005 493014908928 156.653 19.7985 2.8412 16.7522 19.7990 2.8364 16.7511 65.856 -483.679 -153.747
26000100000001 488309817344 156.149 10.1479 16.9028 0.1734 10.1498 16.9120 0.1719 248.317 76.755 69.685
26000000000061 458465378304 152.902 10.3945 3.9176 12.4036 10.3982 3.9147 12.4002 -193.949 115.363 138.846
26000100000013 457510027264 152.798 19.7038 15.7659 12.4416 19.6982 15.7750 12.4359 -209.025 308.282 356.172
26000100000009 443859435520 151.263 11.4741 4.0619 9.6505 11.4757 4.0734 9.6452 -25.323 -14.094 -23.482
26000100000012 439587471360 150.776 14.5415 13.1579 11.5293 14.5495 13.1655 11.5219 68.478 -104.403 -192.582
26000100000003 436928512000 150.472 15.5951 14.9134 19.7725 15.6075 14.9101 19.7675 14.280 -149.921 -222.128
26000100000006 433266458624 150.052 5.4657 13.3155 10.4176 5.4658 13.3042 10.4093 312.720 256.456 -92.156
26000100000015 431563636736 149.857 20.0448 19.6404 15.0609 20.0445 19.6394 15.0590 -415.590 -187.639 -298.726
26000100000018 431408840704 149.835 2.0210 22.2887 15.8451 2.0263 22.2889 15.8550 -55.089 -140.474 68.557
26000100000014 428111462400 149.448 13.2327 5.8818 2.7115 13.2361 5.8794 2.7131 -69.329 13.008 10.349
26000100000017 427846336512 149.426 6.7022 3.4733 13.6105 6.7038 3.4750 13.6098 36.706 -96.133 -219.765
26000100000011 422762414080 148.824 20.8162 19.8381 16.9426 20.8238 19.8540 16.9386 -47.949 42.343 237.314
26000100000004 416945471488 148.147 24.8369 22.2333 18.7264 24.8424 22.2386 18.7308 63.376 -119.676 353.143
26000100000019 406761308160 146.928 0.7659 17.4189 21.5829 0.7723 17.4176 21.5850 16.176 -6.207 -24.233
26000100000008 406195601408 146.856 12.0610 5.5659 11.3888 12.0622 5.5738 11.3844 36.630 18.047 73.104
26000100000007 405853372416 146.823 13.3021 21.0166 23.1125 13.3030 21.0178 23.1048 -72.836 83.557 -199.137
26000100000016 382505615360 143.946 15.1000 13.3651 11.2381 15.0903 13.3867 11.2410 -14.572 2.502 -234.134
26000100000020 381148004352 143.775 11.5047 6.9134 11.6669 11.5022 6.9165 11.6632 -32.540 -59.408 -12.043
26000000000062 376047894528 143.126 23.1753 22.5401 18.1093 23.1804 22.5394 18.1137 46.872 -191.825 70.755
26000100000021 372869726208 142.723 10.2006 9.5848 12.9264 10.2122 9.5749 12.9216 108.043 18.343 131.988
26000100000024 364647219200 141.669 14.6603 3.7625 6.0749 14.6625 3.7566 6.0733 -96.047 -219.813 124.695
26000100000027 351059443712 139.890 11.6718 5.0124 11.0593 11.6758 5.0129 11.0558 83.688 -31.495 55.902
26000100000023 346668498944 139.303 9.7801 18.1046 22.4912 9.7761 18.1063 22.4933 -307.864 -527.868 -172.929
26000100000022 343937056768 138.937 7.5057 6.6323 8.9820 7.4991 6.6339 8.9875 10.263 20.039 30.347
26000100000030 340431699968 138.461 8.9952 2.5222 13.2890 8.9940 2.5188 13.2898 198.193 122.274 -4.069
26000100000026 338441633792 138.194 7.1014 1.4920 10.4087 7.0985 1.4880 10.4129 -78.613 -35.097 -107.794
26000100000032 318082088960 135.359 24.9429 17.2383 0.0425 24.9486 17.2429 0.0213 -95.096 302.170 -214.948
26000100000039 313985531904 134.777 3.1988 6.4728 14.1645 3.1996 6.4721 14.1662 -34.308 106.340 103.309
26000100000029 300136562688 132.772 17.1591 0.1518 5.5183 17.1562 0.1535 5.5246 17.728 -18.180 15.921
26000100000038 294251298816 131.894 17.7714 13.3750 10.5895 17.7709 13.3742 10.5924 21.910 34.314 11.174
26000100000025 292362158080 131.612 2.5964 16.1563 8.3289 2.6019 16.1491 8.3251 -149.203 89.516 -111.889
26000100000033 284628910080 130.442 6.8836 22.4028 12.7954 6.8835 22.4017 12.7975 246.608 192.619 -80.002
26000100000042 284542468096 130.432 11.0455 17.5787 2.5853 11.0453 17.5748 2.5845 331.692 -154.414 -122.021
26000100000044 272719151104 128.598 6.5211 21.0191 18.1762 6.5202 21.0179 18.1762 -10.941 -225.161 129.973
26000100000043 266071703552 127.542 23.2029 21.2021 18.3469 23.2041 21.1984 18.3518 8.272 7.652 3.126
26000100000052 259754278912 126.523 8.9235 13.7486 13.9183 8.9178 13.7473 13.9183 35.936 -2.459 -40.466
26000100000045 259300081664 126.456 9.1788 17.7619 7.7887 9.1617 17.7738 7.8043 82.021 -272.958 197.316
26000100000050 259163340800 126.428 8.2568 19.3861 20.5637 8.2555 19.3827 20.5623 -42.364 -15.979 10.213
26000100000034 254578376704 125.681 15.0592 10.8191 9.5146 15.0580 10.8229 9.5152 -135.324 156.898 34.492
26000100000053 254532255744 125.674 12.7129 0.8171 15.3097 12.7126 0.8122 15.3094 347.145 128.429 584.795
26000100000041 253308747776 125.468 13.6519 9.8146 8.6063 13.6535 9.8179 8.6065 343.083 -127.407 -108.568
26000100000028 252572499968 125.350 10.9399 18.0686 20.4187 10.9421 18.0672 20.4301 58.645 104.541 -19.949
26000100000049 251924480000 125.240 18.5278 19.3476 14.0308 18.5309 19.3499 14.0279 -30.305 46.544 -120.120
26000100000010 250132135936 124.945 0.1797 6.7467 14.3612 0.1699 6.7302 14.3756 -62.268 44.151 -1.317
26000100000037 248415797248 124.653 12.9488 11.0518 12.0258 12.9577 11.0593 12.0510 -22.565 43.210 -15.097
26000100000056 244437352448 123.989 0.4514 13.8476 9.8991 0.4477 13.8405 9.9071 -14.308 -126.219 -128.879
26000100000035 235676598272 122.486 18.5616 21.3625 16.0769 18.5615 21.3598 16.0767 -9.024 10.223 -20.500
26000200000001 228528193536 121.234 7.0587 20.1140 19.4978 7.0614 20.1141 19.4985 4.807 -19.987 15.004
26000100000061 228084137984 121.159 23.9848 16.1110 2.6403 23.9864 16.1143 2.6400 -45.411 41.525 -62.545
26000100000047 227435708416 121.043 10.1054 3.2295 13.0900 10.1052 3.2276 13.0936 -38.247 -282.454 111.319
26000100000062 219085504512 119.545 16.2517 16.3674 10.5919 16.2568 16.3689 10.5912 42.501 113.839 257.123
26000100000051 218992934912 119.527 10.3196 18.2705 21.5630 10.3197 18.2718 21.5696 -27.869 158.295 -88.183
26000200000005 218859634688 119.498 13.1834 7.5151 4.2794 13.1802 7.5149 4.2797 232.261 21.498 -75.684
26000100000057 216736940032 119.115 0.3369 22.5220 17.3216 0.3407 22.5228 17.3193 -15.682 1.106 22.283
26000100000059 215513939968 118.888 11.7396 5.7178 12.2040 11.7311 5.7167 12.2034 -7.194 14.688 20.525
26000100000054 211503890432 118.146 8.8905 19.1079 18.9591 8.8766 19.1009 18.9634 -28.170 28.584 -61.713
26000200000010 206718795776 117.248 7.6875 15.1033 12.8592 7.6840 15.1086 12.8596 -24.553 -0.591 5.636
26000200000003 206481604608 117.207 7.0325 14.0071 13.1672 7.0256 14.0142 13.1694 -29.443 26.971 -20.385
26000200000006 206135590912 117.137 15.2614 16.0798 12.4545 15.2635 16.0812 12.4599 165.570 55.311 -59.576
26000100000048 203692277760 116.674 9.7742 13.7923 6.4572 9.7691 13.7950 6.4641 142.835 -12.211 -17.235
26000200000008 198130843648 115.606 11.2960 17.3144 21.6950 11.2952 17.3135 21.6968 -9.564 7.904 11.881
26000200000012 197822021632 115.545 15.0189 15.9149 19.2900 15.0178 15.9130 19.2907 -154.418 20.510 204.693
26000200000016 190580899840 114.112 12.1988 20.3100 13.7194 12.2002 20.3068 13.7237 44.223 45.814 26.470
26000200000007 189039362048 113.812 14.9211 8.2880 2.1193 14.9232 8.2802 2.1172 5.385 22.248 -79.919
26000200000020 188997435392 113.800 8.1404 20.5401 21.7372 8.1468 20.5381 21.7414 -21.548 -40.385 42.105
26000200000026 181583675392 112.288 17.3094 19.7875 14.5918 17.3121 19.7882 14.5929 -26.440 -8.112 13.469
26000200000022 179643039744 111.890 9.2169 12.9332 4.3118 9.2121 12.9347 4.3139 -45.735 -47.537 -3.662
26000200000011 175503982592 111.026 7.9991 12.6885 6.7664 7.9921 12.6822 6.7624 -107.513 55.200 -10.687
26000200000014 175156707328 110.947 10.0546 14.8128 5.4137 10.0539 14.8068 5.4106 13.920 -83.006 25.305
26000200000023 174411530240 110.795 2.2666 18.2694 4.6747 2.2632 18.2636 4.6730 -14.057 -3.907 15.582
26000100000040 172190171136 110.319 4.5807 21.6557 6.7583 4.5715 21.6410 6.7758 400.840 -504.053 -151.136
26000100000058 171074732032 110.082 17.8473 18.6754 12.7992 17.8558 18.6709 12.8088 42.514 -19.224 -39.894
26000200000027 167087521792 109.218 3.0277 21.2584 18.4779 3.0204 21.2634 18.4789 22.290 -59.372 6.871
26000200000034 166375096320 109.063 4.6941 18.1955 1.7340 4.6961 18.1916 1.7321 -1.333 2.387 -3.261
26000200000041 165050826752 108.771 15.2996 15.1136 9.4652 15.3011 15.1135 9.4660 -2.878 -1.668 -13.781
26000200000033 164928831488 108.747 3.5693 12.4202 11.3975 3.5719 12.4210 11.3949 6.033 5.422 30.845
26000200000039 163550380032 108.448 14.6822 11.1597 4.4292 14.6831 11.1589 4.4287 -51.710 -52.426 -186.265
26000200000036 161891483648 108.075 22.9606 19.0909 18.5652 22.9624 19.0932 18.5636 56.398 25.173 53.493
26000200000028 160408059904 107.749 10.1246 18.8174 22.4024 10.1214 18.8173 22.4071 -29.965 -24.138 22.019
26000100000060 159153209344 107.463 11.1479 10.7491 10.7360 11.1320 10.7787 10.7515 -27.997 -90.859 266.852
26000200000044 157414621184 107.068 17.8155 18.2647 13.3840 17.8151 18.2654 13.3853 0.775 -7.883 -1.350
26000200000040 153376669696 106.150 1.9044 10.3598 8.3675 1.9079 10.3562 8.3600 13.623 29.815 -8.367
26000200000049 151707254784 105.763 10.0145 21.0650 12.0844 10.0178 21.0630 12.0776 -201.225 193.849 -88.597
26000200000030 151209197568 105.640 21.2020 9.6364 15.7930 21.2046 9.6340 15.7958 58.670 -81.451 -40.813
26000100000055 150272851968 105.428 16.2853 8.8560 14.3482 16.2925 8.8718 14.3893 -287.345 456.740 -133.506
26000200000024 149799780352 105.315 1.6489 22.1786 16.1165 1.6548 22.1758 16.1106 -19.055 22.864 -27.576
26000200000045 145977032704 104.415 18.4172 12.0110 18.9954 18.4169 12.0091 18.9966 -43.772 1.773 8.723
26000200000047 145256202240 104.241 3.8490 22.5494 15.9935 3.8489 22.5469 15.9950 -3.913 -41.297 -6.847
26000200000037 144781115392 104.124 5.3202 12.2129 23.1583 5.3175 12.2133 23.1598 31.620 43.547 12.132
26000200000029 144480993280 104.056 23.9351 6.5583 16.1767 23.9446 6.5767 16.1830 -288.209 112.960 227.278
26000200000002 143074115584 103.719 14.1362 1.6583 10.9247 14.1403 1.6488 10.9255 21.532 -9.440 -3.085
26000200000057 142635319296 103.606 13.8645 10.1743 7.8995 13.8645 10.1739 7.8991 -9.322 -0.119 0.079
26000200000050 142368522240 103.547 24.7412 18.0817 2.0823 24.7439 18.0793 2.0787 67.301 49.727 0.743
26000200000043 142234714112 103.514 1.3283 11.3709 21.2040 1.3299 11.3745 21.2018 18.968 7.964 48.881
26000200000017 142048935936 103.468 2.8094 22.3335 16.0695 2.8085 22.3367 16.0706 17.517 -16.001 -10.392
26000200000018 140559679488 103.101 6.1759 23.4772 11.5109 6.1784 23.4795 11.5122 -12.143 23.277 28.750
26000200000031 139387338752 102.820 7.2212 12.7609 23.6818 7.2178 12.7577 23.6767 -78.579 67.601 -74.863
26000200000015 136540725248 102.112 3.3564 22.4062 16.1437 3.3636 22.3994 16.1367 1.472 87.263 -68.524
26000200000019 135156842496 101.763 16.5238 1.1036 21.8423 16.5220 1.0933 21.8304 -196.202 -6.284 154.476
26000200000054 135011254272 101.726 12.7005 15.8451 20.9945 12.6970 15.8411 20.9960 9.661 -53.565 22.975
26000200000035 132040548352 100.974 10.9604 5.5410 8.1456 10.9475 5.5470 8.1377 -19.396 -71.508 -9.616
26000200000058 131963322368 100.955 16.3916 23.8574 7.7232 16.3880 23.8598 7.7236 205.994 147.226 39.103
26000200000032 129973919744 100.449 5.2862 9.6942 7.8657 5.2656 9.6888 7.8509 56.707 117.347 -111.155
26000200000059 127022317568 99.678 2.7266 12.6896 22.1600 2.7174 12.6913 22.1527 -22.470 -79.436 -39.680
26000200000062 125284966400 99.228 10.7399 18.8671 21.8428 10.7366 18.8692 21.8478 114.262 56.881 20.437
26000300000002 125087064064 99.176 2.0721 13.7685 13.0461 2.0723 13.7762 13.0443 -29.937 16.211 -4.090
26000200000053 124869378048 99.112 9.1795 17.0637 14.9659 9.1737 17.0573 14.9514 44.909 48.614 -70.342
26000100000031 124697812992 99.069 0.7687 22.9433 14.7014 0.7905 22.9578 14.7018 -37.367 20.724 424.358
26000200000055 124196208640 98.939 13.7095 8.4119 3.6731 13.7124 8.4114 3.6731 -35.259 -213.108 147.640
26000300000001 123960336384 98.873 6.9277 20.0279 11.5435 6.9299 20.0271 11.5445 17.342 24.593 13.199
26000200000013 123439456256 98.733 3.2670 18.8874 4.8504 3.2813 18.8670 4.8529 37.276 19.067 55.313
26000200000000 123101159424 98.644 20.4213 12.4938 12.1081 20.3989 12.5042 12.1207 -50.821 -40.458 26.315
26000200000038 122791419904 98.563 23.4350 22.5139 17.7266 23.4311 22.5143 17.7265 -120.428 11.478 34.575
26000200000021 122105643008 98.374 24.3409 21.0018 24.4694 24.3271 20.9932 24.4592 -364.283 178.551 114.506
26000200000046 122026377216 98.359 20.9736 6.2678 14.3186 20.9746 6.2657 14.3152 -20.719 11.023 48.192
26000200000061 119571562496 97.690 13.0708 11.1099 13.5906 13.0678 11.1060 13.5962 -40.337 21.737 -3.713
26000300000021 119310401536 97.619 11.9493 17.0427 7.5776 11.9515 17.0407 7.5766 0.602 2.296 13.068
26000200000048 118929588224 97.520 24.9064 17.3179 23.9888 24.8986 17.3150 23.9928 -32.642 -283.284 -195.211
26000300000005 118921478144 97.517 22.0044 20.5833 17.5003 22.0039 20.5793 17.5008 35.537 55.408 -71.427
26000300000000 117575024640 97.144 6.2182 21.3463 17.9563 6.2126 21.3424 17.9648 10.523 -64.868 91.804
26000200000056 117373190144 97.091 16.5750 13.1834 9.8557 16.5678 13.1794 9.8506 179.894 -215.929 38.700
26000200000060 112554065920 95.742 15.2899 1.8176 12.8496 15.2903 1.8196 12.8538 31.450 1.625 -19.158
26000300000023 112551411712 95.746 24.9850 17.0619 0.8824 24.9834 17.0595 0.8788 -54.593 -52.812 67.919
26000300000016 111934234624 95.570 6.3356 22.4752 9.7344 6.3310 22.4748 9.7344 -83.872 61.424 24.551
26000300000009 110625341440 95.194 23.7374 21.4607 17.7296 23.7324 21.4606 17.7263 -28.012 -20.278 -41.382
26000200000051 109961969664 95.005 19.0500 20.4407 15.0976 19.0479 20.4463 15.1004 -73.822 143.082 -2.187
26000300000022 109838704640 94.964 14.8230 24.5788 21.1929 14.8205 24.5793 21.1954 8.977 3.826 -15.712
26000300000015 109512818688 94.875 7.1879 10.7075 8.7521 7.1880 10.7086 8.7533 -26.189 -17.677 -28.826
26000300000018 109493067776 94.867 11.3655 18.8351 18.2680 11.3686 18.8284 18.2675 80.340 92.469 107.697
26000300000033 108772556800 94.655 20.7576 16.5112 13.4027 20.7656 16.5075 13.4035 -5.231 -31.657 -229.954
26000300000025 108382265344 94.547 14.9395 12.0833 0.2803 14.9400 12.0824 0.2822 -136.391 25.643 117.964
26000300000006 108269289472 94.509 12.7850 10.4897 13.1422 12.7782 10.4864 13.1448 28.282 -55.916 35.914
26000300000038 108245557248 94.508 8.8848 17.9250 4.1731 8.8851 17.9252 4.1732 28.476 -47.318 17.249
26000300000026 108016156672 94.439 16.1311 10.3078 23.9157 16.1296 10.3052 23.9156 -8.774 172.338 113.137
26000300000013 107670896640 94.341 2.8364 14.2413 12.5819 2.8390 14.2413 12.5822 -42.071 -19.106 -56.035
26000300000012 107365310464 94.249 15.5248 24.3095 8.6473 15.5240 24.3124 8.6444 44.804 55.446 23.668
26000200000009 106935312384 94.125 1.1163 2.9474 19.1027 1.1265 2.9251 19.0904 -93.546 -47.038 -22.774
26000300000040 104789245952 93.487 5.8308 12.8235 14.1745 5.8297 12.8265 14.1740 -0.691 20.896 -1.592
26000300000032 104320909312 93.350 4.2957 13.3760 10.8201 4.2932 13.3735 10.8227 -29.268 22.303 -30.629
26000200000052 103408852992 93.076 3.4322 0.0946 14.5192 3.4194 0.0895 14.5245 -34.395 57.947 -30.581
26000300000039 102693675008 92.860 15.1468 4.8144 0.8857 15.1468 4.8151 0.8908 31.372 4.942 5.701
26000300000019 101496848384 92.496 11.3653 20.0653 9.7468 11.3666 20.0669 9.7489 1.619 -23.885 -15.082
26000100000036 100659609600 92.245 14.3848 2.3786 11.5276 14.3626 2.3773 11.5426 125.532 -5.605 135.263
26000300000024 100637949952 92.240 7.4552 18.1709 23.0214 7.4599 18.1573 23.0377 64.028 -133.848 -194.564
26000300000020 99880427520 92.005 19.1603 11.8167 18.2874 19.1635 11.8178 18.2885 -144.325 15.492 165.208
26000300000035 99751632896 91.969 15.7443 2.7292 22.7031 15.7403 2.7259 22.7067 -45.727 -0.028 -19.859
26000300000048 99114336256 91.768 15.3918 2.4810 24.4485 15.3975 2.4827 24.4480 -6.458 -23.534 -21.617
26000300000047 97632649216 91.312 5.5651 12.6753 10.3763 5.5631 12.6755 10.3791 5.640 1.375 36.982
26000300000028 96959438848 91.103 17.0781 23.5935 3.4425 17.0783 23.5881 3.4433 -19.155 -54.691 23.586
26000300000056 96629612544 90.994 15.3787 10.2014 9.9700 15.3778 10.2004 9.9740 -10.349 14.243 -0.589
26000300000007 95619604480 90.680 15.4529 11.8663 8.6064 15.4502 11.8681 8.6014 33.384 50.809 15.924
26000300000051 95386411008 90.604 11.3536 1.6172 14.5978 11.3528 1.6172 14.6005 17.227 3.057 11.120
26000300000036 95288156160 90.572 15.5261 8.7421 1.2538 15.5265 8.7428 1.2538 -20.746 53.574 61.943
26000200000025 95037005824 90.495 13.0200 11.2451 12.7866 13.0056 11.2324 12.7951 -84.186 -34.996 -109.679
26000300000017 95018483712 90.491 16.3972 0.6525 4.5407 16.3976 0.6477 4.5447 37.528 -36.191 -45.874
26000300000059 94386831360 90.287 22.6141 7.5976 22.5106 22.6173 7.5967 22.5104 -5.232 -4.826 12.863
26000300000044 93829046272 90.109 2.6358 20.8727 22.1571 2.6367 20.8721 22.1566 28.170 53.232 -15.121
26000300000050 93077602304 89.864 19.2984 12.6938 21.0397 19.3015 12.6918 21.0398 -17.063 -0.681 1.330
26000300000031 92863340544 89.795 0.7052 17.2908 4.7489 0.7106 17.2816 4.7479 -30.162 -57.416 95.441
26000300000049 92570476544 89.703 8.0454 3.9711 10.6039 8.0420 3.9703 10.6058 -17.940 2.502 -28.737
26000300000054 91600609280 89.389 21.2743 8.8524 15.6250 21.2740 8.8536 15.6230 50.532 -52.068 108.751
26000400000012 91565834240 89.378 12.7303 8.7675 8.4398 12.7318 8.7670 8.4405 -6.716 15.499 -0.174
26000300000003 89709813760 88.768 16.4684 21.0920 14.3644 16.4717 21.0923 14.3611 3.483 29.325 -6.889
26000300000030 89658515456 88.752 8.2179 16.4467 11.2485 8.2252 16.4609 11.2567 61.025 -35.503 26.942
26000300000042 88450048000 88.354 17.1053 0.5878 17.9902 17.1052 0.5859 17.9916 -3.165 3.877 -83.984
26000400000009 88330608640 88.312 3.4422 23.4367 12.2290 3.4410 23.4363 12.2301 -4.186 -10.376 -9.005
26000400000007 88217296896 88.272 10.4947 17.7669 0.0696 10.4958 17.7697 0.0600 -21.089 28.883 -6.167
26000400000001 88012873728 88.207 14.8269 22.2873 5.7357 14.8269 22.2892 5.7332 -60.822 56.759 44.081
26000300000057 87342022656 87.985 20.8552 11.2573 16.2958 20.8549 11.2568 16.2992 -0.084 1.196 28.919
26000300000043 87327383552 87.975 19.3155 12.7310 18.1320 19.3156 12.7303 18.1400 48.519 18.264 -22.789
26000400000014 87209336832 87.938 19.3995 23.6633 0.1783 19.4002 23.6630 0.1777 -6.327 -11.175 7.227
26000300000004 87131308032 87.911 6.1588 23.2468 12.8534 6.1586 23.2541 12.8575 -122.085 -215.151 -10.151
26000400000004 86708625408 87.771 16.5382 8.8269 8.5544 16.5370 8.8311 8.5554 -8.870 -36.580 18.010
26000200000004 86183051264 87.592 16.5565 0.8920 23.0467 16.5665 0.8927 23.0508 -24.894 -7.345 -82.135
26000300000029 86130524160 87.574 9.1013 19.5530 21.4200 9.1090 19.5497 21.4205 -67.979 -18.802 -66.317
26000300000011 85903679488 87.497 19.0382 16.8837 18.1915 19.0414 16.8922 18.2078 3.669 -33.446 32.818
26000400000021 84816052224 87.125 8.1143 17.4551 9.3911 8.1147 17.4556 9.3909 -52.582 22.201 -14.368
26000400000020 84306665472 86.950 2.2564 20.3130 6.7620 2.2549 20.3085 6.7599 22.903 41.723 -8.085
26000400000028 83385483264 86.633 17.1506 0.7798 3.9131 17.1493 0.7783 3.9138 -7.282 -1.652 -26.729
26000400000015 83317972992 86.610 0.9322 1.3050 18.6616 0.9308 1.3030 18.6602 -19.723 -5.266 2.770
26000400000008 83064381440 86.521 14.3069 10.1824 9.4521 14.3086 10.1852 9.4556 72.208 2.832 -42.747
26000400000011 82632974336 86.368 7.0053 15.4367 10.4363 7.0056 15.4375 10.4309 -32.636 -34.244 6.695
26000300000041 82581635072 86.350 13.2724 0.3054 9.6771 13.2666 0.3200 9.6704 150.514 45.175 -85.783
26000400000002 81831624704 86.091 21.1414 9.6413 15.3846 21.1407 9.6407 15.3848 11.495 12.905 -32.368
26000100000046 81663361024 86.031 0.1616 13.6606 9.8435 0.1718 13.6988 9.8093 90.302 101.513 115.415
26000300000053 80608321536 85.658 3.9895 22.7701 12.9841 3.9928 22.7708 12.9875 9.037 -137.349 50.570
26000300000061 80438272000 85.601 0.4420 14.5233 12.6830 0.4385 14.5290 12.6802 -73.525 -60.205 -31.599
26000400000026 80266584064 85.540 23.3437 13.4244 10.4258 23.3476 13.4234 10.4282 -6.120 -5.029 7.413
26000400000019 79829450752 85.384 18.9219 16.6005 12.5141 18.9220 16.6020 12.5109 -93.947 24.567 -24.353
26000400000003 79160352768 85.147 14.6103 22.4524 17.1830 14.6084 22.4511 17.1840 -5.692 9.602 13.786
26000400000024 78830616576 85.026 7.6585 12.6201 7.4771 7.6565 12.6188 7.4802 34.664 12.827 34.497
26000400000029 78586953728 84.938 1.0172 3.7075 19.1786 1.0185 3.7076 19.1770 2.466 -10.356 -9.006
26000300000010 77662699520 84.604 20.3601 21.6252 16.2780 20.3548 21.6118 16.2741 1.265 69.612 178.288
26000400000040 76564094976 84.206 18.7752 5.4283 17.0807 18.7726 5.4290 17.0794 23.349 109.449 -18.684
26000300000008 75718426624 83.888 13.6545 11.9463 15.7666 13.6429 11.9293 15.7705 -17.304 -4.461 39.000
26000400000032 75575492608 83.841 4.1870 22.7057 12.7839 4.1874 22.7064 12.7866 -34.292 -32.427 -0.227
26000400000027 75564744704 83.836 18.3939 9.7142 22.5702 18.3922 9.7128 22.5706 -13.926 3.216 2.277
26000400000034 75209867264 83.704 0.9612 14.0235 9.9795 0.9605 14.0239 9.9780 -9.030 -1.589 0.851
26000400000022 74929569792 83.601 20.8929 23.5477 17.8727 20.8915 23.5504 17.8728 7.490 24.862 46.924
26000400000006 73922478080 83.221 1.4566 22.1291 16.8714 1.4597 22.1241 16.8714 -18.792 -33.817 -1.843
26000400000053 73824550912 83.189 9.4781 3.5460 4.7010 9.4793 3.5452 4.7012 -10.028 2.562 -21.941
26000400000025 73815769088 83.184 17.4327 16.9311 24.0887 17.4357 16.9292 24.0897 14.212 30.738 -17.999
26000400000035 72934621184 82.851 24.9681 14.9752 12.7006 24.9702 14.9760 12.6994 -71.570 -53.067 -92.695
26000300000060 72734990336 82.776 0.5262 17.5151 3.7714 0.5253 17.5167 3.7747 -8.363 8.549 -31.483
26000400000057 72537505792 82.698 15.5765 12.3596 7.3077 15.5780 12.3516 7.3046 -1.391 -10.549 260.339
26000400000048 72128733184 82.543 16.4527 8.9433 13.4686 16.4524 8.9419 13.4645 -12.826 -37.357 11.210
26000400000050 72031780864 82.506 13.1449 23.2076 10.0573 13.1424 23.2118 10.0575 -30.039 -32.445 24.749
26000300000046 72026398720 82.506 22.1913 11.1632 21.8146 22.2001 11.1703 21.8190 124.004 -141.266 69.250
26000400000058 71922016256 82.467 3.6456 0.9065 7.7174 3.6439 0.9051 7.7171 -12.562 -13.073 21.747
26000400000041 71865147392 82.443 13.0566 13.2414 16.0329 13.0551 13.2391 16.0311 -15.134 -0.913 20.749
26000400000016 71834460160 82.430 0.1755 17.7494 3.2579 0.1772 17.7497 3.2578 37.618 46.892 -33.268
26000400000052 71810416640 82.423 5.2023 24.0324 3.4937 5.2047 24.0302 3.4934 -41.604 5.433 1.095
26000400000051 71109189632 82.152 11.9528 11.3506 14.3095 11.9516 11.3482 14.3065 62.400 36.796 12.070
26000400000055 70374752256 81.871 20.1303 16.5784 13.3394 20.1327 16.5809 13.3404 4.644 12.568 -12.263
26000400000059 70062956544 81.749 16.3941 9.1459 3.8568 16.3918 9.1456 3.8576 8.211 5.200 -16.411
26000400000044 70046334976 81.745 0.7033 11.7687 14.2003 0.7020 11.7724 14.1988 -23.111 -35.150 18.884
26000400000061 69863137280 81.672 1.7528 14.0212 11.9950 1.7527 14.0214 11.9947 -20.010 -38.858 4.462
26000400000054 69737062400 81.620 21.5321 6.9426 15.5023 21.5322 6.9416 15.5008 -12.682 15.562 0.999
26000300000045 68839727104 81.269 15.7713 24.7644 0.9264 15.7851 24.7627 0.9197 -13.340 -44.791 -32.510
26000400000037 68836114432 81.272 18.5391 21.7260 15.8572 18.5351 21.7208 15.8631 -67.045 119.882 136.879
26000500000009 67904348160 80.901 20.3087 14.4581 20.0032 20.3074 14.4598 20.0054 -0.962 53.413 -38.160
26000500000011 67736621056 80.836 22.2731 16.8685 19.5559 22.2696 16.8714 19.5525 -255.045 -160.824 -4.341
26000400000010 67640479744 80.798 24.8750 22.0038 17.2532 24.8777 22.0072 17.2495 -23.850 15.708 9.484
26000500000004 66672648192 80.409 22.4155 22.5839 16.6265 22.4162 22.5855 16.6297 -9.731 -3.478 8.254
26000300000052 66538778624 80.354 7.0404 24.7041 11.8554 7.0445 24.7001 11.8593 -39.528 -28.372 14.223
26000500000021 66146398208 80.199 3.3148 22.5449 13.4983 3.3146 22.5423 13.4999 -83.494 6.595 -48.685
26000500000019 65512382464 79.941 1.6428 23.5067 20.6137 1.6418 23.5072 20.6130 -1.154 16.318 29.590
26000500000027 65473695744 79.924 5.4062 24.1259 5.0979 5.4017 24.1261 5.1011 32.286 78.371 44.398
26000500000000 64826613760 79.657 13.4001 17.7213 18.1618 13.4003 17.7197 18.1597 -18.257 -13.897 14.502
26000500000001 64776077312 79.636 16.0526 24.6246 19.1366 16.0494 24.6287 19.1393 65.387 37.049 -2.894
26000400000030 63212900352 78.993 23.4184 15.7469 13.1003 23.4164 15.7387 13.1053 -12.424 6.512 -3.503
26000500000014 63186804736 78.980 21.3757 15.5792 20.1038 21.3774 15.5766 20.1061 8.684 19.024 -21.041
26000400000042 63183998976 78.977 19.3773 0.7747 8.2079 19.3848 0.7789 8.2112 -33.036 -21.707 90.484
26000400000045 63175847936 78.978 21.1734 5.9740 14.7661 21.1749 5.9727 14.7663 37.794 -4.388 53.942
26000500000017 62923112448 78.874 16.5682 5.3955 22.1926 16.5715 5.3965 22.1928 -64.259 11.240 2.799
26000500000018 62772289536 78.811 14.0972 9.7234 3.8281 14.0876 9.7235 3.8205 202.437 -114.152 -199.714
26000500000037 62698688512 78.776 11.6850 17.0393 1.0951 11.6857 17.0366 1.0945 2.609 5.469 4.638
26000500000036 62607360000 78.743 6.2729 17.8641 23.3811 6.2692 17.8641 23.3815 20.854 53.491 61.525
26000400000060 62566170624 78.725 1.7153 13.8916 10.6015 1.7154 13.8892 10.5996 -28.177 1.697 -21.022
26000500000026 62161403904 78.552 14.7013 8.7577 10.2977 14.7011 8.7616 10.2966 17.095 -2.748 -12.159
26000500000008 62118776832 78.533 16.3273 20.3192 10.2269 16.3268 20.3185 10.2279 3.024 31.894 1.519
26000500000029 62064951296 78.513 15.2524 15.7838 9.8046 15.2542 15.7866 9.8074 -63.735 -66.132 25.859
26000500000059 61951361024 78.462 23.4004 20.4497 18.1424 23.4007 20.4507 18.1404 7.981 18.843 19.109
26000200000042 61888036864 78.435 12.4666 6.5018 10.9400 12.4583 6.4800 10.9259 92.217 -47.173 -31.393
26000500000015 61556887552 78.299 16.8483 9.2206 16.0538 16.8503 9.2223 16.0521 4.338 -3.258 7.080
26000400000049 61075943424 78.096 14.6862 8.5022 1.7052 14.6896 8.5021 1.7002 -16.741 -23.898 12.418
26000600000000 60640653312 77.905 15.8923 22.1256 16.9996 15.8941 22.1240 16.9992 -11.219 -9.151 8.347
26000500000013 60608983040 77.895 23.0301 17.2651 19.8405 23.0302 17.2687 19.8412 -6.854 1.219 27.682
26000500000040 60587868160 77.882 12.5896 16.8842 17.3595 12.5890 16.8822 17.3643 28.028 -4.040 -43.678
26000500000025 60289191936 77.753 6.1502 15.0055 12.1617 6.1496 15.0032 12.1658 18.437 14.391 15.410
26000500000050 59159969792 77.270 15.9615 24.7610 4.7717 15.9637 24.7630 4.7717 14.281 -3.597 5.073
26000500000003 59078766592 77.234 7.8243 13.4620 8.4179 7.8317 13.4603 8.4175 -1.903 -39.060 72.345
26000600000016 58882875392 77.149 24.1825 13.4384 10.2927 24.1818 13.4395 10.2935 -19.892 -4.693 35.760
26000600000011 58484129792 76.975 23.6058 12.7185 9.6462 23.6071 12.7171 9.6462 4.723 34.331 -29.554
26000500000034 58030546944 76.772 21.8958 22.5845 16.7558 21.8955 22.5823 16.7550 6.601 18.156 -8.760
26000500000052 57516036096 76.546 9.6906 8.5204 9.2952 9.6881 8.5237 9.2963 11.794 16.492 23.225
26000500000020 57399414784 76.495 19.6143 7.0829 13.5154 19.6127 7.0804 13.5133 35.442 0.433 8.712
26000500000062 57379545088 76.485 2.7805 0.0046 21.1935 2.7816 0.0038 21.1940 -5.157 -10.930 -6.755
26000500000012 57266225152 76.435 18.4702 12.3232 19.5604 18.4677 12.3227 19.5585 -13.941 66.204 22.990
26000500000045 56840712192 76.241 4.8917 22.7543 12.5906 4.8927 22.7527 12.5890 -4.107 20.332 43.922
26000600000009 56578211840 76.128 15.1838 11.5920 19.3405 15.1862 11.5942 19.3386 12.667 -0.438 1.446
26000500000049 56293019648 75.996 10.7862 18.3796 5.2953 10.7877 18.3793 5.2948 55.967 -5.275 84.277
26000500000057 56270680064 75.990 23.8077 18.9902 18.8460 23.8101 18.9898 18.8469 6.087 5.156 3.267
26000500000046 56240234496 75.974 8.4158 23.2288 9.6569 8.4190 23.2323 9.6597 -23.188 0.877 -4.542
26000500000053 56210059264 75.962 8.2844 1.8101 13.6435 8.2784 1.8072 13.6476 -24.248 29.068 -21.272
26000500000044 56111497216 75.918 17.0982 8.8835 23.0544 17.0949 8.8796 23.0566 -2.997 16.387 -4.032
26000600000007 56104329216 75.912 24.9383 17.2388 5.5974 24.9359 17.2395 5.5954 -1.136 -11.317 2.954
26000500000058 56094162944 75.911 9.4651 17.7724 3.0212 9.4652 17.7739 3.0221 1.905 -9.397 9.129
26000500000042 56006201344 75.867 22.4730 23.6623 17.0491 22.4753 23.6628 17.0497 -8.296 12.175 20.533
26000600000004 55967277056 75.854 15.0986 8.5182 0.2827 15.0985 8.5185 0.2807 -17.870 52.674 -5.348
26000600000023 55934521344 75.839 20.3607 13.2550 21.2986 20.3594 13.2560 21.2967 -4.235 -1.736 -12.989
26000500000028 55746912256 75.750 24.3117 7.1265 15.8734 24.3121 7.1238 15.8845 4.686 24.950 -5.264
26000600000015 55644069888 75.709 23.5858 16.9421 20.5281 23.5812 16.9392 20.5285 -14.682 -23.324 46.724
26000500000051 55632097280 75.699 9.4791 7.0304 10.6125 9.4761 7.0329 10.6098 -2.845 -31.222 -49.448
26000500000007 55509065728 75.642 14.8924 24.1733 10.6728 14.8962 24.1876 10.6725 82.756 -16.998 23.952
26000500000006 54698758144 75.275 11.1852 18.1176 19.9764 11.1849 18.1164 19.9794 -85.773 -40.548 -46.494
26000600000006 54620209152 75.236 14.8196 13.5693 7.4642 14.8192 13.5700 7.4653 -0.901 0.476 9.509
26000500000030 54063394816 74.982 21.1055 18.1603 18.0393 21.1004 18.1537 18.0425 -0.791 -6.162 -15.983
26000500000035 54048071680 74.976 0.2428 22.0058 17.2056 0.2419 22.0048 17.2064 79.047 -14.634 67.150
26000600000001 53628325888 74.780 23.9672 21.5791 22.0216 23.9653 21.5761 22.0205 17.898 -57.968 -63.877
26000600000036 53402882048 74.673 11.3926 20.3320 15.7531 11.3932 20.3297 15.7543 14.784 31.281 12.312
26000500000061 53148024832 74.553 7.8143 13.3521 14.7760 7.8149 13.3533 14.7740 -17.406 -16.470 -3.776
26000600000041 52865036288 74.424 18.1815 4.8712 19.0837 18.1813 4.8710 19.0843 6.089 19.269 -15.229
26000500000043 52804804608 74.398 6.0469 14.7750 12.3078 6.0462 14.7770 12.3065 16.610 -24.715 -45.403
26000600000033 52579692544 74.288 20.2568 10.5035 16.6823 20.2576 10.5065 16.6851 -30.948 -5.439 9.955
26000600000014 52441960448 74.226 13.2962 13.6097 16.5501 13.2964 13.6131 16.5481 -64.701 -6.743 -17.022
26000400000031 52156891136 74.092 17.2256 23.9080 2.6656 17.2156 23.8990 2.6896 144.923 -23.790 70.923
26000500000056 51731415040 73.888 9.4547 6.2840 10.9439 9.4551 6.2859 10.9448 10.373 -22.761 -30.625
26000500000005 51669635072 73.855 4.8999 24.3508 10.8294 4.8951 24.3503 10.8300 -20.114 -0.266 -36.391
26000500000022 51436273664 73.749 2.0540 22.2796 16.3250 2.0569 22.2739 16.3278 -41.649 -23.034 45.712
26000500000016 51399274496 73.728 15.1689 20.8471 9.8326 15.1749 20.8502 9.8271 31.521 -71.393 -34.677
26000600000019 51094507520 73.584 11.0455 18.1942 19.6322 11.0474 18.1919 19.6300 -3.073 12.907 9.408
26000600000044 50751901696 73.420 4.1445 3.2776 14.3349 4.1413 3.2758 14.3371 197.548 -14.105 101.159
26000600000013 50467266560 73.280 11.7128 4.6641 8.6200 11.7145 4.6661 8.6200 58.404 10.751 -27.191
26000600000039 50027012096 73.070 14.6594 15.9538 9.2456 14.6634 15.9540 9.2441 -8.271 26.585 13.785
26000600000047 49822208000 72.965 15.5545 20.8601 15.0203 15.5529 20.8593 15.0200 5.533 7.503 14.851
26000600000037 49516589056 72.820 18.8562 0.6196 7.5189 18.8544 0.6237 7.5181 38.374 -2.971 -81.008
26000400000047 49214525440 72.673 10.9995 20.1195 9.0518 10.9964 20.1151 9.0493 -8.559 57.581 -72.195
26000600000032 48795262976 72.464 7.5182 10.4537 12.8621 7.5162 10.4542 12.8655 12.648 0.437 1.970
26000400000017 48776790016 72.453 23.8792 17.8251 19.8432 23.8835 17.8269 19.8484 -14.030 13.416 -0.489
26000700000000 48579637248 72.357 0.2457 20.0715 17.8500 0.2462 20.0706 17.8529 -66.938 -42.777 -7.931
26000500000060 48181424128 72.156 12.4549 16.5960 0.4935 12.4532 16.5925 0.4917 12.401 -6.924 15.694
26000700000009 47896498176 72.015 7.5451 4.6870 12.8179 7.5441 4.6893 12.8167 -2.282 26.096 3.206
26000600000053 47855505408 71.992 7.5906 0.6024 11.7218 7.5919 0.6040 11.7237 -24.941 3.561 -22.114
26000600000017 47689756672 71.908 16.8225 0.5685 24.1826 16.8164 0.5635 24.1801 42.429 -10.563 -52.003
26000600000010 47221792768 71.678 8.0862 12.5402 1.4225 8.0846 12.5392 1.4224 21.021 -18.271 -12.883
26000500000024 47208366080 71.671 6.5371 12.4069 24.0456 6.5370 12.3978 24.0400 202.708 -73.152 20.288
26000600000051 46908612608 71.518 16.5926 9.2272 4.2572 16.5908 9.2270 4.2565 -18.213 -32.731 -9.325
26000700000025 46507479040 71.311 15.6766 6.7928 14.6251 15.6777 6.7924 14.6254 10.684 -25.697 -60.009
26000700000032 46421901312 71.266 7.4635 11.3164 9.1340 7.4629 11.3171 9.1326 -13.065 -8.585 23.469
26000600000021 46269005824 71.189 10.9085 19.4432 1.1034 10.9143 19.4435 1.1045 67.566 11.134 14.283
26000700000007 46134304768 71.122 7.4490 18.9542 11.3429 7.4491 18.9506 11.3411 -5.055 -12.568 12.560
26000700000002 45833129984 70.965 24.7364 17.8696 22.5453 24.7357 17.8693 22.5435 15.432 27.486 5.267
26000600000035 45620092928 70.858 4.4384 22.8273 12.5756 4.4380 22.8257 12.5789 -37.481 1.569 23.334
26000700000010 45601939456 70.843 4.0322 13.6705 23.0707 4.0343 13.6723 23.0715 -29.196 -2.432 24.241
26000600000024 45497774080 70.794 12.9586 13.4469 16.3767 12.9551 13.4470 16.3752 -36.329 -32.773 -43.663
26000700000008 45357309952 70.721 2.6701 20.7454 20.4642 2.6689 20.7457 20.4651 -3.903 27.543 17.390
26000600000058 45288919040 70.681 13.1058 20.5675 19.3893 13.1075 20.5689 19.3899 33.917 -12.396 -40.811
26000600000049 45011656704 70.539 12.4169 6.7692 5.1524 12.4180 6.7738 5.1527 -55.028 -13.219 -42.724
26000700000004 44879167488 70.470 24.1217 16.6983 7.1862 24.1218 16.6991 7.1850 -6.550 10.015 8.972
26000700000006 44682784768 70.366 3.6394 20.4122 20.4458 3.6394 20.4117 20.4416 58.343 -15.696 -13.232
26000600000038 44451192832 70.243 7.7855 21.0852 20.7153 7.7829 21.0837 20.7174 4.917 26.152 3.454
26000600000060 43840524288 69.920 18.7850 20.5344 14.9788 18.7830 20.5342 14.9793 -0.856 -6.993 0.689
26000700000016 43832160256 69.918 1.3785 22.4779 16.7721 1.3781 22.4784 16.7731 -16.727 20.989 -2.835
26000700000011 43537113088 69.759 7.1010 12.4501 7.7635 7.1034 12.4507 7.7630 21.096 2.467 21.732
26000700000015 42766569472 69.345 24.5523 6.0320 14.9365 24.5505 6.0362 14.9394 54.217 -7.357 -21.813
26000300000058 42526003200 69.217 7.3297 2.7330 9.8914 7.3316 2.7278 9.8990 14.690 8.783 -111.490
26000700000042 42332864512 69.110 5.1341 23.2228 15.4650 5.1345 23.2244 15.4630 -20.980 3.965 83.502
26000300000062 42307301376 69.098 15.2335 21.9454 16.1572 15.2344 21.9558 16.1564 -39.167 27.418 -109.874
26000600000055 42065788928 68.966 17.1749 21.5307 15.9439 17.1702 21.5360 15.9420 -27.157 -22.374 10.116
26000300000055 42029326336 68.944 16.2203 23.5516 18.2371 16.2239 23.5620 18.2402 -11.810 24.529 -13.443
26000600000061 41819521024 68.828 19.4895 1.4315 17.3588 19.4887 1.4300 17.3589 -9.390 -12.642 64.805
26000700000023 41423896576 68.612 5.1185 3.8414 13.8209 5.1166 3.8431 13.8206 -17.086 14.973 -5.948
26000700000035 41233391616 68.506 7.0543 2.9639 10.1048 7.0553 2.9662 10.1046 -4.083 7.009 -27.930
26000700000043 41182486528 68.478 9.2291 5.6861 11.2846 9.2332 5.6905 11.2871 -34.979 -5.439 4.213
26000600000012 41066311680 68.414 1.2062 21.5997 18.8571 1.2056 21.6004 18.8546 -29.719 17.634 55.968
26000700000037 40951500800 68.349 14.5712 14.0862 23.5761 14.5708 14.0861 23.5734 4.136 9.398 -5.856
26000700000036 40029622272 67.835 6.9326 1.3799 12.9749 6.9334 1.3774 12.9762 12.535 5.698 -20.733
26000700000052 39768801280 67.685 15.9354 14.5375 19.8316 15.9361 14.5350 19.8312 -15.131 -5.881 -4.644
26000700000034 39568568320 67.574 22.8111 24.5921 15.6063 22.8110 24.5905 15.6057 -21.750 4.134 14.012
26000700000027 38907510784 67.196 11.8107 14.6677 6.5285 11.8118 14.6660 6.5272 3.227 11.808 -23.121
26000700000045 38872494080 67.177 7.1792 12.7025 24.5111 7.1771 12.7013 24.5113 1.992 25.694 23.087
26000800000001 38765543424 67.113 7.0972 24.5826 10.5411 7.0988 24.5810 10.5417 -3.808 -3.989 1.234
26000700000061 38733463552 67.097 2.4664 24.5799 14.9908 2.4658 24.5813 14.9900 -0.871 0.208 -3.008
26000800000010 38403088384 66.902 5.1677 17.4889 23.3022 5.1679 17.4892 23.3020 -22.890 21.811 42.098
26000700000050 38068183040 66.705 23.4147 21.9163 20.4105 23.4160 21.9170 20.4119 -57.375 27.972 -62.110
26000800000011 37989445632 66.663 0.2524 18.5885 19.8489 0.2524 18.5877 19.8482 -2.883 12.370 0.307
26000400000023 37906018304 66.613 11.8991 20.5494 13.2940 11.8972 20.5482 13.2954 57.912 -33.679 -20.329
26000800000005 37753266176 66.524 24.6099 22.3515 16.5963 24.6096 22.3512 16.5934 -63.937 -1.249 52.552
26000700000022 37551599616 66.404 14.3280 6.2397 13.7677 14.3282 6.2414 13.7666 -29.916 -6.558 -52.886
26000800000023 36928225280 66.036 3.0083 11.6615 21.8855 3.0082 11.6637 21.8854 -20.556 -9.591 17.843
26000800000002 36526800896 65.793 14.7631 6.3778 3.7014 14.7671 6.3741 3.7015 5.032 -1.362 3.996
26000700000057 36436824064 65.739 20.3951 12.1431 12.6691 20.3947 12.1406 12.6720 -14.197 -17.529 -51.601
26000800000047 36359823360 65.693 1.7222 24.4558 15.1396 1.7225 24.4556 15.1397 10.657 -1.259 -12.147
26000800000016 36353003520 65.691 12.0874 7.4731 5.3726 12.0890 7.4735 5.3703 -11.600 2.981 -0.701
26000800000012 36027326464 65.491 24.1138 1.2771 13.6069 24.1128 1.2758 13.6083 -26.982 -0.714 23.230
26000600000022 35479515136 65.160 18.3555 20.9957 15.6619 18.3526 20.9945 15.6685 -8.120 17.769 48.007
26000700000044 35211259904 64.997 10.8354 20.2075 10.3908 10.8342 20.2047 10.3902 -5.652 -24.738 -1.523
26000800000024 35054882816 64.898 12.4893 7.4695 5.6028 12.4885 7.4681 5.6007 29.153 -22.038 10.048
26000800000013 34736300032 64.701 16.5668 12.8639 9.8312 16.5656 12.8658 9.8323 24.493 6.634 -52.262
26000800000056 34716504064 64.687 19.7069 20.6232 15.6145 19.7071 20.6235 15.6149 -9.875 -6.130 7.304
26000700000026 34674876416 64.664 5.5058 21.7391 13.7712 5.5057 21.7414 13.7711 -6.296 -16.086 -20.755
26000600000031 33897080832 64.178 14.2576 16.3103 8.7867 14.2574 16.3076 8.7959 19.516 38.298 -8.153
26000600000003 33740261376 64.076 11.1368 20.0590 9.3009 11.1349 20.0605 9.2966 -59.763 98.269 114.752
26000500000047 32874407936 63.525 12.6547 6.1633 10.6054 12.6514 6.1651 10.6017 11.393 -2.075 7.853
26000900000038 32859850752 63.512 24.1669 1.1779 13.8615 24.1660 1.1787 13.8599 2.762 -2.231 15.363
26000900000010 32507629568 63.285 21.2653 0.1940 16.9385 21.2638 0.1928 16.9387 -4.030 -1.981 -6.724
26000700000014 32483477504 63.272 10.8164 17.3322 6.2838 10.8198 17.3296 6.2826 55.215 91.955 167.006
26000900000001 32403697664 63.222 7.5527 5.5676 9.6133 7.5539 5.5691 9.6123 20.776 -11.365 -5.090
26000600000045 32377171968 63.200 22.8201 22.9671 18.5041 22.8185 22.9725 18.4999 31.111 -47.148 -54.227
26000800000062 31765493760 62.804 8.7480 11.6705 3.8101 8.7492 11.6694 3.8065 -15.080 -334.428 39.067
26000800000044 31448090624 62.591 13.4096 9.3048 8.9465 13.4098 9.3017 8.9441 -18.627 0.324 -12.891
26000900000056 30968360960 62.273 14.7575 13.8009 24.8348 14.7560 13.7994 24.8353 -11.129 9.638 16.488
26000900000041 30216783872 61.766 14.4092 13.2005 0.5115 14.4094 13.1984 0.5125 5.521 -7.930 -0.013
26000900000027 29994461184 61.612 4.6706 24.8255 10.2070 4.6693 24.8277 10.2075 15.220 1.584 18.635
26000900000012 29807851520 61.486 8.2579 12.9074 6.4824 8.2537 12.9024 6.4819 -10.576 -8.913 11.320
26001000000012 29685424128 61.400 9.1664 3.1274 4.8106 9.1650 3.1261 4.8114 5.774 -37.374 21.926
26000600000008 28937928704 60.882 21.7545 5.9372 15.3994 21.7524 5.9420 15.3985 0.730 10.001 0.427
26000700000024 27363739648 59.756 21.3096 24.8381 16.8509 21.3091 24.8361 16.8514 8.265 19.253 -1.781
26001000000045 26902079488 59.417 1.9935 11.7198 21.5776 1.9931 11.7203 21.5768 -10.235 -1.928 -30.905
26001100000011 26740744192 59.299 7.7736 11.6344 7.0155 7.7721 11.6341 7.0157 -1.476 -6.093 -10.516
26001100000022 25768206336 58.572 11.3587 20.3633 11.6379 11.3588 20.3643 11.6365 5.224 -3.418 -3.536
26001100000036 21335103488 55.001 16.4695 23.5540 17.5667 16.4681 23.5540 17.5686 -0.542 -14.304 20.944
26001700000037 14572381184 48.436 16.2265 23.8181 18.4707 16.2262 23.8182 18.4706 -14.972 -3.801 15.245
26001300000041 13613142016 47.348 23.2141 24.9122 16.3881 23.2139 24.9131 16.3876 -1.152 1.732 3.545
26000300000037 12233442304 45.692 22.5020 23.3062 16.3857 22.5021 23.3059 16.3858 -11.738 25.316 2.145
26002000000014 7922890240 39.532 5.2138 13.4238 10.9230 5.2151 13.4232 10.9239 -18.617 13.024 -22.446
26004200000010 2402368256 26.557 16.0394 24.3786 18.5168 16.0357 24.3789 18.5173 -27.315 -4.817 24.504
