haloID mh rh halo_x halo_y halo_z gal_x gal_y gal_z spin_x spin_y spin_z
21 9679084590168 651.690 82.6650 0.6150 53.3880 82.5820 0.6740 53.3330 -106.701 -106.701 -106.701
28 9339348333074 643.960 23.3670 100.6300 0.5060 23.3750 100.6340 0.5010 1.066 1.066 1.066
24 9097819826547 638.390 39.4680 50.8950 64.0770 39.4510 50.8650 64.1420 24.621 24.621 24.621
32 9086748739172 638.110 42.2190 25.7020 44.9800 42.2240 25.6890 44.9830 -1.049 -1.049 -1.049
30 8867073246530 632.930 38.0260 53.8150 66.3740 38.0320 53.8320 66.4000 13.095 13.095 13.095
37 8572797398714 625.850 77.9070 102.0320 18.3920 77.9030 102.0320 18.4030 12.591 12.591 12.591
18 8352972850357 620.450 34.6270 73.6120 73.7990 34.3510 73.4320 73.5510 -1.432 -1.432 -1.432
12 8320396188332 619.640 34.4400 74.9150 69.8810 35.1890 74.9750 69.7220 1.957 1.957 1.957
20 8282606703150 618.700 70.9510 96.4040 30.9620 70.9210 96.2750 31.1530 216.386 216.386 216.386
42 8166592285709 615.820 54.1130 106.5380 48.8380 54.1030 106.5490 48.8370 -1.756 -1.756 -1.756
35 8101620274446 614.160 8.0970 77.9180 56.0740 8.1030 77.9110 56.0720 3.786 3.786 3.786
25 7936543948692 609.960 15.8290 44.1740 106.8790 15.8200 44.1680 106.9190 -10.842 -10.842 -10.842
40 7730457824445 604.640 63.4820 51.7410 85.4280 63.4820 51.7340 85.4250 0.137 0.137 0.137
29 7594997933218 601.080 29.4270 32.7140 79.4760 29.4320 32.7290 79.4910 -37.510 -37.510 -37.510
55 7493660857427 598.400 107.2290 25.4610 36.0900 107.2480 25.4730 36.0910 13.952 13.952 13.952
51 7355551163340 594.700 29.9780 83.4050 91.2350 29.9730 83.4060 91.2360 7.173 7.173 7.173
36 7329946180046 594.010 11.5110 75.1840 62.6450 11.5360 75.1680 62.6720 0.614 0.614 0.614
57 7281057543578 592.700 43.2050 98.6240 77.4950 43.2120 98.6430 77.4970 -22.897 -22.897 -22.897
64 7073728727432 587.010 46.6670 2.1890 109.9340 46.6790 2.1720 109.9420 14.440 14.440 14.440
54 6928333548999 582.970 60.2190 33.2630 72.6540 60.2400 33.2650 72.6460 -1.301 -1.301 -1.301
52 6921540009346 582.770 37.5420 54.9750 57.6290 37.5370 54.9650 57.6100 -108.850 -108.850 -108.850
65 6920913073947 582.760 10.1460 43.6870 8.0800 10.1450 43.6880 8.0660 -16.641 -16.641 -16.641
38 6767779000830 578.420 44.0820 75.9820 75.0170 44.0750 76.0700 74.9810 1.561 1.561 1.561
44 6675936060599 575.800 28.2170 82.5170 96.8230 28.2280 82.5030 96.8510 -88.244 -88.244 -88.244
58 6490864074983 570.420 109.3430 83.2340 97.4740 109.3460 83.2640 97.4810 -15.300 -15.300 -15.300
31 6297598214633 564.700 89.6440 25.8070 39.7960 89.3940 25.6680 39.7730 0.168 0.168 0.168
72 6061562569640 557.570 2.5380 36.6250 30.5900 2.5380 36.6160 30.5880 472.259 472.259 472.259
46 6042073848512 556.970 81.4880 99.8960 36.0670 81.5520 99.9790 36.1310 -5.600 -5.600 -5.600
85 5861942255216 551.380 102.8190 23.9800 34.3550 102.8220 23.9870 34.3330 7.276 7.276 7.276
77 5857126763098 551.220 35.8600 33.8870 85.7440 35.8530 33.9110 85.7750 -142.623 -142.623 -142.623
69 5776928324139 548.700 65.6440 45.2180 77.5280 65.6410 45.2550 77.5730 2.622 2.622 2.622
34 5762443643155 548.240 59.5620 32.5570 69.6830 59.6090 32.5070 69.6230 -13.827 -13.827 -13.827
78 5656172321463 544.840 27.2350 65.6860 76.3310 27.2250 65.6930 76.3380 -21.232 -21.232 -21.232
73 5632248426941 544.070 36.1960 75.4180 68.4660 36.1960 75.3990 68.4530 -438.224 -438.224 -438.224
76 5592082106616 542.780 12.3270 45.9700 5.7500 12.3360 45.9940 5.7400 32.579 32.579 32.579
86 5551702375465 541.470 14.2450 53.8170 89.2290 14.2510 53.8140 89.2400 0.840 0.840 0.840
61 5461266968338 538.510 40.0490 52.9430 64.7410 40.0270 52.8890 64.6670 4.556 4.556 4.556
79 5442034983909 537.870 26.3350 82.5750 73.8660 26.3490 82.6100 73.8930 -24.193 -24.193 -24.193
48 5342989497127 534.600 5.8940 78.8920 72.6130 5.7520 79.0770 72.5240 -255.054 -255.054 -255.054
89 5333295311738 534.270 14.7690 98.8880 106.4810 14.7710 98.8930 106.4870 38.308 38.308 38.308
83 5331875485037 534.220 42.3450 76.4050 74.1240 42.3550 76.3980 74.1270 114.512 114.512 114.512
67 5327983878850 534.100 24.0910 2.2480 11.7790 24.0380 2.0280 11.7450 4.884 4.884 4.884
95 5306616195093 533.380 28.1180 75.2410 72.3550 28.0730 75.2570 72.3430 99.199 99.199 99.199
91 5269078725754 532.110 21.3760 64.9790 7.7100 21.3740 64.9800 7.7100 -69.724 -69.724 -69.724
111 5251763127027 531.530 30.3400 17.9200 27.6980 30.3380 17.9230 27.7010 -0.090 -0.090 -0.090
80 5191086733128 529.480 32.2260 13.9280 28.9320 32.2080 13.9840 28.9400 22.140 22.140 22.140
45 5188223476127 529.390 70.6150 47.7530 41.9370 70.5260 47.6590 42.0740 -8.464 -8.464 -8.464
96 5171857801305 528.820 92.8320 81.5130 79.9760 92.8350 81.5150 79.9770 16.034 16.034 16.034
84 5137061230955 527.640 98.4150 87.7460 57.3220 98.4470 87.7500 57.3120 -58.225 -58.225 -58.225
100 5096051767331 526.230 107.4880 92.7570 84.9750 107.4890 92.7560 84.9770 -0.887 -0.887 -0.887
82 5006990644965 523.150 38.6200 12.1960 2.6710 38.5830 12.1830 2.6600 -61.411 -61.411 -61.411
101 4968571328241 521.810 15.8170 23.1060 61.0640 15.7820 23.0880 61.0680 5.480 5.480 5.480
122 4942777742147 520.900 66.4880 98.9150 72.0630 66.4700 98.9060 72.0500 56.904 56.904 56.904
59 4918424740262 520.050 67.4140 102.7920 69.0630 67.4280 102.8770 68.9300 40.989 40.989 40.989
137 4869516688559 518.310 1.7070 10.7490 43.4100 1.7050 10.7480 43.4080 -0.943 -0.943 -0.943
27 4857349855539 517.880 79.4670 105.7210 22.9530 79.3040 105.9550 22.3820 -42.382 -42.382 -42.382
104 4834365128501 517.070 29.7050 68.9330 41.6720 29.6970 68.9270 41.6700 10.314 10.314 10.314
33 4765907097280 514.600 17.5640 80.7260 103.3110 17.7760 80.8860 103.4510 25.877 25.877 25.877
98 4742743171473 513.780 64.2930 2.5670 84.4560 64.2870 2.5470 84.3890 10.710 10.710 10.710
105 4727536153127 513.220 38.9760 12.3540 105.5310 38.9780 12.3410 105.5110 4.878 4.878 4.878
121 4665111515839 510.960 0.0760 37.9270 31.9850 0.0680 37.9160 31.9890 -138.753 -138.753 -138.753
109 4659306672207 510.740 67.9430 106.6420 65.4060 67.9420 106.6440 65.4040 1.066 1.066 1.066
39 4618577845589 509.240 88.8820 46.1220 36.9530 88.6130 46.3730 36.7810 -8.014 -8.014 -8.014
56 4574640006721 507.620 30.6270 78.9050 101.6830 30.5740 79.1580 101.7120 -2.876 -2.876 -2.876
70 4546444079073 506.590 76.6200 43.7320 5.0430 76.6240 43.7260 5.0270 -10.421 -10.421 -10.421
99 4542766606701 506.440 94.9510 91.3190 91.1580 94.9700 91.2990 91.1430 -10.990 -10.990 -10.990
106 4538952566537 506.310 90.3110 34.6410 106.0540 90.2690 34.6600 106.0480 -1.935 -1.935 -1.935
119 4496596641412 504.740 98.6840 87.9300 56.0360 98.6840 87.9400 56.0290 37.617 37.617 37.617
60 4427719275910 502.120 67.7420 98.5820 75.1230 67.7370 98.5530 75.1320 -6.758 -6.758 -6.758
102 4420163743619 501.840 69.1060 55.8900 108.3560 69.1660 55.9060 108.3430 -24.036 -24.036 -24.036
92 4417628697499 501.750 72.6900 59.0210 104.9310 72.8080 58.9330 105.0510 -0.622 -0.622 -0.622
125 4416503554653 501.730 50.7820 60.7550 84.4090 50.7590 60.7250 84.4440 10.182 10.182 10.182
126 4396645056422 500.950 108.2790 46.1940 17.8370 108.2890 46.2060 17.7610 14.885 14.885 14.885
62 4310537456101 497.660 104.0850 45.6880 25.2780 104.2760 45.6880 25.2670 5.086 5.086 5.086
144 4305755260455 497.470 106.8080 44.5650 20.8510 106.7970 44.5970 20.8830 -425.659 -425.659 -425.659
145 4281267955234 496.550 46.1780 57.8950 19.7300 46.1740 57.8930 19.7340 -427.535 -427.535 -427.535
26 4261388185843 495.770 100.6470 86.2870 56.3820 100.9570 86.0400 56.3130 114.550 114.550 114.550
129 4252559043057 495.440 25.4630 29.4940 58.2020 25.4570 29.4760 58.1980 -81.804 -81.804 -81.804
165 4233393552741 494.690 20.2910 16.2690 41.5870 20.2830 16.2640 41.5800 44.970 44.970 44.970
139 4177672695169 492.500 99.1160 26.5330 42.7420 99.1460 26.5060 42.7310 -12.417 -12.417 -12.417
88 4174048316135 492.350 63.0450 51.1960 43.8320 63.1220 51.3450 43.8990 -14.939 -14.939 -14.939
130 4165276651350 492.010 18.9470 90.1580 103.5790 18.9550 90.1700 103.5980 -0.699 -0.699 -0.699
147 4163566588516 491.940 28.1850 18.6140 7.5440 28.1670 18.6150 7.5420 48.539 48.539 48.539
146 4152365698619 491.510 109.1700 30.0050 43.0020 109.1680 29.9900 43.0480 141.534 141.534 141.534
155 4150298650686 491.420 12.2470 39.1700 13.4690 12.2550 39.1640 13.4980 75.224 75.224 75.224
108 4135862638836 490.840 101.5670 8.3220 58.3090 101.5530 8.2910 58.3240 8.621 8.621 8.621
63 4121293572972 490.280 46.4370 91.4240 43.9220 46.5710 91.2720 44.0440 2.420 2.420 2.420
159 4109565634029 489.800 38.8020 12.6400 108.3750 38.7940 12.6420 108.3830 -12.100 -12.100 -12.100
141 4067226821871 488.120 102.5980 71.6980 81.3000 102.6040 71.7090 81.3010 -2.194 -2.194 -2.194
107 4066496754484 488.100 99.5080 88.8250 79.3190 99.5010 88.8180 79.3030 -4.767 -4.767 -4.767
115 4060359997846 487.840 10.2230 28.8940 21.3110 10.1350 28.9490 21.3340 -59.515 -59.515 -59.515
136 4047318737604 487.320 12.9720 16.3600 52.8220 12.9470 16.3980 52.8010 13.951 13.951 13.951
74 4035176565878 486.830 63.6680 64.5390 106.4360 63.6540 64.4910 106.1610 -60.767 -60.767 -60.767
138 4032167194485 486.720 24.8130 11.5090 42.9530 24.8180 11.5100 42.9610 11.073 11.073 11.073
93 4024500027454 486.420 35.0120 36.9980 0.3130 34.9940 36.9350 0.4770 -10.944 -10.944 -10.944
160 4010488371738 485.850 43.5780 3.0410 49.0380 43.5840 3.0460 49.0500 -7.134 -7.134 -7.134
132 3986940416822 484.880 12.9340 53.6010 96.3790 12.8830 53.5410 96.3600 -0.828 -0.828 -0.828
134 3977349937845 484.490 77.8220 97.1350 59.0390 77.8090 97.1550 59.0280 -0.753 -0.753 -0.753
180 3957023618348 483.680 29.0630 4.9370 17.7820 29.0660 4.9420 17.7790 -240.528 -240.528 -240.528
171 3907121185348 481.630 9.4330 38.8870 15.9230 9.4270 38.8880 15.9240 -20.805 -20.805 -20.805
140 3885363785919 480.740 83.6660 67.7070 84.8760 83.6510 67.6680 84.9070 0.609 0.609 0.609
162 3881741536678 480.580 81.7160 17.5390 36.3540 81.7280 17.5530 36.3580 -23.891 -23.891 -23.891
75 3874962375636 480.320 77.6750 45.7610 1.7410 77.8500 45.7350 1.6800 -206.891 -206.891 -206.891
152 3854528673508 479.470 24.4650 71.9270 64.0570 24.4760 71.9300 64.0480 37.860 37.860 37.860
71 3844840869749 479.060 21.3610 72.8000 66.2580 21.4120 72.6920 66.1690 -2127.022 -2127.022 -2127.022
183 3818243024294 477.960 91.2090 27.2290 32.3000 91.2060 27.2390 32.2970 -16.789 -16.789 -16.789
154 3809029067208 477.580 26.2980 34.0280 52.2170 26.3000 34.0280 52.2220 10.544 10.544 10.544
41 3805737044002 477.430 1.3430 44.2500 26.4180 1.2570 44.4570 27.0080 -3.832 -3.832 -3.832
110 3798341954681 477.110 11.9280 74.9870 67.3690 11.8720 75.0890 67.4100 3.391 3.391 3.391
150 3779092277405 476.310 27.1120 102.9040 6.8120 27.0780 102.7990 6.8220 -96.722 -96.722 -96.722
143 3756228621900 475.340 64.1130 56.2730 107.0670 64.0530 56.3160 107.0560 121.829 121.829 121.829
118 3753299533397 475.240 32.9810 45.3930 55.2430 32.9720 45.2870 55.3640 117.542 117.542 117.542
172 3670142152781 471.680 106.6920 90.8150 92.8690 106.6860 90.8320 92.8670 -2.609 -2.609 -2.609
174 3661868521366 471.330 108.9800 19.6160 30.9680 108.9830 19.6170 30.9740 -4.092 -4.092 -4.092
117 3654602513465 471.020 97.4930 28.0120 25.9220 97.5690 28.0260 25.8620 -92.158 -92.158 -92.158
167 3653691766641 470.990 61.6380 93.9740 71.2780 61.6420 93.9840 71.2820 -1.822 -1.822 -1.822
176 3625734122130 469.780 41.6750 6.5250 72.5810 41.6720 6.5220 72.5860 -2.950 -2.950 -2.950
53 3617834673659 469.430 67.0450 87.2280 78.0980 67.1140 87.4020 78.0440 -60.147 -60.147 -60.147
142 3615733973582 469.350 6.1640 14.3230 91.1550 6.1290 14.3050 91.1440 -3.527 -3.527 -3.527
208 3584221871695 467.980 60.7760 33.8120 99.3030 60.7750 33.8110 99.3020 -13.545 -13.545 -13.545
49 3554742254195 466.700 36.5230 48.6350 56.3860 36.4980 48.7400 56.3960 -140.746 -140.746 -140.746
202 3545060514751 466.270 63.7480 0.3380 101.7020 63.7470 0.3360 101.7070 -52.169 -52.169 -52.169
181 3531680650083 465.680 1.4570 44.1200 22.7170 1.4650 44.1340 22.6950 -28.175 -28.175 -28.175
175 3511643787717 464.810 57.3140 82.9570 38.3700 57.3030 82.9530 38.3680 0.637 0.637 0.637
66 3494514617398 464.050 12.6800 45.0230 4.5280 12.4260 45.4420 4.3500 -0.895 -0.895 -0.895
186 3489120364211 463.800 105.3300 92.2080 89.6180 105.3180 92.1970 89.6120 216.564 216.564 216.564
153 3460776302688 462.550 21.6880 67.5410 76.1390 21.7690 67.4950 76.1310 -34.447 -34.447 -34.447
218 3445508336841 461.880 106.5360 24.6470 43.3790 106.5340 24.6470 43.3790 152.230 152.230 152.230
191 3444541909796 461.830 64.5980 98.1250 70.4540 64.6360 98.1330 70.5030 229.637 229.637 229.637
114 3438596128882 461.550 85.8670 57.7010 110.6710 85.8630 57.6940 110.6630 -71.521 -71.521 -71.521
164 3434308023447 461.370 37.4070 64.3190 68.5790 37.4470 64.3130 68.5370 -66.967 -66.967 -66.967
184 3403222293981 459.980 78.4730 108.3880 20.0050 78.4790 108.4150 19.9750 -23.258 -23.258 -23.258
123 3395796450461 459.630 58.3790 98.6160 56.2960 58.4590 98.7040 56.1910 18.885 18.885 18.885
158 3380761333859 458.940 24.6060 101.9960 3.0800 24.5560 101.9720 3.0410 -33.762 -33.762 -33.762
182 3371803333391 458.540 63.2630 98.0480 69.0970 63.2170 98.0670 69.0800 -231.206 -231.206 -231.206
120 3352750833086 457.680 12.0770 27.4820 24.7860 12.1840 27.4790 24.7930 73.822 73.822 73.822
68 3349216923393 457.520 6.2160 18.7120 40.5160 6.1380 18.7340 40.2430 1.372 1.372 1.372
156 3341444788599 457.160 10.6750 28.4370 97.2580 10.8190 28.3640 97.2140 68.095 68.095 68.095
168 3324616484415 456.390 58.9710 31.0870 68.0350 58.9400 31.0840 68.0320 15.789 15.789 15.789
179 3320727551881 456.210 19.3830 55.5730 92.4420 19.3760 55.5640 92.4220 4728.454 4728.454 4728.454
206 3292223863489 454.900 34.8390 106.6030 28.5330 34.8340 106.6020 28.5390 -5.975 -5.975 -5.975
224 3264554409778 453.630 102.1430 33.2560 18.1040 102.1400 33.2550 18.1060 -49.790 -49.790 -49.790
116 3254946404745 453.180 105.5550 97.3270 85.2300 105.6490 97.2070 85.3000 -340.405 -340.405 -340.405
47 3254392513672 453.170 67.4910 55.7450 107.5060 67.5530 55.7500 107.6890 4.420 4.420 4.420
177 3237094401296 452.360 64.1920 65.4490 76.1740 64.1990 65.4940 76.1740 -5.368 -5.368 -5.368
148 3214896724349 451.320 95.4550 26.7910 45.4620 95.4820 26.7810 45.5210 68.298 68.298 68.298
213 3206362373126 450.920 63.8570 49.8900 43.1650 63.8670 49.8990 43.1560 8.316 8.316 8.316
205 3193822466778 450.340 85.8650 44.5550 32.8470 85.8700 44.5330 32.8250 9.235 9.235 9.235
193 3177873698235 449.580 57.6340 55.2600 102.6440 57.5800 55.3480 102.5250 -101.078 -101.078 -101.078
157 3167310378676 449.090 19.8640 65.7420 35.9420 20.0240 65.6710 35.9730 -5.629 -5.629 -5.629
228 3160520747668 448.760 96.1910 53.6100 110.6160 96.1890 53.6070 110.5940 303.829 303.829 303.829
194 3155449770447 448.510 43.0120 90.3360 40.2740 42.9640 90.3840 40.2310 97.004 97.004 97.004
240 3141863415597 447.880 100.5100 97.8130 60.3210 100.5100 97.8050 60.3190 -22.842 -22.842 -22.842
90 3138768893593 447.740 109.0670 47.5520 14.7930 109.1370 47.6430 14.5870 28.584 28.584 28.584
124 3122220762597 446.930 52.7870 107.1370 107.0010 52.5790 107.0370 107.1000 -24.570 -24.570 -24.570
169 3096763725577 445.740 88.9580 107.7740 54.9170 88.9940 107.8300 54.9290 15.267 15.267 15.267
131 3084310403715 445.120 11.4810 74.5230 69.9840 11.4790 74.5210 69.8520 10.417 10.417 10.417
149 3084142779307 445.120 35.4350 88.2170 84.3200 35.4860 88.2570 84.3080 -167.562 -167.562 -167.562
215 3082429807806 445.040 33.8740 49.5570 52.0130 33.8960 49.5620 52.0340 -1304.916 -1304.916 -1304.916
217 3067427945403 444.310 80.9200 16.2740 46.0530 80.9440 16.2810 46.0220 -104.115 -104.115 -104.115
233 3059377441748 443.930 20.3290 74.0490 67.8940 20.3350 74.0440 67.8990 11.856 11.856 11.856
197 3054586127469 443.690 41.6420 82.6730 51.9440 41.6440 82.6730 51.9710 3.711 3.711 3.711
259 3019057862768 441.970 93.7640 36.3680 17.1380 93.7800 36.3690 17.1320 -0.738 -0.738 -0.738
192 3018141459918 441.930 14.8270 23.2200 86.4340 14.8330 23.2160 86.4430 0.176 0.176 0.176
237 3016882481249 441.860 1.4600 45.4990 29.1470 1.4630 45.4920 29.1500 -3.438 -3.438 -3.438
236 3009584145547 441.510 6.1140 49.4570 84.3290 6.1140 49.4520 84.3320 -25.237 -25.237 -25.237
222 3003993347925 441.230 29.7810 100.2710 4.8570 29.7860 100.2690 4.8660 43.743 43.743 43.743
241 2985827266912 440.340 44.5440 59.3410 81.0780 44.5410 59.3380 81.0780 17.841 17.841 17.841
232 2944746731984 438.300 43.4170 25.2940 46.5580 43.4280 25.2920 46.5670 -15.458 -15.458 -15.458
260 2926720413185 437.420 32.8890 106.9500 30.5830 32.8900 106.9530 30.5830 1.005 1.005 1.005
214 2908114675582 436.490 88.7650 70.4510 78.7370 88.7510 70.4470 78.7440 7080.010 7080.010 7080.010
210 2906370230970 436.390 23.6300 72.0760 65.6480 23.6760 72.0620 65.7250 5.890 5.890 5.890
242 2903507653753 436.240 47.2810 43.2830 106.9850 47.2740 43.2850 106.9760 -0.859 -0.859 -0.859
219 2893853155413 435.780 9.8070 61.5210 34.0290 9.8130 61.5500 34.0770 235.382 235.382 235.382
251 2891887056579 435.680 38.0060 27.7880 41.9460 38.0110 27.7880 41.9430 -2.200 -2.200 -2.200
246 2885548434378 435.350 47.3240 86.9140 91.7000 47.3230 86.9170 91.6990 24.880 24.880 24.880
204 2865777140579 434.360 56.8110 96.0940 56.9710 56.7920 96.0810 56.9760 -3.473 -3.473 -3.473
94 2862610362726 434.190 51.1860 54.7520 19.0220 51.2870 54.5850 18.9250 14.288 14.288 14.288
245 2861779152964 434.140 9.4340 75.2090 33.8970 9.4370 75.2030 33.9020 25.738 25.738 25.738
230 2858607377109 433.990 91.9630 34.6440 29.6400 91.9370 34.6230 29.6450 -14.629 -14.629 -14.629
227 2842024058609 433.150 61.9180 74.1700 41.6090 61.9170 74.1830 41.6210 21.415 21.415 21.415
211 2840871296004 433.100 105.4590 24.0910 35.1750 105.4920 24.1180 35.1630 -0.190 -0.190 -0.190
127 2827080769492 432.400 14.8020 80.1390 73.0860 14.8670 80.1490 73.0020 40.535 40.535 40.535
286 2793741565757 430.690 42.6280 41.5140 64.1640 42.6480 41.5590 64.1770 -6.779 -6.779 -6.779
262 2771540901436 429.540 49.7270 7.9810 80.4130 49.7290 7.9800 80.4120 -3.750 -3.750 -3.750
278 2771372018091 429.530 65.9140 1.6030 105.5220 65.9050 1.6070 105.5130 -12.928 -12.928 -12.928
203 2770717882456 429.510 19.0840 10.4080 47.5470 19.0320 10.4200 47.6350 5.000 5.000 5.000
285 2761515537524 429.020 83.1690 1.7500 53.8110 83.1750 1.7490 53.8160 -40.252 -40.252 -40.252
303 2756132875670 428.750 4.0130 84.0760 50.1630 4.0170 84.0710 50.1640 1.218 1.218 1.218
50 2755361323465 428.710 59.9660 93.5280 64.0870 59.7070 93.3000 64.5500 23.871 23.871 23.871
281 2753400133272 428.600 0.5610 4.1370 68.8440 0.5650 4.1370 68.8450 1.083 1.083 1.083
268 2741883532567 427.990 34.7100 59.0380 81.8840 34.7030 59.0390 81.8870 16.660 16.660 16.660
113 2737957678105 427.800 49.5440 61.7800 84.4860 49.4960 61.4760 84.7370 53.507 53.507 53.507
243 2736536132215 427.730 20.7990 46.7630 40.0780 20.8090 46.7580 40.0770 -36.663 -36.663 -36.663
253 2733587202998 427.580 17.8180 8.0100 51.6860 17.8250 8.0250 51.6880 13.233 13.233 13.233
297 2733206056306 427.560 32.9810 15.3150 7.7870 32.9810 15.3100 7.7900 1.675 1.675 1.675
257 2713708267025 426.530 33.4070 15.0360 15.4260 33.4070 15.0430 15.4210 -7.845 -7.845 -7.845
249 2705749695748 426.120 15.7100 26.0740 90.6180 15.7170 26.0720 90.6060 7.517 7.517 7.517
265 2702835426221 425.970 17.4840 32.3230 36.6180 17.4840 32.3210 36.6160 -421.470 -421.470 -421.470
151 2700969450145 425.860 26.0670 80.7240 72.7410 26.0930 80.6460 72.7230 23.707 23.707 23.707
277 2700772248178 425.840 68.3090 104.2000 108.3360 68.2900 104.2110 108.3280 38.543 38.543 38.543
135 2688327328050 425.190 97.7070 13.4850 58.2760 97.6070 13.6490 58.1790 -4.453 -4.453 -4.453
282 2683658891297 424.960 106.5290 93.9760 86.0700 106.5290 93.9640 86.0930 14.311 14.311 14.311
248 2669136501061 424.180 70.0460 68.8960 31.8550 70.0570 68.9000 31.8800 3.769 3.769 3.769
188 2668524075905 424.150 97.0560 89.7540 54.8570 97.1250 89.6620 54.9020 -50.382 -50.382 -50.382
190 2645287495912 422.910 15.4700 43.5360 108.7780 15.4760 43.4540 108.8100 -175.526 -175.526 -175.526
239 2620078975498 421.570 19.3700 83.8650 74.7300 19.3300 83.8910 74.6950 -1.782 -1.782 -1.782
264 2615091152077 421.310 11.2810 47.3080 88.9160 11.3090 47.3490 88.9080 -145.815 -145.815 -145.815
258 2614083533779 421.240 101.2010 83.7720 74.8490 101.2080 83.7910 74.8300 3.863 3.863 3.863
345 2610210262770 421.030 32.6410 81.7410 83.3130 32.6310 81.7380 83.3170 -12.691 -12.691 -12.691
97 2609005429306 420.980 0.0470 74.8020 85.0170 0.1850 74.6510 85.2810 -2.300 -2.300 -2.300
296 2607454720952 420.890 109.7920 88.4250 52.2940 109.7880 88.4320 52.2950 16.927 16.927 16.927
346 2590305479320 419.960 45.9900 107.2700 44.6590 45.9900 107.2780 44.6610 -4.556 -4.556 -4.556
302 2580587160872 419.450 99.2200 0.3050 88.9450 99.2200 0.3050 88.9440 0.694 0.694 0.694
161 2577043625117 419.260 78.2680 100.2660 12.0030 78.3250 100.0500 11.9180 -29.717 -29.717 -29.717
252 2576544269224 419.220 6.3460 88.7930 36.7880 6.3480 88.7870 36.7840 19.001 19.001 19.001
283 2550118408194 417.780 68.1800 105.2300 66.7530 68.1780 105.2250 66.7570 -54.011 -54.011 -54.011
341 2534683135027 416.940 18.1180 71.8600 107.9890 18.1200 71.8560 107.9980 -0.037 -0.037 -0.037
293 2530839978747 416.720 11.1130 28.0390 94.2250 11.1000 28.0530 94.2420 -6.209 -6.209 -6.209
316 2530266230609 416.690 0.2920 33.6120 79.8110 0.2930 33.6130 79.8150 145.074 145.074 145.074
333 2523628285543 416.330 55.5050 5.2720 50.1300 55.5200 5.2640 50.1200 -39.087 -39.087 -39.087
321 2521249257592 416.210 6.7670 74.0460 64.0530 6.7660 74.0350 64.0650 1.868 1.868 1.868
274 2508671465826 415.510 48.4300 88.9500 44.7840 48.4360 88.9520 44.7790 -274.819 -274.819 -274.819
343 2504063433141 415.260 34.1090 96.9440 35.6370 34.1110 96.9450 35.6410 -7.300 -7.300 -7.300
312 2498181230524 414.920 87.2470 69.7900 78.3660 87.2480 69.7820 78.3590 -35.485 -35.485 -35.485
43 2496242753832 414.820 92.4950 89.6250 24.8830 92.6060 89.6360 24.8260 -177.180 -177.180 -177.180
275 2490414469050 414.490 34.9180 49.6790 53.5350 34.9200 49.6840 53.5320 -58.545 -58.545 -58.545
329 2475416670068 413.670 85.1990 21.4180 89.8040 85.1870 21.4220 89.7990 -33.743 -33.743 -33.743
170 2474629961937 413.610 39.2190 38.0080 85.4720 39.3720 38.2180 85.3250 12.966 12.966 12.966
250 2462958000441 412.960 27.4350 31.3980 40.9860 27.4430 31.3860 41.0320 13.613 13.613 13.613
309 2462129294998 412.930 8.5070 51.1460 36.5460 8.5040 51.1470 36.5480 317.641 317.641 317.641
225 2458208558488 412.700 27.5280 67.4940 73.8790 27.5130 67.4790 73.9250 32.933 32.933 32.933
291 2442837373230 411.830 14.3640 75.2340 66.6350 14.3550 75.2190 66.6480 -1.872 -1.872 -1.872
256 2439346391595 411.650 17.2730 45.2020 105.9410 17.2620 45.1780 105.9660 0.678 0.678 0.678
330 2434156019001 411.340 24.2060 16.6590 42.0700 24.2040 16.6520 42.0720 -9.882 -9.882 -9.882
360 2418497052248 410.470 15.9480 16.3140 45.8890 15.9470 16.3200 45.8870 -679.585 -679.585 -679.585
307 2414861877300 410.260 40.4650 15.4390 16.9310 40.4640 15.4310 16.9270 541.900 541.900 541.900
340 2391702159981 408.950 37.6090 93.1840 77.8990 37.6080 93.1840 77.8940 15.259 15.259 15.259
363 2390281921869 408.870 82.1930 43.3510 0.3190 82.1970 43.3460 0.3360 -19.750 -19.750 -19.750
266 2389910593944 408.850 30.1040 81.4280 98.0140 30.0420 81.4740 98.0030 -165.437 -165.437 -165.437
326 2379429684124 408.250 99.7970 90.7130 90.3660 99.8030 90.7100 90.3750 -4.084 -4.084 -4.084
384 2379005188442 408.220 1.9970 51.6790 103.0040 2.0000 51.6710 103.0030 23.432 23.432 23.432
292 2372476207610 407.850 36.9780 15.2680 104.4140 36.9630 15.2570 104.4160 -10.397 -10.397 -10.397
342 2372127179428 407.830 90.2090 79.8400 84.0200 90.2130 79.8450 84.0200 -5.723 -5.723 -5.723
310 2369442162203 407.660 93.3200 109.1370 58.6680 93.3280 109.1240 58.6430 313.137 313.137 313.137
280 2359797094378 407.130 0.7890 27.5410 31.4560 0.7830 27.4980 31.4520 19.349 19.349 19.349
405 2357536271378 407.000 82.6790 20.8050 77.1900 82.6790 20.8020 77.1860 -49.756 -49.756 -49.756
325 2350654517368 406.590 13.7450 15.7900 52.3970 13.7440 15.7880 52.3960 73.505 73.505 73.505
271 2350073882036 406.550 1.7550 70.0720 0.5470 1.7590 70.0990 0.5300 130.365 130.365 130.365
357 2347658689169 406.420 84.1660 65.4030 39.0980 84.1730 65.4000 39.0960 2.187 2.187 2.187
187 2341603922447 406.070 70.1510 80.2310 33.7650 70.1940 79.8280 33.6350 26.355 26.355 26.355
221 2338248624771 405.880 42.0920 15.6180 18.6290 41.9980 15.5780 18.4290 18.686 18.686 18.686
234 2335237839331 405.700 57.3480 105.3260 47.6790 57.4120 105.3790 47.6950 27.067 27.067 27.067
212 2328549004400 405.310 110.6750 43.5350 33.2390 110.6160 43.6830 33.2590 4.212 4.212 4.212
350 2319481651125 404.780 66.8240 9.8750 2.7920 66.8040 9.8680 2.8040 -12.733 -12.733 -12.733
334 2312248881140 404.360 77.2020 19.1780 22.4310 77.2020 19.1730 22.4210 -149.103 -149.103 -149.103
304 2304102445764 403.890 54.5100 109.8510 55.8450 54.4920 109.8930 55.8000 -12071.108 -12071.108 -12071.108
372 2303113503122 403.820 1.2210 17.6490 27.4790 1.2230 17.6460 27.4740 -47.375 -47.375 -47.375
319 2301908882136 403.750 10.8080 44.3940 7.3320 10.8220 44.4100 7.3320 -205.603 -205.603 -205.603
369 2301341550855 403.720 28.7650 67.3890 81.0920 28.7770 67.3400 80.9300 20.448 20.448 20.448
379 2298228143133 403.550 109.9430 53.8350 6.0950 109.9350 53.8280 6.0990 -1.630 -1.630 -1.630
263 2295687265276 403.400 27.9600 31.0910 73.6000 27.9510 31.0650 73.5140 -4.034 -4.034 -4.034
337 2295152966940 403.370 49.9650 12.4960 57.4460 49.9590 12.4990 57.4390 14.840 14.840 14.840
362 2278170946898 402.380 55.8080 97.4390 68.4010 55.7940 97.4280 68.4040 12.020 12.020 12.020
354 2276700635810 402.290 38.8380 10.8530 107.2530 38.8430 10.8660 107.2670 0.222 0.222 0.222
314 2274658029933 402.160 34.5320 57.6890 69.5890 34.5700 57.7040 69.5990 -329.905 -329.905 -329.905
361 2271897494303 402.010 18.2120 37.6160 38.7150 18.1910 37.6160 38.7000 484.952 484.952 484.952
81 2271791482722 401.990 43.6380 81.0160 40.3650 43.4700 80.7720 40.4070 -54.726 -54.726 -54.726
295 2265561715920 401.620 49.6870 99.5070 97.5930 49.6800 99.4890 97.6070 -0.678 -0.678 -0.678
128 2262131576384 401.410 40.4300 54.8730 65.4980 40.3060 54.6560 65.4550 3.452 3.452 3.452
355 2254930323367 400.990 10.1600 28.3400 96.3700 10.1600 28.3580 96.3480 3.680 3.680 3.680
308 2245817964228 400.460 69.3960 52.0010 110.3090 69.4010 52.0160 110.3170 -132.651 -132.651 -132.651
349 2242466959576 400.260 109.2450 45.0640 34.8930 109.2450 45.0570 34.8670 -18.528 -18.528 -18.528
378 2240521486385 400.140 65.8510 100.5420 13.3180 65.8540 100.5460 13.3260 -45.291 -45.291 -45.291
395 2227379506999 399.350 41.3550 101.6380 108.9010 41.3610 101.6420 108.9010 -1.294 -1.294 -1.294
380 2215515963861 398.650 101.8010 84.6150 55.6260 101.7980 84.6210 55.6290 -1.951 -1.951 -1.951
273 2214753492622 398.610 44.3710 12.7560 80.6140 44.3040 12.6730 80.6400 -83.387 -83.387 -83.387
391 2209464776143 398.280 52.4550 6.8320 103.6950 52.4510 6.8270 103.6930 -3.027 -3.027 -3.027
279 2209168836187 398.260 38.8460 0.6330 98.2470 38.8650 0.6630 98.2550 -3.111 -3.111 -3.111
416 2208000018396 398.190 61.3190 32.3700 71.4730 61.3160 32.3730 71.4710 -32.004 -32.004 -32.004
374 2204579570764 397.990 31.6860 75.9680 75.7450 31.6890 75.9650 75.7560 175.179 175.179 175.179
322 2204410139750 397.970 21.4920 16.1520 88.0030 21.4900 16.1820 88.0080 15.857 15.857 15.857
356 2201218800167 397.800 97.4550 49.9390 107.8070 97.4560 49.9360 107.8080 7.403 7.403 7.403
389 2194303006131 397.370 62.5860 56.1410 57.6440 62.5510 56.0960 57.6820 -9.590 -9.590 -9.590
339 2185541228265 396.840 70.0150 46.6040 42.8670 70.0340 46.5900 42.8770 2.407 2.407 2.407
300 2181302792672 396.580 41.0810 5.2800 7.6540 41.1080 5.2890 7.6300 -2.703 -2.703 -2.703
381 2177499293236 396.350 7.9790 38.6660 20.0700 7.9840 38.6660 20.0710 -78.042 -78.042 -78.042
385 2173654693734 396.130 57.8700 29.2830 83.2400 57.8650 29.3000 83.2330 -69.365 -69.365 -69.365
331 2171394583251 395.990 79.2750 104.3020 21.4310 79.2710 104.3020 21.4210 12.907 12.907 12.907
261 2170406598495 395.920 97.1250 43.4330 104.7680 97.0960 43.4320 104.7580 -0.021 -0.021 -0.021
196 2163107806732 395.490 33.5720 99.3830 32.8410 33.6520 99.4810 32.7050 -33.218 -33.218 -33.218
376 2161996591406 395.400 25.2740 14.7810 42.3690 25.2780 14.7820 42.3650 -94.344 -94.344 -94.344
387 2158976878071 395.230 78.9840 2.6590 50.6120 78.9850 2.6600 50.6110 6.007 6.007 6.007
388 2158540756342 395.190 37.2590 73.9200 76.3620 37.2570 73.9190 76.3610 15.391 15.391 15.391
287 2155159066109 395.000 58.8420 0.0190 64.3410 58.8110 0.0500 64.2610 -52.482 -52.482 -52.482
401 2153174676005 394.870 37.9550 36.0360 84.4010 37.9580 36.0370 84.4000 -123.270 -123.270 -123.270
377 2149693997423 394.660 64.2640 35.0590 65.7070 64.2550 35.0390 65.7120 2.255 2.255 2.255
358 2144366390825 394.330 26.8550 4.7580 10.9270 26.8560 4.7640 10.9260 1.173 1.173 1.173
272 2134314265617 393.710 43.2520 46.3530 6.5470 43.2140 46.3330 6.5530 130.144 130.144 130.144
235 2130388020196 393.470 80.5880 105.1060 25.8610 80.5060 105.1430 25.7320 -108.772 -108.772 -108.772
87 2127176551613 393.270 74.0830 81.2440 41.5720 74.0440 82.0440 41.6790 19.540 19.540 19.540
365 2111078101224 392.290 35.9190 41.5630 59.1230 35.9660 41.5770 59.0880 206.749 206.749 206.749
412 2104559888899 391.880 22.2260 108.8930 15.9290 22.2250 108.8920 15.9210 169.331 169.331 169.331
375 2104064298110 391.840 27.6310 89.4900 49.4150 27.6420 89.4890 49.3980 -47.258 -47.258 -47.258
348 2097938564227 391.460 62.9800 66.7820 78.9690 63.0020 66.7530 78.9510 0.480 0.480 0.480
207 2089271363713 390.930 13.7150 75.4530 71.8740 13.8960 75.4900 72.0430 -0.646 -0.646 -0.646
315 2083626752892 390.580 110.1330 75.5090 63.1750 110.1430 75.4960 63.1740 54.882 54.882 54.882
332 2083554690487 390.570 67.6220 110.5300 110.3360 67.5980 110.5740 110.3550 -38.746 -38.746 -38.746
444 2076961824732 390.150 12.2410 75.3300 66.4010 12.2460 75.3250 66.4030 56.812 56.812 56.812
437 2070668306273 389.760 40.6920 77.5750 55.5900 40.6980 77.5710 55.5850 -28.370 -28.370 -28.370
311 2069455745402 389.690 20.5370 85.4460 2.1020 20.5630 85.5000 2.1400 50.551 50.551 50.551
371 2061427854590 389.190 21.3200 36.7580 44.4420 21.3260 36.7580 44.4460 -21.221 -21.221 -21.221
421 2054941102951 388.770 34.9960 87.9200 89.1980 35.0070 87.9290 89.2090 -50.257 -50.257 -50.257
103 2053243984069 388.660 34.8240 93.3260 32.0620 35.1000 92.8430 32.0060 -2.036 -2.036 -2.036
418 2051485197365 388.560 23.3090 66.2320 39.7630 23.3030 66.2300 39.7570 1.410 1.410 1.410
306 2042578150662 388.000 81.8190 20.8430 89.0880 81.8210 20.8380 89.1810 -306.864 -306.864 -306.864
426 2041357384358 387.920 43.1370 3.7990 100.6990 43.1330 3.7910 100.7090 -3.305 -3.305 -3.305
195 2034230114999 387.460 5.8960 16.6070 53.3980 6.0180 16.6210 53.4270 29.953 29.953 29.953
432 2033722057318 387.440 108.9410 42.0710 5.9860 108.9300 42.0820 5.9660 -6.605 -6.605 -6.605
318 2030892657297 387.250 63.2580 83.0420 78.2170 63.3350 83.0950 78.1860 -3.669 -3.669 -3.669
433 2028171852801 387.080 20.1010 84.0400 71.7000 20.1170 84.0360 71.7040 3060.835 3060.835 3060.835
336 2022345895257 386.700 33.9940 46.5430 54.1310 33.9740 46.5170 54.0880 -38.064 -38.064 -38.064
270 2017495594339 386.390 21.2810 14.4010 34.6700 21.2160 14.3510 34.6940 -22.767 -22.767 -22.767
173 2015237430845 386.260 21.9940 63.8930 39.8890 22.0330 64.2290 39.8350 5.265 5.265 5.265
463 2012991740680 386.120 55.5650 109.7910 57.4000 55.5670 109.7930 57.4030 0.526 0.526 0.526
399 2012980689807 386.100 27.2820 101.9600 11.9850 27.2800 101.9490 12.0170 49.875 49.875 49.875
447 2009877796963 385.910 64.5120 2.3880 107.0680 64.5180 2.3890 107.0690 97.873 97.873 97.873
480 2003184823739 385.490 110.0770 30.3210 16.8410 110.0740 30.3260 16.8370 14.364 14.364 14.364
439 1995487408811 384.980 21.6430 61.1610 82.9720 21.6380 61.1620 82.9740 49.216 49.216 49.216
413 1984374143855 384.280 107.8350 26.0260 16.2770 107.8340 26.0260 16.2770 91.446 91.446 91.446
473 1980713939176 384.040 91.8390 6.6020 49.5610 91.8390 6.6030 49.5600 -529.796 -529.796 -529.796
414 1980017057315 383.980 96.2380 46.5760 28.7690 96.2370 46.5740 28.7750 -6.435 -6.435 -6.435
477 1970746169813 383.400 8.3730 109.5020 32.2210 8.3710 109.4980 32.2240 -26.775 -26.775 -26.775
456 1969483998743 383.310 88.9470 25.4830 34.2050 88.9530 25.4980 34.1960 8.417 8.417 8.417
370 1954521021602 382.340 62.5370 2.1050 47.8440 62.5380 2.1350 47.8820 36.138 36.138 36.138
430 1954041453413 382.310 13.3170 79.0830 75.2720 13.2990 79.0650 75.2800 -0.252 -0.252 -0.252
344 1952482329457 382.190 91.8830 27.8980 32.5020 91.8810 27.8610 32.5600 0.670 0.670 0.670
422 1950117070054 382.050 18.2330 45.4410 33.9240 18.2290 45.4360 33.9030 0.603 0.603 0.603
434 1946777602345 381.840 37.3890 67.2200 68.4150 37.3640 67.1650 68.4220 -872.829 -872.829 -872.829
400 1945195441448 381.730 5.6300 40.1900 23.3100 5.6190 40.1750 23.3180 -571.904 -571.904 -571.904
352 1938920093544 381.310 44.5820 2.9080 1.4110 44.5970 2.9070 1.3510 3.527 3.527 3.527
267 1933370679286 380.950 47.6590 30.7760 68.4330 47.6610 30.7710 68.5830 -64.350 -64.350 -64.350
491 1922434487088 380.240 18.9320 17.7850 46.3350 18.9310 17.7840 46.3350 7.944 7.944 7.944
393 1922014493209 380.210 87.6840 7.5200 62.0530 87.6750 7.5270 62.0920 3.088 3.088 3.088
425 1921540791164 380.170 53.3090 69.2440 57.7800 53.3050 69.2600 57.7520 -8.675 -8.675 -8.675
599 1921144195086 380.140 0.3770 44.9840 11.0730 0.3790 44.9810 11.0740 3.136 3.136 3.136
353 1917484822905 379.900 68.4080 90.7840 76.2470 68.4190 90.7600 76.2500 4.955 4.955 4.955
452 1913896512015 379.660 63.2330 73.7140 40.9130 63.2330 73.7190 40.9210 95.091 95.091 95.091
502 1913422709879 379.630 48.7740 9.2440 85.2680 48.7760 9.2440 85.2720 -3.373 -3.373 -3.373
383 1907327345766 379.230 105.7460 96.3970 83.5590 105.7390 96.3670 83.5170 -1.529 -1.529 -1.529
534 1904447949572 379.050 28.0070 77.8870 72.5850 28.0180 77.8800 72.5850 8.860 8.860 8.860
486 1903360937770 378.960 100.0060 30.6080 101.2920 100.0050 30.6030 101.2950 -10.624 -10.624 -10.624
133 1895975284895 378.490 37.3350 57.9400 81.6350 37.1730 57.9370 81.7300 -18.315 -18.315 -18.315
470 1892374242859 378.240 65.3970 3.5730 0.9970 65.4070 3.5770 0.9980 6.116 6.116 6.116
328 1889779877132 378.070 103.0560 22.6000 47.6850 103.0600 22.5690 47.6870 -2.925 -2.925 -2.925
185 1889439624300 378.050 53.8840 105.5140 71.0120 53.9270 105.3790 70.7780 180.909 180.909 180.909
411 1888907583406 378.010 12.8530 56.3930 34.8620 12.8560 56.4100 34.8720 -18.773 -18.773 -18.773
475 1886129509806 377.820 0.5360 41.2700 31.6540 0.5320 41.2770 31.6460 103.235 103.235 103.235
189 1886036322003 377.830 76.4990 101.3010 36.3240 76.4780 101.0040 36.1950 -65.362 -65.362 -65.362
392 1885343770293 377.770 23.0310 7.6940 42.5320 23.0570 7.6820 42.5220 -15.592 -15.592 -15.592
466 1884509733333 377.720 13.2930 74.7450 62.2730 13.3140 74.7300 62.2500 -8.633 -8.633 -8.633
538 1883733975751 377.660 64.6300 53.8900 109.1080 64.6340 53.8940 109.1090 -0.014 -0.014 -0.014
198 1881515005488 377.500 0.1850 61.2750 4.0330 0.3100 60.7600 4.2730 11.499 11.499 11.499
474 1878748835770 377.320 96.3140 43.2590 101.7780 96.3060 43.2600 101.7720 -47.607 -47.607 -47.607
526 1876592398512 377.180 38.1380 57.9110 85.0900 38.1400 57.9050 85.0910 29.750 29.750 29.750
468 1876562522661 377.180 69.4890 58.2220 105.0630 69.4880 58.2230 105.0620 -1.926 -1.926 -1.926
471 1874398304782 377.040 21.4360 60.0870 41.4140 21.4600 60.1080 41.4220 -2.916 -2.916 -2.916
512 1872586073840 376.920 93.7570 35.9450 49.2700 93.7560 35.9440 49.2700 -1.401 -1.401 -1.401
457 1870408986010 376.770 107.9050 45.8280 18.8100 107.8960 45.8270 18.8170 11.931 11.931 11.931
530 1870157433160 376.750 23.6030 108.8220 27.5400 23.6010 108.8200 27.5390 4.987 4.987 4.987
404 1859910621632 376.070 14.3110 44.4000 103.2920 14.3370 44.3700 103.3290 -129.771 -129.771 -129.771
398 1859062320936 376.000 72.9670 55.9630 107.5870 72.9490 55.9830 107.5910 -6.758 -6.758 -6.758
410 1859020477369 376.000 21.0510 13.5860 37.1250 21.0430 13.5860 37.1320 178.974 178.974 178.974
299 1857086495984 375.870 17.8590 12.8170 47.1610 17.8770 12.8220 47.1900 -5.194 -5.194 -5.194
484 1853106554521 375.600 30.9310 64.6430 43.6350 30.9200 64.6590 43.6320 -41.715 -41.715 -41.715
519 1850759058396 375.440 48.6560 85.9130 92.0010 48.6560 85.9080 92.0030 -22.799 -22.799 -22.799
255 1847134376563 375.190 72.5190 51.3540 0.5960 72.6700 51.3290 0.5850 -8.967 -8.967 -8.967
496 1844984853421 375.050 7.7590 76.7560 80.5640 7.7250 76.7570 80.5930 3.757 3.757 3.757
541 1843091780717 374.920 2.2100 57.5220 48.0500 2.2150 57.5150 48.0400 3.019 3.019 3.019
497 1834025993963 374.310 66.6340 108.3540 1.2810 66.6430 108.3750 1.2820 -9.192 -9.192 -9.192
427 1832388593591 374.190 96.1060 4.2510 68.5200 96.1160 4.2610 68.5060 -28.552 -28.552 -28.552
428 1828934427329 373.970 79.6930 100.7950 63.0420 79.6820 100.8200 63.0490 1.407 1.407 1.407
459 1827776124365 373.890 1.4590 47.6340 23.9130 1.4540 47.6260 23.9210 -41.352 -41.352 -41.352
231 1824346677273 373.650 27.6450 29.9810 48.8290 27.6440 29.8900 48.7020 -18.315 -18.315 -18.315
481 1819971248527 373.360 71.3630 13.1520 70.7190 71.3480 13.1780 70.7280 -21.896 -21.896 -21.896
458 1815772775124 373.060 34.9220 42.9810 8.4180 34.9180 42.9800 8.4190 -3.254 -3.254 -3.254
478 1815717950784 373.060 14.2990 12.4490 64.7630 14.3210 12.4620 64.7790 -18.720 -18.720 -18.720
488 1810594708274 372.710 26.0680 70.9040 71.2480 26.0640 70.9090 71.2460 101.812 101.812 101.812
112 1810432697012 372.710 76.4390 23.0030 4.4330 76.4320 23.1740 4.4790 1487.417 1487.417 1487.417
504 1808638621823 372.570 17.4350 74.9730 104.7040 17.4360 74.9640 104.7060 7.913 7.913 7.913
539 1805177692748 372.340 62.5970 23.0120 95.8020 62.6130 23.0190 95.8120 2.490 2.490 2.490
229 1804464310315 372.280 3.8280 46.6410 29.4860 3.6950 46.5320 29.3700 210.459 210.459 210.459
528 1794012031741 371.560 29.3800 69.2000 71.1480 29.3830 69.2010 71.1560 106.889 106.889 106.889
419 1789096373111 371.230 97.4120 101.8260 89.2740 97.4400 101.8470 89.3080 -33.305 -33.305 -33.305
529 1783995359138 370.890 106.6210 52.6620 5.4440 106.6220 52.6570 5.4440 -180.127 -180.127 -180.127
531 1778586645568 370.500 14.6290 21.1910 50.1430 14.6290 21.1930 50.1440 32.536 32.536 32.536
521 1777030933851 370.390 30.6940 9.5820 8.6180 30.6930 9.5670 8.6290 -244.886 -244.886 -244.886
515 1775728073175 370.310 54.5870 90.1640 58.4490 54.5790 90.1680 58.4520 26.743 26.743 26.743
518 1772780663593 370.100 26.4700 104.3690 6.8840 26.4670 104.3570 6.8840 24.299 24.299 24.299
464 1770067459634 369.910 64.8210 1.9990 47.3330 64.7980 2.0170 47.3410 0.697 0.697 0.697
431 1764053943648 369.480 5.8610 41.4650 29.9160 5.8970 41.4760 29.9160 5.620 5.620 5.620
469 1760386448179 369.220 3.7550 20.5170 37.4940 3.7580 20.5110 37.4950 0.046 0.046 0.046
226 1758206599573 369.080 15.5430 30.7360 28.1330 15.5280 30.7310 28.0870 -71.608 -71.608 -71.608
289 1750664196802 368.540 0.2650 70.3110 83.8890 0.3100 70.3170 83.6840 -4.836 -4.836 -4.836
490 1750279807809 368.520 26.2070 11.3140 42.9470 26.2140 11.3000 42.9360 -31.207 -31.207 -31.207
166 1747850501807 368.360 12.6350 74.9660 65.6670 12.2680 75.0930 65.4670 28.102 28.102 28.102
549 1743988814281 368.080 81.9090 9.2130 51.9620 81.8800 9.2200 51.9660 -3.707 -3.707 -3.707
560 1740755757631 367.860 13.9860 26.9850 92.4010 13.9840 26.9910 92.3950 -2.981 -2.981 -2.981
578 1739197808872 367.740 61.1520 95.5210 67.8070 61.1520 95.5200 67.8100 46.793 46.793 46.793
294 1738688029375 367.700 14.8490 14.8170 51.2980 14.7210 14.8710 51.3840 4.943 4.943 4.943
276 1738287184190 367.670 20.2750 46.7580 79.7550 20.5120 46.7890 79.5620 -93.718 -93.718 -93.718
247 1736976493357 367.580 15.7640 30.6130 90.5830 15.7910 30.5660 90.5840 14.370 14.370 14.370
576 1734097212800 367.380 1.9140 30.0680 17.5690 1.9140 30.0670 17.5680 -13.361 -13.361 -13.361
493 1733887789172 367.360 101.7950 7.4540 59.4390 101.7890 7.4230 59.4150 -11.081 -11.081 -11.081
565 1732471036699 367.280 109.0510 76.9960 80.6390 109.0590 76.9900 80.6420 -4.009 -4.009 -4.009
501 1732304603886 367.250 17.7180 49.4190 99.7160 17.7270 49.4100 99.6990 19.966 19.966 19.966
568 1732019327689 367.230 87.6960 70.3560 79.1220 87.6840 70.3570 79.1160 -1.013 -1.013 -1.013
163 1730274460624 367.110 96.9950 20.5070 54.5220 97.1660 20.4980 54.4320 50.041 50.041 50.041
544 1730031307290 367.100 19.0280 5.9580 28.4350 19.0310 5.9480 28.4360 173.145 173.145 173.145
520 1726435493186 366.840 49.0490 63.7740 52.6690 49.0470 63.7720 52.6690 22.107 22.107 22.107
507 1725844181659 366.810 103.6140 17.9170 46.4800 103.5500 17.9260 46.5100 -3.363 -3.363 -3.363
579 1721683257743 366.500 95.3090 3.6980 69.2490 95.3220 3.6980 69.2560 -63.469 -63.469 -63.469
201 1718166104115 366.270 38.8330 22.2620 25.9200 38.4470 22.4100 26.1570 -15.669 -15.669 -15.669
554 1717709637945 366.220 100.2080 6.9370 58.3090 100.2110 6.9320 58.3010 -24.396 -24.396 -24.396
500 1716707535578 366.160 78.4980 68.8290 36.8340 78.4970 68.7990 36.8290 -20.198 -20.198 -20.198
659 1706351363882 365.420 35.6950 12.1040 93.3010 35.6920 12.1080 93.3010 -6.190 -6.190 -6.190
575 1705942052717 365.390 95.9660 69.8450 77.6500 95.9560 69.8580 77.6470 53.300 53.300 53.300
494 1703884808967 365.250 7.7550 59.7950 75.3180 7.7160 59.7970 75.3340 32.275 32.275 32.275
583 1701493742474 365.070 0.6300 42.0220 27.2160 0.6300 42.0130 27.2140 -31.821 -31.821 -31.821
522 1700809196316 365.010 10.8950 75.8290 105.5090 10.8840 75.8280 105.5200 -1.950 -1.950 -1.950
598 1700036261243 364.960 40.8650 107.1040 95.6090 40.8680 107.1070 95.6080 2.286 2.286 2.286
451 1697445573388 364.780 58.6280 99.0040 55.1230 58.6290 98.9870 55.1380 61.548 61.548 61.548
440 1692901384269 364.450 41.0420 76.2570 73.6650 41.0280 76.2400 73.6570 9.801 9.801 9.801
482 1691831091475 364.370 40.9510 60.9850 73.5060 40.9490 60.9890 73.4820 -5.449 -5.449 -5.449
609 1688561235230 364.150 48.7860 58.0580 60.5100 48.7850 58.0640 60.5110 -20.966 -20.966 -20.966
514 1685510506602 363.920 58.7230 99.1650 63.0910 58.7340 99.1470 63.0640 86.446 86.446 86.446
317 1685080292373 363.890 39.6940 56.3660 83.4330 39.7830 56.3110 83.4880 -132.044 -132.044 -132.044
633 1682797832354 363.730 57.4830 100.7190 66.5760 57.4810 100.7240 66.5860 -2.214 -2.214 -2.214
390 1681588985348 363.640 21.3570 28.4400 51.4960 21.3930 28.4440 51.4210 8.228 8.228 8.228
483 1679938267943 363.520 80.5780 18.9840 62.2290 80.5810 19.0010 62.2430 -2.942 -2.942 -2.942
601 1679011661385 363.440 1.7710 73.7910 83.2870 1.7700 73.7910 83.2820 2.410 2.410 2.410
561 1671507066195 362.910 12.2030 71.3770 55.8370 12.1900 71.3810 55.8340 6.598 6.598 6.598
532 1670070687052 362.800 38.9240 75.6330 65.8700 38.9170 75.6420 65.8650 20.174 20.174 20.174
592 1665121630770 362.460 33.0550 69.7590 6.2760 33.0450 69.7560 6.2720 -28.425 -28.425 -28.425
443 1664601579472 362.410 29.8860 92.5990 98.5670 29.8870 92.6000 98.5630 -16.632 -16.632 -16.632
323 1663440504854 362.320 107.0380 5.5610 69.6170 106.8710 5.6470 69.5710 -67.025 -67.025 -67.025
536 1661747392199 362.200 21.3570 99.1300 110.1770 21.3820 99.1410 110.1850 22.638 22.638 22.638
537 1661682622679 362.200 8.9780 2.0700 57.5620 8.9730 2.0770 57.5530 2.242 2.242 2.242
627 1661529375279 362.190 47.8650 56.5180 19.2860 47.8560 56.5180 19.2850 -3.030 -3.030 -3.030
632 1661141758940 362.160 32.2580 75.8190 41.8290 32.2610 75.8170 41.8290 8.215 8.215 8.215
577 1658154223485 361.940 2.5020 80.8580 55.4610 2.4990 80.8500 55.4810 -46.333 -46.333 -46.333
510 1652692384076 361.540 20.7200 38.9220 40.8650 20.7200 38.9290 40.8840 2.753 2.753 2.753
407 1651288490317 361.440 109.8990 30.9190 40.6980 109.8360 30.8680 40.7420 50.713 50.713 50.713
216 1647583162389 361.170 37.4190 101.5050 0.0800 37.6510 101.4580 0.0000 -693.059 -693.059 -693.059
552 1647152682032 361.150 93.8380 23.7160 50.1330 93.8170 23.7000 50.1000 39.867 39.867 39.867
612 1644610080389 360.960 55.9840 104.5340 63.2660 55.9840 104.5340 63.2650 175.918 175.918 175.918
499 1644530630936 360.950 39.1750 65.5300 15.4630 39.1900 65.5560 15.4550 38.015 38.015 38.015
517 1639425940557 360.570 108.4490 48.3520 2.4290 108.4610 48.3350 2.4390 -78.482 -78.482 -78.482
324 1638493794756 360.500 99.3330 56.6440 2.3400 99.4000 56.6040 2.2810 -31.863 -31.863 -31.863
569 1637989253631 360.460 85.0880 62.4750 93.8700 85.0980 62.4750 93.8710 1017.368 1017.368 1017.368
624 1637880451406 360.450 6.1130 19.6860 37.0560 6.1170 19.6810 37.0520 -50.788 -50.788 -50.788
613 1635875648768 360.310 64.7020 0.9650 46.2530 64.7020 0.9670 46.2500 210.827 210.827 210.827
643 1635000273114 360.240 93.5350 48.4570 99.7020 93.5360 48.4610 99.7010 8.458 8.458 8.458
629 1634058084723 360.170 34.1460 70.3700 7.1000 34.1390 70.3670 7.0990 2.163 2.163 2.163
373 1633934294624 360.170 45.3320 83.0860 42.2590 45.3900 83.1840 42.3740 2.742 2.742 2.742
604 1632879768091 360.100 97.3090 46.4730 20.6820 97.3370 46.4560 20.6750 -4.838 -4.838 -4.838
461 1622293487240 359.300 43.5750 103.4040 79.8480 43.5920 103.3750 79.8640 0.350 0.350 0.350
455 1618828286222 359.060 70.2830 43.1270 45.0980 70.2780 43.1720 45.0610 -7.762 -7.762 -7.762
441 1618293375507 359.020 35.0970 57.2190 81.9480 35.0850 57.1860 81.9650 -256.430 -256.430 -256.430
595 1614652334807 358.750 18.3150 4.2700 19.9610 18.3080 4.2680 19.9590 12.705 12.705 12.705
668 1612437828974 358.580 25.4410 61.8970 90.2120 25.4440 61.8980 90.2150 -2.182 -2.182 -2.182
424 1612155476617 358.560 16.4530 52.8120 6.1570 16.5260 52.8610 6.2270 -13.219 -13.219 -13.219
485 1611257411645 358.500 91.6090 44.4250 33.9340 91.5950 44.4380 33.9370 77.640 77.640 77.640
254 1610205144956 358.420 67.3950 7.2020 109.1110 67.3420 7.1370 109.1000 3.087 3.087 3.087
655 1609653642820 358.380 29.2410 68.9460 2.6640 29.2440 68.9480 2.6610 11.020 11.020 11.020
662 1607151280041 358.190 82.2110 49.5890 36.4710 82.2080 49.5970 36.4660 -0.033 -0.033 -0.033
506 1606244539329 358.130 108.5540 47.8290 38.2560 108.5610 47.7970 38.2240 -5.073 -5.073 -5.073
367 1600030239621 357.670 29.1650 87.9720 103.8170 29.1710 88.0870 103.9040 42.721 42.721 42.721
454 1590018262774 356.920 11.2480 27.4710 23.4290 11.2520 27.4390 23.4580 -112.661 -112.661 -112.661
645 1584860901345 356.530 17.1080 89.3640 48.6010 17.1110 89.3650 48.6010 -20.431 -20.431 -20.431
638 1583489417648 356.420 39.5590 10.3080 45.4260 39.5570 10.3140 45.4300 -461.800 -461.800 -461.800
238 1581859445566 356.310 20.5330 51.7490 40.2090 20.5620 51.5720 40.2290 -34.002 -34.002 -34.002
593 1579157534067 356.110 35.2640 14.8280 6.0130 35.2560 14.8280 6.0170 10.363 10.363 10.363
495 1578160019236 356.020 102.1510 66.9650 86.3600 102.1430 66.9530 86.3630 21.998 21.998 21.998
666 1576963140566 355.940 21.5750 79.0550 103.6550 21.5760 79.0650 103.6530 5.625 5.625 5.625
557 1575679800651 355.840 77.3080 32.2780 17.8000 77.3270 32.2660 17.8220 -49.510 -49.510 -49.510
580 1573758044680 355.700 65.7180 55.4410 107.3350 65.7370 55.4400 107.3380 17.632 17.632 17.632
688 1572915045365 355.630 103.5880 24.9690 39.1650 103.5880 24.9750 39.1670 -16.847 -16.847 -16.847
284 1565002924818 355.040 106.9290 48.8190 25.9890 107.1420 48.3560 26.1330 -24.803 -24.803 -24.803
683 1562617156627 354.860 110.0820 44.1550 34.3120 110.0780 44.1550 34.3060 -78.568 -78.568 -78.568
623 1562110252995 354.820 25.6220 23.6270 8.7230 25.6250 23.6280 8.7270 3.901 3.901 3.901
545 1559752869960 354.630 0.8770 41.6020 21.2160 0.8720 41.6020 21.2150 160.440 160.440 160.440
556 1553929134115 354.190 57.5290 96.4120 55.8810 57.5390 96.4050 55.8770 14.705 14.705 14.705
658 1550987960737 353.970 108.8150 78.4680 86.1200 108.8230 78.4660 86.1220 21.964 21.964 21.964
644 1549633028715 353.870 18.5860 90.7330 108.9880 18.5940 90.7370 108.9850 106.526 106.526 106.526
676 1548428882812 353.780 55.8200 100.9970 70.7860 55.8190 100.9950 70.7830 -583.425 -583.425 -583.425
610 1546233048963 353.610 105.1930 78.3310 80.4480 105.1880 78.3210 80.4590 -128.906 -128.906 -128.906
574 1544242081920 353.450 0.0630 39.3420 31.0520 0.0500 39.3750 31.0220 247.658 247.658 247.658
709 1542417940248 353.310 4.6640 40.4910 20.3180 4.6650 40.4900 20.3180 239.100 239.100 239.100
652 1542050492284 353.280 75.8600 103.3950 35.1790 75.8620 103.3950 35.1810 -7.915 -7.915 -7.915
546 1541245630082 353.220 96.6220 44.2470 98.2520 96.5910 44.2410 98.2740 362.064 362.064 362.064
694 1539243339598 353.070 13.7270 21.5140 61.5600 13.7230 21.5140 61.5550 -8.991 -8.991 -8.991
563 1534341639032 352.700 38.2770 17.0150 110.1140 38.2780 17.0040 110.1040 10.867 10.867 10.867
667 1529932537228 352.360 40.9210 11.7890 41.7610 40.9210 11.7890 41.7630 5.158 5.158 5.158
740 1522633626356 351.800 21.3380 35.7330 40.8240 21.3360 35.7360 40.8240 -156.508 -156.508 -156.508
572 1522412130562 351.790 48.2880 43.6290 0.7580 48.2740 43.6150 0.7310 206.840 206.840 206.840
734 1520778237164 351.650 78.8330 102.5430 37.4260 78.8300 102.5400 37.4260 1321.022 1321.022 1321.022
509 1519219489266 351.540 108.9070 87.6660 99.8870 108.9170 87.6210 99.9120 -3.316 -3.316 -3.316
313 1518639956141 351.490 95.3920 37.2050 17.9400 95.3220 37.1670 17.9050 -29.076 -29.076 -29.076
679 1517358264327 351.400 41.7230 79.9460 51.8290 41.7060 79.9470 51.8300 -494.139 -494.139 -494.139
542 1515910372182 351.280 88.8350 24.6550 6.7300 88.8490 24.6410 6.7250 -0.374 -0.374 -0.374
701 1515436090647 351.250 15.6640 98.2920 104.1580 15.6650 98.2940 104.1590 6.604 6.604 6.604
669 1507488656162 350.640 33.4630 20.4900 68.1760 33.4600 20.4900 68.1750 -2.918 -2.918 -2.918
712 1500053044088 350.060 7.3700 75.3500 106.2010 7.3660 75.3470 106.2000 -42.257 -42.257 -42.257
698 1499102205704 349.980 99.0550 46.7270 26.4400 99.0630 46.7330 26.4430 -1.505 -1.505 -1.505
682 1496483318235 349.770 50.3540 59.4580 53.7410 50.3510 59.4600 53.7360 -14.821 -14.821 -14.821
626 1493528701984 349.540 41.9770 0.2690 6.7240 41.9290 0.2660 6.6930 6.150 6.150 6.150
589 1493499185300 349.540 17.3200 40.0470 37.4770 17.3160 40.0590 37.4960 -11.373 -11.373 -11.373
628 1493130275965 349.520 7.5420 45.5660 77.7710 7.5430 45.5640 77.7710 8.830 8.830 8.830
767 1490892541547 349.330 20.7390 78.7250 106.1290 20.7400 78.7240 106.1290 -695.391 -695.391 -695.391
351 1490376177179 349.300 38.2710 71.9540 106.8540 38.2150 71.9550 106.6730 -6.474 -6.474 -6.474
602 1486616456761 349.000 76.6700 58.0250 105.7690 76.6400 58.0320 105.7650 4.422 4.422 4.422
320 1485095169425 348.880 21.7500 30.8700 9.8460 21.7030 30.9050 9.7670 -11.099 -11.099 -11.099
769 1484692472670 348.850 9.6390 97.3160 102.3280 9.6380 97.3210 102.3240 284.334 284.334 284.334
588 1478971171904 348.400 66.6380 101.5070 72.2970 66.6360 101.5100 72.3050 -14.213 -14.213 -14.213
697 1476376105721 348.200 81.1610 27.5320 23.5160 81.1570 27.5110 23.5260 12.718 12.718 12.718
489 1474038855949 348.010 31.8550 96.4310 5.5320 31.8760 96.3630 5.4910 16.056 16.056 16.056
450 1470989245796 347.770 26.5400 89.0330 50.3950 26.5140 89.0100 50.4360 316.740 316.740 316.740
465 1469355284572 347.650 31.7460 11.9990 15.6710 31.6550 11.9210 15.7720 3.462 3.462 3.462
634 1465310695423 347.320 61.0000 57.0120 80.9240 60.9950 57.0060 80.9270 -4.248 -4.248 -4.248
657 1464084460824 347.220 99.9570 103.0430 78.5440 99.9590 103.0410 78.5370 3.244 3.244 3.244
678 1462446527963 347.100 29.4480 4.5770 15.3090 29.4400 4.5650 15.3130 -23.839 -23.839 -23.839
684 1459328366263 346.850 17.0960 79.2130 73.7790 17.0880 79.2170 73.7680 27.543 27.543 27.543
543 1458723229946 346.810 76.5080 95.3110 35.8790 76.5280 95.3290 35.8780 4.875 4.875 4.875
605 1456482688556 346.630 18.3680 71.2320 102.5670 18.3770 71.1990 102.5410 -1.820 -1.820 -1.820
503 1455295798336 346.530 0.0760 3.0020 39.3700 0.0630 2.9890 39.3720 23.733 23.733 23.733
640 1454488706560 346.470 64.5610 5.1950 80.5410 64.5740 5.1750 80.5160 -78.454 -78.454 -78.454
558 1452922924644 346.340 86.3300 88.2190 76.5900 86.3300 88.2170 76.5900 -20.732 -20.732 -20.732
664 1452558854786 346.310 58.7430 31.7020 77.5770 58.7420 31.6960 77.5880 -5.147 -5.147 -5.147
547 1452057361426 346.280 92.2860 18.9970 32.5770 92.2800 19.0230 32.6480 109.705 109.705 109.705
681 1451023030464 346.200 101.9360 87.8690 82.9190 101.9420 87.8620 82.9180 -70.080 -70.080 -70.080
665 1450896379570 346.190 29.7120 31.6060 76.4030 29.7160 31.6050 76.4000 10.647 10.647 10.647
699 1449641619951 346.090 17.1930 6.3270 40.9900 17.1830 6.3230 40.9860 7.934 7.934 7.934
516 1449437107892 346.070 102.2560 75.7850 68.3620 102.2790 75.7970 68.2610 -2.489 -2.489 -2.489
550 1448284979189 345.980 32.6070 51.7140 7.0340 32.6660 51.7230 7.0320 34.171 34.171 34.171
728 1447588260841 345.920 43.7070 84.9410 40.1170 43.7060 84.9470 40.1140 -9.500 -9.500 -9.500
555 1445761614294 345.780 90.2820 93.1440 85.9760 90.3260 93.1240 85.9770 16.649 16.649 16.649
409 1441631195341 345.450 108.8680 87.1960 101.5410 108.8090 87.1910 101.4250 -0.035 -0.035 -0.035
397 1441044472872 345.390 0.0520 54.8270 5.5440 0.0180 54.7850 5.5480 2.430 2.430 2.430
656 1440685752204 345.370 29.2600 10.4670 45.4630 29.2640 10.4620 45.4650 -0.572 -0.572 -0.572
594 1440373378078 345.340 47.9690 22.0180 78.8320 47.9680 22.0170 78.8330 -17.574 -17.574 -17.574
745 1440324748707 345.340 18.0160 23.0800 88.0160 18.0120 23.0870 88.0190 56.877 56.877 56.877
564 1440219588364 345.330 34.6120 62.0730 100.7860 34.6190 62.0790 100.7970 -4.483 -4.483 -4.483
606 1440055142469 345.320 94.2240 87.0260 81.1590 94.2310 87.0200 81.1630 238.986 238.986 238.986
748 1437796309213 345.140 43.8360 44.4790 80.2240 43.8360 44.4790 80.2220 -9.741 -9.741 -9.741
442 1437658579457 345.130 30.3230 60.5740 73.4900 30.3460 60.5880 73.4520 -79.164 -79.164 -79.164
611 1436768981671 345.060 53.3320 6.0150 52.2960 53.3200 6.0430 52.2780 -49.806 -49.806 -49.806
753 1436186997576 345.000 38.4760 90.0630 83.2380 38.4800 90.0650 83.2400 1.571 1.571 1.571
703 1436125500838 345.000 98.7940 87.6710 80.3700 98.7910 87.6690 80.3740 1.137 1.137 1.137
559 1433369920551 344.780 19.2260 93.6010 104.5980 19.2300 93.5600 104.5990 -6.034 -6.034 -6.034
630 1431001373274 344.600 50.0820 44.6390 102.5770 50.0790 44.6410 102.5680 -9.641 -9.641 -9.641
749 1430943240810 344.600 47.6940 3.8220 5.9310 47.6810 3.8180 5.9280 -58.690 -58.690 -58.690
707 1427149321279 344.300 62.9680 15.6890 94.6510 62.9720 15.6870 94.6550 -450.368 -450.368 -450.368
597 1425885352519 344.180 66.3680 27.4190 60.2800 66.3530 27.4300 60.2850 7.671 7.671 7.671
686 1425467799893 344.140 35.2280 107.4460 25.4620 35.2070 107.4300 25.4280 36.673 36.673 36.673
775 1424624067382 344.090 3.5380 35.7460 11.0940 3.5330 35.7440 11.0860 -44.061 -44.061 -44.061
764 1422521801183 343.910 92.7550 73.7730 11.0270 92.7520 73.7720 11.0270 2.667 2.667 2.667
603 1422521410716 343.910 95.7780 21.5700 56.6020 95.7790 21.5680 56.5990 -0.298 -0.298 -0.298
687 1418350319385 343.580 17.2780 84.5340 69.4400 17.2790 84.5370 69.4380 -31.795 -31.795 -31.795
752 1417078584532 343.480 75.1560 46.3420 32.5450 75.1700 46.3440 32.5620 29.183 29.183 29.183
710 1415748143050 343.370 107.8450 108.2500 73.7630 107.8390 108.2460 73.7610 -208.376 -208.376 -208.376
708 1411994898494 343.070 75.2800 66.5950 44.4440 75.2750 66.5630 44.4390 -56.302 -56.302 -56.302
607 1407936987228 342.730 10.1340 64.2610 39.6840 10.1100 64.2970 39.7120 206.017 206.017 206.017
596 1407778545918 342.720 38.2270 93.6060 39.3860 38.2280 93.6240 39.3920 -15.807 -15.807 -15.807
765 1406623236593 342.630 0.3270 94.3800 93.3940 0.3270 94.3800 93.3940 -0.549 -0.549 -0.549
695 1405451515101 342.530 100.0860 103.6010 86.2430 100.0820 103.5870 86.2300 -44.165 -44.165 -44.165
582 1404196356373 342.430 33.8250 85.0450 63.1710 33.7780 85.0590 63.1870 43.174 43.174 43.174
423 1403889581875 342.410 10.9990 17.4740 55.9910 10.9690 17.5540 56.0720 31.456 31.456 31.456
751 1402857600683 342.320 25.3490 36.2970 78.7890 25.3460 36.3010 78.7860 -18.830 -18.830 -18.830
742 1402098063799 342.250 76.1000 7.3260 46.6960 76.0990 7.3270 46.6970 27.578 27.578 27.578
735 1402070354064 342.260 24.9530 104.4320 17.4790 24.9590 104.4180 17.4620 -310.022 -310.022 -310.022
673 1401182393171 342.180 106.9570 20.9460 28.8600 106.9830 20.9330 28.8750 -1.734 -1.734 -1.734
777 1399133153157 342.020 88.6910 11.8270 17.4170 88.6880 11.8360 17.4090 -47.784 -47.784 -47.784
692 1397980717723 341.930 20.7150 60.8540 83.8180 20.6850 60.8510 83.8320 -18.181 -18.181 -18.181
761 1388666498220 341.170 22.7330 63.9520 71.6010 22.7300 63.9530 71.5980 0.350 0.350 0.350
670 1385594966097 340.910 15.8460 76.9320 69.1710 15.8340 76.9390 69.1760 -1.466 -1.466 -1.466
723 1383467126584 340.730 101.6020 29.2560 101.4900 101.5810 29.2930 101.4720 -3.860 -3.860 -3.860
774 1381801419492 340.600 41.6240 55.0730 78.6890 41.6280 55.0680 78.6950 -83.206 -83.206 -83.206
725 1380670839402 340.500 71.0630 48.8360 38.5990 71.0410 48.8260 38.6110 -6.670 -6.670 -6.670
747 1379952480847 340.450 21.4250 50.1650 110.7070 21.4240 50.1620 110.7100 -62.000 -62.000 -62.000
737 1376608858356 340.180 3.0850 18.8000 38.1480 3.0920 18.7990 38.1510 -292.257 -292.257 -292.257
780 1374081754305 339.970 36.0720 3.8950 80.5030 36.0770 3.9000 80.4940 59.572 59.572 59.572
479 1374001419218 339.970 14.3310 3.7500 44.3550 14.3220 3.7900 44.3760 32.835 32.835 32.835
736 1372766811227 339.860 45.7080 84.4090 43.7450 45.7090 84.4120 43.7450 -178.757 -178.757 -178.757
821 1372240885069 339.810 37.5620 59.5800 74.4870 37.5610 59.5780 74.4910 -1.939 -1.939 -1.939
778 1371371815812 339.740 46.3660 21.3610 46.0070 46.3740 21.3500 46.0120 55.485 55.485 55.485
810 1371194153678 339.730 89.0610 85.9900 78.2170 89.0650 85.9890 78.2170 298.825 298.825 298.825
744 1370070748096 339.630 79.1420 102.1220 35.8480 79.1680 102.1340 35.8320 68.516 68.516 68.516
782 1368939620411 339.540 43.2590 28.7890 44.7960 43.2610 28.7890 44.7910 -3.777 -3.777 -3.777
511 1368856955796 339.530 43.4340 70.4820 1.9340 43.5340 70.4500 1.9830 1.119 1.119 1.119
590 1367939713719 339.450 30.8060 61.5950 86.2750 30.8080 61.6160 86.3320 34.322 34.322 34.322
726 1367082374451 339.390 55.2530 2.0940 104.7080 55.2610 2.1090 104.7250 -0.174 -0.174 -0.174
622 1366434471621 339.340 35.4410 67.5930 69.9120 35.4090 67.5900 69.9500 7.310 7.310 7.310
636 1364281755787 339.160 2.9290 36.3030 105.9810 2.9360 36.3260 105.9910 -3.625 -3.625 -3.625
600 1364173535052 339.150 98.5240 48.2060 20.4500 98.3790 48.2340 20.4110 -1.807 -1.807 -1.807
642 1363993435839 339.140 90.3950 17.5090 98.2610 90.3980 17.5050 98.2620 31.765 31.765 31.765
677 1363778546066 339.110 24.4960 60.6580 80.2980 24.4710 60.6410 80.3240 397.933 397.933 397.933
553 1362736025318 339.020 54.9020 29.1280 82.3520 54.8130 29.1170 82.3660 -5.714 -5.714 -5.714
570 1360197798486 338.810 28.1820 105.0540 11.2700 28.1930 105.0660 11.2620 576.038 576.038 576.038
865 1359179653491 338.730 11.8130 51.8730 93.6170 11.8150 51.8720 93.6170 21.496 21.496 21.496
618 1356700930541 338.530 7.0920 29.8160 19.9960 7.1490 29.8290 19.9850 5.683 5.683 5.683
581 1356266781381 338.480 15.8270 58.9980 36.6690 15.8440 58.9820 36.6470 -62.325 -62.325 -62.325
269 1355379925755 338.420 62.5990 2.4770 106.1660 62.7450 2.4710 106.2650 -111.867 -111.867 -111.867
637 1354430446478 338.330 70.3370 98.7740 30.1760 70.3100 98.7330 30.1580 -1519.596 -1519.596 -1519.596
671 1352950467935 338.220 29.3530 75.0800 72.7170 29.3470 75.0710 72.7080 1.765 1.765 1.765
846 1352782247448 338.200 60.1030 31.0130 95.1870 60.1030 31.0140 95.1860 6.530 6.530 6.530
793 1351826424519 338.120 104.0690 69.5310 92.6630 104.0810 69.5370 92.6470 2.853 2.853 2.853
689 1351499929214 338.090 24.8590 28.1800 61.4370 24.8330 28.1630 61.4510 122.132 122.132 122.132
591 1348821567805 337.870 76.6510 89.5950 46.5530 76.6860 89.5630 46.5830 -2.464 -2.464 -2.464
806 1347702434436 337.780 5.2770 29.1810 23.5120 5.2770 29.1820 23.5080 27.666 27.666 27.666
685 1341342481127 337.250 60.7270 94.6450 58.2550 60.7490 94.6310 58.2510 45.200 45.200 45.200
730 1338396195860 336.990 90.8690 69.9920 77.8740 90.8770 69.9930 77.8790 0.117 0.117 0.117
492 1334547600900 336.670 68.6980 56.5960 106.7140 68.7790 56.6910 106.6950 -3.414 -3.414 -3.414
776 1334165584507 336.650 63.4370 53.9350 106.4300 63.4340 53.9320 106.4310 38.531 38.531 38.531
784 1333918778773 336.620 100.3500 70.9200 80.0840 100.3560 70.9380 80.0870 -62.700 -62.700 -62.700
853 1331835567615 336.440 35.9350 98.5180 104.3430 35.9330 98.5170 104.3410 -1.649 -1.649 -1.649
693 1329941774923 336.290 24.1830 27.8410 12.8710 24.1940 27.8210 12.8790 -20.565 -20.565 -20.565
487 1327943870338 336.120 2.3690 31.6270 99.7970 2.2890 31.7000 99.8850 11.985 11.985 11.985
825 1327438395782 336.080 39.1260 47.9200 61.1940 39.1650 47.9450 61.1800 672.203 672.203 672.203
467 1326552912774 335.990 75.7940 95.0500 66.9470 75.8940 95.1730 67.1110 -0.492 -0.492 -0.492
586 1324499382991 335.830 88.8970 90.3280 83.4910 88.9020 90.3320 83.5630 2.715 2.715 2.715
756 1324477933053 335.830 40.1480 95.2950 77.5830 40.1370 95.2800 77.5930 17.131 17.131 17.131
861 1324206748544 335.800 11.7780 22.9030 85.4480 11.7780 22.9030 85.4480 -900.360 -900.360 -900.360
818 1324104614352 335.800 14.0140 71.7680 105.2300 14.0150 71.7690 105.2270 10.964 10.964 10.964
449 1322724939688 335.690 64.8790 46.6750 79.7680 64.9100 46.6430 79.6910 -20.654 -20.654 -20.654
691 1321873079081 335.600 6.1020 91.1780 39.2790 6.0980 91.1840 39.2680 77.549 77.549 77.549
844 1321188576677 335.540 93.4280 40.1330 41.4690 93.4250 40.1350 41.4660 43.226 43.226 43.226
828 1320545387868 335.500 13.7960 104.6630 24.6650 13.7950 104.6610 24.6630 -41.129 -41.129 -41.129
298 1319756875846 335.420 100.2370 49.6560 18.8160 100.3160 49.6210 18.9470 2.203 2.203 2.203
178 1317773909807 335.260 107.3840 86.3560 84.9100 107.0570 86.1530 85.1480 -0.164 -0.164 -0.164
766 1314846910918 335.000 42.7420 4.7660 103.8620 42.7570 4.7690 103.8620 -3.328 -3.328 -3.328
841 1312235784408 334.790 102.5070 82.5070 107.7110 102.5050 82.5080 107.7130 25.288 25.288 25.288
301 1311903006442 334.760 72.7500 68.4130 33.4890 72.5200 68.4920 33.6000 -8.339 -8.339 -8.339
525 1311308969962 334.700 107.4410 17.9690 29.1880 107.3690 17.8940 29.1690 -14.724 -14.724 -14.724
616 1309453710079 334.550 109.6620 89.0250 82.2020 109.6640 89.0180 82.2040 66.320 66.320 66.320
812 1306954456077 334.340 55.9230 0.0400 66.6320 55.9220 0.0400 66.6340 6.658 6.658 6.658
907 1306349034248 334.280 5.5780 22.1250 33.5570 5.5780 22.1270 33.5570 -1.883 -1.883 -1.883
743 1304786922512 334.150 9.0530 80.5790 36.6020 9.0560 80.5750 36.6000 126.544 126.544 126.544
883 1304758270798 334.150 106.5520 49.7220 8.8530 106.5550 49.7220 8.8540 -0.536 -0.536 -0.536
571 1304713861886 334.140 27.2640 31.9130 39.7030 27.3170 31.8570 39.8510 624.072 624.072 624.072
661 1303807033126 334.060 79.2090 30.3640 0.8630 79.2040 30.3720 0.8540 14.099 14.099 14.099
788 1303467447924 334.030 103.3510 10.6790 41.5450 103.3500 10.6900 41.5390 16.396 16.396 16.396
770 1303448843072 334.030 7.0680 41.7160 6.9210 7.0670 41.7060 6.9390 -167.748 -167.748 -167.748
548 1300489406262 333.780 39.2220 56.9090 56.9910 39.2680 56.9100 56.9170 -7.679 -7.679 -7.679
836 1300301653212 333.770 1.4620 4.9470 47.2560 1.4640 4.9530 47.2490 -27.310 -27.310 -27.310
842 1298634126128 333.620 75.7540 2.9600 33.9400 75.7510 2.9710 33.9390 -1.460 -1.460 -1.460
789 1297223661667 333.510 0.8730 15.7180 54.9730 0.8920 15.7250 54.9680 -1.300 -1.300 -1.300
797 1297217252345 333.500 106.8150 35.1800 32.9250 106.8050 35.1800 32.9280 89.561 89.561 89.561
394 1295341395432 333.350 6.3040 79.8540 70.4260 6.2640 79.8370 70.4940 -11.793 -11.793 -11.793
472 1293461860357 333.180 110.3370 90.2860 81.7930 110.3410 90.2530 81.7860 2.158 2.158 2.158
785 1292700519973 333.110 90.1500 31.7260 28.9540 90.1750 31.7610 28.9560 -9.834 -9.834 -9.834
854 1289695745411 332.850 67.6110 87.7310 30.6020 67.6100 87.7380 30.6020 -16.271 -16.271 -16.271
849 1289296840118 332.820 40.0120 91.1200 81.6200 40.0130 91.1200 81.6220 -0.999 -0.999 -0.999
746 1288800769897 332.780 79.8770 106.0860 25.4370 79.8920 106.0830 25.4310 -32.615 -32.615 -32.615
732 1287796476403 332.700 44.3090 5.0370 96.9820 44.3140 5.0330 96.9850 -168.396 -168.396 -168.396
359 1283409419898 332.310 107.2960 39.7460 19.1510 107.4350 39.7140 19.3220 -9934.205 -9934.205 -9934.205
834 1283086065348 332.290 23.7720 50.5620 46.7450 23.7750 50.5570 46.7390 -50.178 -50.178 -50.178
760 1282430448245 332.230 95.3330 54.3740 5.1010 95.3400 54.3790 5.1010 -2.826 -2.826 -2.826
417 1282305489458 332.210 36.4580 100.7680 106.9190 36.7400 100.7370 107.0320 79.035 79.035 79.035
786 1282184766195 332.200 33.5120 43.4250 57.1900 33.5080 43.4220 57.1880 8.199 8.199 8.199
880 1281998248224 332.200 15.4820 72.3820 106.1010 15.4780 72.3770 106.1020 18.177 18.177 18.177
721 1280607609785 332.080 23.8930 14.3960 90.1280 23.8810 14.4020 90.1160 8.794 8.794 8.794
641 1280562616862 332.080 3.4140 48.6640 8.3160 3.4250 48.6840 8.2700 -10.898 -10.898 -10.898
830 1280303938231 332.040 62.8430 48.0120 55.5820 62.8470 48.0120 55.5920 180.475 180.475 180.475
851 1279583006862 331.990 80.0610 36.8530 1.7550 80.0610 36.8540 1.7550 2.774 2.774 2.774
799 1276514114123 331.720 47.1500 77.9160 71.6980 47.1480 77.9080 71.6880 -745.317 -745.317 -745.317
820 1276197751376 331.700 57.1730 48.3060 78.8920 57.1740 48.3070 78.8930 -0.362 -0.362 -0.362
898 1275811775932 331.650 33.6750 12.6930 5.3410 33.6750 12.6950 5.3440 42.066 42.066 42.066
396 1275397560162 331.620 98.7720 37.4720 16.6310 98.7310 37.6280 16.7530 10.176 10.176 10.176
859 1274123193946 331.510 59.8610 9.4300 89.5320 59.8550 9.4310 89.5270 -134.795 -134.795 -134.795
838 1271400284894 331.280 19.7030 96.5510 106.7900 19.6970 96.5430 106.7940 12.379 12.379 12.379
953 1270809588738 331.220 45.6410 49.2480 9.5160 45.6420 49.2500 9.5150 13.259 13.259 13.259
826 1267726591527 330.950 18.7240 72.6380 63.1440 18.7190 72.6360 63.1420 -421.637 -421.637 -421.637
406 1267716152240 330.950 51.1840 22.3110 14.5670 50.9710 22.2940 14.6690 13.669 13.669 13.669
448 1265311841279 330.750 26.0140 20.5370 8.3230 26.0130 20.6220 8.3310 61.193 61.193 61.193
903 1265306631567 330.750 28.4860 64.2910 79.8310 28.4860 64.2950 79.8340 -0.811 -0.811 -0.811
619 1262285491436 330.480 45.4540 2.7550 0.8300 45.5250 2.7660 0.7990 -6.304 -6.304 -6.304
438 1261277278915 330.390 15.5210 42.3210 109.6780 15.5530 42.4080 109.5680 -19.416 -19.416 -19.416
562 1256138977238 329.960 12.9990 58.0530 36.2100 13.0720 57.9060 36.2510 0.950 0.950 0.950
364 1256038300548 329.930 70.5330 48.4790 39.8250 70.2960 48.3230 39.9530 71.884 71.884 71.884
804 1255984517678 329.930 88.6480 14.2440 31.4350 88.6460 14.2430 31.4390 78.487 78.487 78.487
781 1253489596604 329.720 84.1030 23.0180 74.2820 84.1220 23.0160 74.2960 -27.630 -27.630 -27.630
791 1251534741783 329.550 53.2920 65.2470 61.2750 53.3030 65.2560 61.2740 -6.142 -6.142 -6.142
819 1247700270368 329.210 46.9590 102.6310 108.3420 46.9540 102.6320 108.3450 1.937 1.937 1.937
415 1247323256129 329.180 25.1230 78.8330 97.3260 25.3660 79.0140 97.2380 26.135 26.135 26.135
1016 1246267469617 329.080 63.7310 63.4510 104.7970 63.7300 63.4510 104.7920 -5.672 -5.672 -5.672
462 1245695288826 329.030 37.1960 74.3240 70.8050 37.1310 74.3860 70.9130 -14.112 -14.112 -14.112
867 1244739960097 328.950 31.3030 75.6890 74.7370 31.3040 75.6910 74.7380 51.586 51.586 51.586
877 1240737616796 328.590 58.5900 88.0960 57.8690 58.5780 88.0950 57.8720 -37.913 -37.913 -37.913
779 1239692168591 328.500 38.7170 54.5990 67.2720 38.7070 54.5870 67.2490 -161.430 -161.430 -161.430
986 1239470324237 328.480 97.1470 34.2130 11.8330 97.1500 34.2140 11.8350 1.574 1.574 1.574
829 1238487473612 328.400 83.3930 18.4790 63.2030 83.4070 18.4880 63.2090 225.560 225.560 225.560
435 1236202388234 328.200 89.4020 62.7520 93.7880 89.3940 62.6940 93.9620 471.853 471.853 471.853
914 1235475768537 328.120 2.7580 67.9200 58.9950 2.7560 67.9230 58.9940 -71.860 -71.860 -71.860
523 1235108211542 328.100 36.6390 38.1440 60.9730 36.6300 38.1240 60.9130 28.741 28.741 28.741
958 1234874645903 328.070 13.9490 20.4330 28.4110 13.9490 20.4330 28.4130 -1.955 -1.955 -1.955
290 1234812956694 328.080 31.3290 94.2720 1.1370 31.2450 94.3600 0.9890 -2.965 -2.965 -2.965
966 1233819913600 327.980 54.7670 19.3610 13.0280 54.7670 19.3620 13.0260 -14.941 -14.941 -14.941
757 1230033977401 327.640 50.8440 48.5760 106.5140 50.7900 48.5190 106.5200 1.225 1.225 1.225
715 1229053548978 327.560 36.7800 95.5760 84.1690 36.7950 95.6070 84.1500 -243.685 -243.685 -243.685
900 1228129186596 327.470 26.8320 100.9400 7.5510 26.8320 100.9410 7.5520 1.885 1.885 1.885
941 1227618573233 327.430 91.5050 6.5790 65.6520 91.5080 6.5780 65.6500 7.374 7.374 7.374
925 1226937748857 327.370 72.9320 9.7550 67.6800 72.9310 9.7510 67.6790 -12.492 -12.492 -12.492
901 1222088608930 326.940 16.8520 45.8600 104.6130 16.8510 45.8550 104.6180 6.898 6.898 6.898
696 1221682110507 326.900 89.9290 16.1260 10.4320 89.9540 16.1580 10.4110 4.651 4.651 4.651
933 1221595931436 326.900 4.5530 33.1800 15.2960 4.5520 33.1760 15.2970 -74.511 -74.511 -74.511
445 1219069933998 326.670 75.6310 99.3580 35.7350 75.6190 99.2970 35.6880 49.569 49.569 49.569
996 1218665108686 326.630 95.3270 101.4330 61.7680 95.3260 101.4320 61.7670 441.528 441.528 441.528
773 1218627978551 326.630 96.6660 86.5830 79.4480 96.6210 86.5440 79.4710 17.995 17.995 17.995
741 1216099105392 326.400 78.7270 63.8130 39.9460 78.6670 63.8160 39.9570 -33.278 -33.278 -33.278
1040 1214417550602 326.250 63.9970 91.8810 59.2910 63.9970 91.8810 59.2900 6.644 6.644 6.644
647 1213908639591 326.200 48.8260 50.5560 14.1620 48.9140 50.5610 14.2230 87.898 87.898 87.898
815 1213063259257 326.130 89.5300 26.5780 36.0900 89.5190 26.5970 36.1290 -5.138 -5.138 -5.138
930 1212213476547 326.050 99.7940 7.6930 63.5970 99.7890 7.6870 63.6030 116.550 116.550 116.550
827 1211258224100 325.960 46.9730 48.3470 8.3050 46.9610 48.3440 8.3020 -0.845 -0.845 -0.845
968 1210724382583 325.930 13.6720 78.8390 76.7670 13.6720 78.8410 76.7660 30.559 30.559 30.559
460 1208745971665 325.750 108.3270 50.8720 110.5520 108.3480 50.9300 110.3730 3.181 3.181 3.181
848 1207180614428 325.610 81.8070 69.8730 33.4480 81.7960 69.8820 33.4480 -17.432 -17.432 -17.432
833 1206901974140 325.580 29.5930 10.4350 41.6150 29.5810 10.4340 41.6280 -10.931 -10.931 -10.931
957 1203398461939 325.270 5.5620 16.9320 14.9160 5.5680 16.9310 14.9110 3.744 3.744 3.744
961 1203182121603 325.250 67.1680 100.5120 75.7980 67.1670 100.5100 75.7940 0.711 0.711 0.711
524 1202949310196 325.220 29.1170 31.9410 77.6590 29.1100 31.8860 77.6400 -62.902 -62.902 -62.902
822 1202236956084 325.160 52.8990 109.6630 48.3120 52.9200 109.6400 48.3100 -5.127 -5.127 -5.127
1004 1201440266645 325.090 30.2470 106.2840 0.5610 30.2490 106.2850 0.5610 134.368 134.368 134.368
587 1199900509022 324.950 92.0700 72.6290 38.5340 91.9650 72.6360 38.5030 7.253 7.253 7.253
977 1198631826257 324.830 11.8890 15.2790 94.8680 11.8880 15.2760 94.8670 1.882 1.882 1.882
873 1197837525839 324.760 89.3930 103.2530 56.7900 89.3900 103.2560 56.7900 28.646 28.646 28.646
922 1197073652569 324.700 8.3940 75.8200 106.1240 8.4030 75.8130 106.1130 -1.527 -1.527 -1.527
1018 1196724747018 324.660 41.1180 75.1510 73.9740 41.1180 75.1510 73.9750 6.982 6.982 6.982
983 1196352955895 324.620 97.8370 36.2970 30.6780 97.8370 36.2920 30.6770 81.091 81.091 81.091
871 1195746908224 324.570 34.0530 86.8380 88.1720 34.0540 86.8310 88.1970 38.103 38.103 38.103
790 1195402654998 324.530 69.4820 27.7570 85.2420 69.4830 27.7570 85.2520 14.898 14.898 14.898
809 1193496782287 324.360 77.1590 101.7810 10.9520 77.1610 101.7840 10.9560 48.350 48.350 48.350
713 1193263552188 324.340 28.1150 104.6910 6.8430 28.1550 104.7330 6.8320 35.989 35.989 35.989
1087 1192329778346 324.260 79.1960 25.6540 81.3310 79.1960 25.6540 81.3300 3.009 3.009 3.009
919 1189771871304 324.030 91.6890 43.9410 17.2310 91.6980 43.9500 17.2340 72.559 72.559 72.559
993 1189375795796 323.990 95.6320 92.0480 87.1700 95.6370 92.0460 87.1840 -8.491 -8.491 -8.491
768 1188264680662 323.890 76.5890 68.3850 31.6690 76.5760 68.4070 31.6160 131.024 131.024 131.024
199 1186461372716 323.720 20.6050 88.5450 108.6260 20.7120 88.3860 108.9010 116.499 116.499 116.499
894 1185906558705 323.680 37.1590 92.7860 4.2180 37.1590 92.7880 4.2210 52.000 52.000 52.000
989 1184854622805 323.580 90.5040 76.0100 87.0840 90.5030 76.0130 87.0690 -2.767 -2.767 -2.767
1039 1184247248534 323.520 6.2890 40.8580 9.2300 6.2900 40.8590 9.2320 9.479 9.479 9.479
731 1183884858219 323.490 76.5690 38.2300 0.7370 76.5950 38.2510 0.7800 -8987.749 -8987.749 -8987.749
368 1183056165219 323.410 64.7460 50.2290 84.7770 64.8050 50.0120 84.7640 200.698 200.698 200.698
719 1182846728695 323.400 47.4360 31.0040 56.9770 47.4640 31.0170 57.0080 11.828 11.828 11.828
1043 1182271212800 323.340 5.6020 79.5350 71.4890 5.6030 79.5370 71.4870 2.061 2.061 2.061
540 1182043096496 323.320 73.8650 105.0670 62.9070 73.7950 105.0940 62.9410 4.574 4.574 4.574
288 1181763446391 323.300 62.2290 31.6280 69.0940 62.4030 31.5840 69.2630 4.321 4.321 4.321
940 1180594304702 323.190 105.0230 51.6480 16.1470 105.0220 51.6540 16.1360 2.564 2.564 2.564
801 1180193185614 323.160 69.5010 87.5950 61.2740 69.4840 87.6120 61.2810 -134.305 -134.305 -134.305
209 1178987733292 323.040 61.8640 32.8980 67.9890 61.6810 32.8000 68.0760 -6.930 -6.930 -6.930
869 1178621129076 323.010 14.0130 35.0400 46.9390 14.0300 35.0460 46.9200 25.789 25.789 25.789
857 1177921888146 322.950 46.5310 68.9170 1.4860 46.5220 68.9180 1.4880 2.054 2.054 2.054
843 1177451540959 322.910 48.7330 31.4740 70.9690 48.7470 31.4540 70.9730 21.463 21.463 21.463
792 1177383024950 322.890 67.7310 88.5540 77.8220 67.7100 88.5790 77.8390 14.459 14.459 14.459
943 1177261515797 322.900 110.2110 76.3510 89.9660 110.2140 76.3510 89.9670 -18.338 -18.338 -18.338
436 1176946813699 322.860 53.2120 8.9350 103.3190 53.0570 8.7320 103.3840 -294.611 -294.611 -294.611
872 1175525886914 322.740 62.1100 6.2390 53.0180 62.0870 6.2270 53.0140 17.975 17.975 17.975
934 1175259714673 322.700 19.3900 78.8660 70.9780 19.3920 78.8700 70.9740 -22.459 -22.459 -22.459
904 1175071978511 322.690 77.5230 72.9950 37.7410 77.5310 72.9860 37.7390 5.255 5.255 5.255
244 1173539277689 322.550 3.4290 23.2900 34.3460 3.6000 23.3480 34.3100 -14.126 -14.126 -14.126
771 1173034295548 322.500 61.9980 30.0320 73.7040 62.0120 30.0250 73.6970 -42.462 -42.462 -42.462
860 1172570084137 322.460 89.2560 16.4690 97.7410 89.2750 16.4770 97.7450 -140.941 -140.941 -140.941
963 1170722465869 322.290 30.8820 10.1140 10.6540 30.8790 10.1170 10.6430 -1.221 -1.221 -1.221
614 1169566494473 322.180 32.8940 74.5720 42.1360 32.9420 74.6030 42.1600 -150.569 -150.569 -150.569
305 1166780035701 321.920 14.0590 69.3540 101.3460 13.8080 69.8760 101.4090 -515.613 -515.613 -515.613
912 1166095821740 321.870 58.2830 98.7760 57.7200 58.2820 98.7760 57.7160 -3.692 -3.692 -3.692
955 1165755945155 321.830 96.7110 4.3700 77.7700 96.7120 4.3720 77.7710 -21.595 -21.595 -21.595
886 1165256551189 321.790 104.8870 64.2550 14.9490 104.8800 64.2520 14.9500 269.378 269.378 269.378
881 1164815880234 321.750 10.4810 0.8200 11.4400 10.4650 0.8300 11.4640 0.070 0.070 0.070
223 1163396186753 321.620 25.3760 71.4790 68.4200 25.3930 71.5350 68.5530 21.995 21.995 21.995
874 1162820878231 321.570 68.0210 93.7280 26.4750 68.0150 93.7280 26.4740 -2.870 -2.870 -2.870
858 1162351775103 321.520 108.3710 85.4780 89.7140 108.3570 85.4990 89.7040 -46893.493 -46893.493 -46893.493
946 1162350179837 321.530 57.0520 54.5920 24.9520 57.0690 54.5850 24.9640 -27.840 -27.840 -27.840
951 1160125003772 321.320 25.2800 87.3190 52.2680 25.2690 87.3300 52.2660 0.165 0.165 0.165
945 1158778138943 321.190 60.8750 2.1690 108.8900 60.8730 2.1750 108.9010 10.530 10.530 10.530
1006 1157084369835 321.040 52.6790 109.6670 97.8900 52.6800 109.6630 97.8820 -9.015 -9.015 -9.015
949 1156255711002 320.950 88.6390 100.6360 45.5570 88.6420 100.6370 45.5580 11.070 11.070 11.070
335 1156122419048 320.950 72.0520 90.7320 48.8970 72.2140 90.7320 48.6780 -19.149 -19.149 -19.149
705 1154921897634 320.830 10.7080 70.8450 54.0930 10.7290 70.8160 54.0600 5.887 5.887 5.887
508 1154759280915 320.820 39.6400 11.3450 106.7740 39.6330 11.3590 106.5740 -9.977 -9.977 -9.977
1053 1152630261114 320.630 26.1130 70.1120 107.4420 26.1120 70.1140 107.4430 35.245 35.245 35.245
1032 1152016321504 320.570 105.7520 96.2370 86.2070 105.7540 96.2420 86.2070 35.740 35.740 35.740
928 1151735555541 320.550 70.8470 98.7020 75.5320 70.8470 98.7040 75.5360 -1.894 -1.894 -1.894
1001 1149381146409 320.320 109.8490 26.4110 35.5480 109.8520 26.4050 35.5460 -16.996 -16.996 -16.996
965 1148082994981 320.200 17.4720 66.9070 36.2430 17.4720 66.9140 36.2470 112.065 112.065 112.065
935 1147436516421 320.150 61.1250 98.2690 62.3070 61.1240 98.2700 62.3080 32.741 32.741 32.741
584 1144290299697 319.850 86.9640 13.4990 40.5650 87.0110 13.5540 40.5310 -12.901 -12.901 -12.901
921 1143388572296 319.760 16.0390 24.4140 88.3750 16.0220 24.4100 88.3680 0.980 0.980 0.980
845 1142467485197 319.680 8.1230 66.0650 96.7000 8.1300 66.0620 96.7240 37.701 37.701 37.701
200 1140300403955 319.480 20.2710 3.9060 21.4020 20.1910 3.8920 20.8800 10.084 10.084 10.084
327 1139952713390 319.440 11.8910 11.4420 62.4110 11.9610 11.5390 62.2650 8.957 8.957 8.957
1005 1139825055262 319.440 20.8630 9.4730 28.6480 20.8580 9.4560 28.6330 -14.182 -14.182 -14.182
1097 1139091298409 319.360 63.9540 57.0700 85.5660 63.9550 57.0690 85.5650 -6.548 -6.548 -6.548
675 1138169299267 319.270 106.7900 60.2100 82.7500 106.7840 60.2630 82.7200 -1466.938 -1466.938 -1466.938
1009 1137950317029 319.250 1.6380 3.2030 68.7060 1.6480 3.2160 68.6940 -38.644 -38.644 -38.644
805 1137746367198 319.240 31.6710 86.2910 83.0250 31.6800 86.2880 83.0370 -87.645 -87.645 -87.645
814 1137705456703 319.240 11.4210 110.0790 10.9070 11.4280 110.0720 10.9240 -26.592 -26.592 -26.592
1063 1136435153274 319.110 19.8510 24.5230 0.8960 19.8540 24.5140 0.8920 -42.965 -42.965 -42.965
967 1135543979631 319.030 41.1740 45.2460 52.9500 41.1780 45.2450 52.9490 318.122 318.122 318.122
971 1134218803211 318.900 8.4550 18.5270 89.1580 8.4540 18.5230 89.1610 -13.534 -13.534 -13.534
937 1133517279748 318.840 32.2820 23.3020 64.4140 32.2660 23.3210 64.4210 -69.848 -69.848 -69.848
879 1133436697708 318.840 90.7060 81.5300 87.3510 90.7260 81.5410 87.3840 -2.190 -2.190 -2.190
992 1132987845482 318.790 10.8220 11.5370 60.8240 10.8210 11.5380 60.8250 -4.160 -4.160 -4.160
952 1131357548679 318.630 51.7170 105.2560 54.3730 51.7190 105.2660 54.3700 4.820 4.820 4.820
991 1130758664386 318.580 67.2360 56.5270 106.5130 67.2380 56.5260 106.5100 -2.283 -2.283 -2.283
911 1129554405446 318.470 72.9140 85.7630 43.8110 72.9110 85.7630 43.8130 109.876 109.876 109.876
1067 1129005748714 318.420 7.2810 0.6110 31.8800 7.2800 0.6130 31.8800 25.934 25.934 25.934
1019 1126985149920 318.230 10.1430 20.7110 97.9020 10.1440 20.7160 97.8950 -0.564 -0.564 -0.564
1021 1125666562803 318.110 22.6730 68.4860 65.8110 22.6760 68.4870 65.8090 -419.731 -419.731 -419.731
947 1124794639711 318.020 22.2260 102.5760 110.1940 22.2180 102.5700 110.2010 42.280 42.280 42.280
750 1124339025344 317.970 18.2180 78.2300 107.5290 18.1950 78.1920 107.4490 71.516 71.516 71.516
899 1124318965269 317.980 4.9400 74.3190 70.2730 4.9100 74.3160 70.2200 6.997 6.997 6.997
980 1124309398282 317.970 104.1210 99.9220 89.0680 104.1200 99.9240 89.0640 106.566 106.566 106.566
720 1123853363497 317.930 62.9620 52.9490 86.4780 62.8810 52.9390 86.5100 -2.626 -2.626 -2.626
902 1121207205999 317.690 8.7900 74.3720 65.3180 8.7850 74.3790 65.3180 -17.998 -17.998 -17.998
1050 1120464827863 317.610 23.1120 18.4660 107.2980 23.1140 18.4670 107.3070 89.293 89.293 89.293
1037 1120210815513 317.600 7.5880 19.8430 33.2210 7.5780 19.8400 33.2220 -125.154 -125.154 -125.154
954 1120168998178 317.590 30.7970 5.3290 9.0970 30.7990 5.3220 9.0980 -12.673 -12.673 -12.673
1042 1118312468952 317.400 23.5910 73.2410 106.5370 23.5940 73.2400 106.5360 23.949 23.949 23.949
981 1118024879669 317.370 2.3010 102.0250 107.9510 2.2950 102.0190 107.9540 -10.527 -10.527 -10.527
631 1117139250375 317.290 103.5100 26.2220 18.3060 103.4970 26.1320 18.2220 -6.503 -6.503 -6.503
803 1117108586493 317.290 55.1950 76.9650 83.1360 55.1680 76.9530 83.1330 -180.735 -180.735 -180.735
920 1115565747599 317.140 43.2100 107.9600 37.9870 43.2010 107.9570 37.9510 -9.700 -9.700 -9.700
1026 1114779674520 317.070 13.5340 52.6800 88.9490 13.5320 52.6790 88.9580 174.649 174.649 174.649
1075 1114069073894 317.000 66.9570 48.2130 0.6490 66.9550 48.2140 0.6480 -4.924 -4.924 -4.924
889 1112785758140 316.880 103.3750 104.9300 94.4610 103.3720 104.9290 94.4590 -120.585 -120.585 -120.585
758 1110965861251 316.720 62.1610 72.5040 78.0820 62.1470 72.4250 78.1070 -12.689 -12.689 -12.689
896 1109275599036 316.560 3.0070 82.8100 62.6000 3.0070 82.8130 62.6210 -6.661 -6.661 -6.661
650 1108671361850 316.490 7.7410 47.5750 83.8360 7.7010 47.5880 83.9120 125.236 125.236 125.236
1141 1108605630963 316.490 19.7820 14.1600 65.0800 19.7810 14.1600 65.0800 41.742 41.742 41.742
733 1106945697722 316.330 49.2560 89.5900 7.0120 49.2560 89.5300 7.0070 152.135 152.135 152.135
1100 1106544694964 316.300 64.1910 40.8860 2.2520 64.1930 40.8840 2.2530 6.212 6.212 6.212
783 1105042531299 316.140 76.2830 26.3100 4.1340 76.2730 26.3450 4.1160 -36.012 -36.012 -36.012
895 1103451840237 316.000 49.6420 56.3300 78.0950 49.6570 56.3120 78.0900 94.837 94.837 94.837
1164 1102849867167 315.940 77.2120 5.0800 47.5500 77.2110 5.0770 47.5500 -51.379 -51.379 -51.379
403 1101320977258 315.790 17.6450 66.3110 34.3790 17.4240 66.3730 34.1940 -428.540 -428.540 -428.540
700 1101061029012 315.760 1.5260 45.4210 25.8870 1.5080 45.2980 25.9330 18.150 18.150 18.150
1024 1100428643864 315.700 37.1570 72.4900 69.5140 37.1450 72.4640 69.5080 -105.853 -105.853 -105.853
1153 1098006406938 315.470 16.9340 23.8020 87.9280 16.9410 23.7970 87.9350 18.762 18.762 18.762
1061 1097478195141 315.430 94.7510 3.7960 57.5340 94.7530 3.7910 57.5380 2.758 2.758 2.758
794 1096651886583 315.350 93.3650 29.6710 32.7630 93.3780 29.6910 32.7600 5.207 5.207 5.207
891 1096410194590 315.310 93.8600 54.6850 5.8390 93.7820 54.6920 5.8360 12.717 12.717 12.717
1022 1096349704682 315.320 10.4730 46.6700 89.8110 10.4760 46.6700 89.8090 125.737 125.737 125.737
1104 1096108079287 315.290 90.1270 90.0510 59.0810 90.1240 90.0520 59.0850 -21097.057 -21097.057 -21097.057
386 1095687543447 315.260 49.0490 3.8250 98.1630 48.7700 3.9560 98.0430 30.994 30.994 30.994
910 1094689492470 315.160 37.3220 94.3600 77.6410 37.2890 94.3230 77.6520 -249.549 -249.549 -249.549
882 1093117004978 315.010 80.2260 34.1130 23.2060 80.2550 34.0810 23.1640 -3.803 -3.803 -3.803
917 1093073798751 315.000 91.3590 25.6390 57.1910 91.3520 25.6430 57.1880 168.872 168.872 168.872
1048 1092977791026 314.990 57.1520 38.6600 73.4710 57.1550 38.6610 73.4690 74.009 74.009 74.009
866 1092043356536 314.900 110.5340 47.0630 12.4810 110.5290 47.0940 12.4550 -235.383 -235.383 -235.383
978 1091947139590 314.890 108.4160 57.0700 83.6300 108.4310 57.0610 83.6340 48.209 48.209 48.209
1096 1090731819667 314.780 101.8760 24.2790 46.4820 101.8790 24.2750 46.4760 -12.162 -12.162 -12.162
976 1089008072249 314.610 25.2750 67.3080 66.4780 25.2780 67.3050 66.4750 -38.488 -38.488 -38.488
924 1087790051705 314.490 23.2060 22.1980 108.7640 23.2020 22.1960 108.7550 -15.076 -15.076 -15.076
932 1086175298636 314.350 1.1720 60.7510 82.2010 1.1610 60.7430 82.1970 122.457 122.457 122.457
887 1086114180887 314.330 103.0620 67.7050 85.7480 103.0700 67.7170 85.7190 -86.738 -86.738 -86.738
990 1085516898721 314.270 10.8400 69.0400 37.6680 10.8400 69.0390 37.6690 2.608 2.608 2.608
795 1085298513793 314.260 45.6590 2.3580 52.1370 45.5910 2.3720 52.1030 -3.818 -3.818 -3.818
1012 1084122731886 314.140 66.1080 86.2610 78.3950 66.0910 86.2430 78.4010 -28.048 -28.048 -28.048
625 1084089998542 314.140 33.3170 98.6630 106.5400 33.3130 98.6360 106.4420 -1.424 -1.424 -1.424
762 1084079881163 314.140 24.5640 100.1530 109.6730 24.5840 100.1490 109.6620 -1.006 -1.006 -1.006
1028 1083199733217 314.050 61.4470 40.0890 1.5210 61.4440 40.0880 1.5230 11.808 11.808 11.808
653 1082587115595 313.990 42.8480 29.5370 43.5220 42.8990 29.5830 43.5230 1.703 1.703 1.703
1047 1081922872310 313.930 51.2480 31.2760 27.1080 51.2440 31.2840 27.1130 5425.143 5425.143 5425.143
905 1081454938560 313.880 72.3410 22.7870 57.7610 72.3400 22.7680 57.7660 3.854 3.854 3.854
839 1079996617635 313.750 83.7470 24.3670 77.7130 83.7400 24.3880 77.7560 40.252 40.252 40.252
897 1079627603222 313.710 38.8120 61.9630 16.2300 38.8230 61.9440 16.2220 -47.624 -47.624 -47.624
1086 1079571595190 313.690 7.9180 47.4800 57.5180 7.9230 47.4830 57.5200 -98.723 -98.723 -98.723
939 1079230571965 313.670 49.2910 52.7870 80.8880 49.2940 52.8010 80.8890 9.793 9.793 9.793
1041 1079122746903 313.660 1.4080 33.6340 31.8830 1.4130 33.6400 31.8870 20.009 20.009 20.009
1011 1078614277770 313.600 93.8400 93.6440 75.7680 93.8590 93.6490 75.7690 18.002 18.002 18.002
1068 1077555169537 313.500 24.5190 67.9940 74.1570 24.5170 67.9930 74.1590 24.207 24.207 24.207
1010 1075577642535 313.310 16.6430 31.9320 37.1430 16.6620 31.9250 37.1430 16.060 16.060 16.060
617 1075339709603 313.290 49.4220 108.1290 0.9340 49.3690 108.0990 0.9510 28.978 28.978 28.978
1052 1074617672364 313.220 87.4690 5.1670 58.6760 87.4740 5.1640 58.6760 -97.956 -97.956 -97.956
1123 1072286097491 313.000 25.7690 25.8380 11.7230 25.7690 25.8410 11.7230 10.613 10.613 10.613
855 1072262551245 313.000 91.0390 59.0080 0.3810 91.0130 59.0010 0.3800 1.802 1.802 1.802
1105 1071672298121 312.930 92.9010 7.0660 48.9340 92.9000 7.0660 48.9320 6126.077 6126.077 6126.077
973 1071489050348 312.910 48.9430 93.2620 75.7550 48.9380 93.2530 75.7570 -26.467 -26.467 -26.467
1045 1069128753766 312.690 77.4850 105.4140 61.7300 77.5010 105.4190 61.7340 7.032 7.032 7.032
988 1068873470001 312.660 33.2390 47.3690 52.2490 33.3050 47.3410 52.2020 -6.595 -6.595 -6.595
1033 1067669470471 312.540 47.1130 33.3500 67.1740 47.1230 33.3530 67.1800 22.721 22.721 22.721
942 1067614375843 312.540 78.4090 62.0650 95.6100 78.3620 62.0450 95.6370 -23.079 -23.079 -23.079
1110 1066587147602 312.430 63.1630 43.0980 66.2540 63.1660 43.0990 66.2500 -126.341 -126.341 -126.341
835 1066291786594 312.410 98.6700 90.6870 76.7740 98.6640 90.6740 76.7780 -153.174 -153.174 -153.174
1014 1066252567400 312.410 42.4240 14.7810 76.6840 42.4380 14.7710 76.7020 16.033 16.033 16.033
535 1066234129024 312.400 17.6030 48.4800 101.1990 17.5970 48.4610 101.3270 -3.803 -3.803 -3.803
811 1065549208382 312.330 55.9230 84.1510 70.9220 55.9010 84.1160 70.9120 -39.169 -39.169 -39.169
1060 1064769736330 312.260 25.5500 72.9830 53.7450 25.5510 72.9850 53.7490 11.866 11.866 11.866
1115 1063478402536 312.130 24.9540 78.9240 98.3600 24.9550 78.9140 98.3650 -42.744 -42.744 -42.744
1154 1063434616384 312.120 94.8620 36.0530 46.1550 94.8600 36.0560 46.1480 3.436 3.436 3.436
1114 1062916617117 312.080 86.0620 27.6040 35.3850 86.0500 27.6080 35.3860 40.870 40.870 40.870
1094 1062574729996 312.050 66.0210 2.0730 108.9240 66.0260 2.0740 108.9210 -3.192 -3.192 -3.192
1000 1058723863405 311.660 29.9450 88.5710 8.8750 29.9370 88.5850 8.8870 -54.950 -54.950 -54.950
1091 1057133686008 311.520 69.2670 13.3360 7.9790 69.2660 13.3390 7.9700 10.133 10.133 10.133
1058 1056916659534 311.480 104.0880 33.8950 45.6960 104.0890 33.8930 45.6950 69.795 69.795 69.795
1029 1056890839832 311.490 50.8880 2.5750 100.5480 50.8900 2.5880 100.5410 -110.271 -110.271 -110.271
1084 1054984826976 311.300 16.3650 23.7300 85.8200 16.3660 23.7330 85.8210 -153.718 -153.718 -153.718
868 1054885215370 311.290 20.5010 81.6430 75.4180 20.4760 81.6270 75.4030 -69.579 -69.579 -69.579
979 1054754055132 311.280 54.4470 30.0480 23.4440 54.4370 30.0490 23.4470 204.835 204.835 204.835
1121 1053132549103 311.120 52.2050 59.6400 1.1170 52.2040 59.6410 1.1170 29.067 29.067 29.067
1027 1050429425599 310.850 52.8890 62.2200 80.9540 52.8940 62.2210 80.9570 -4.001 -4.001 -4.001
831 1049693860296 310.770 98.0800 35.6630 31.5330 98.0740 35.6640 31.5130 -19.927 -19.927 -19.927
1064 1047989515965 310.610 109.8130 3.5560 69.7560 109.8150 3.5560 69.7600 3.368 3.368 3.368
964 1047468689268 310.560 30.1640 5.9820 13.8190 30.1780 5.9580 13.8510 -2.104 -2.104 -2.104
1131 1046613668829 310.470 3.6510 36.6470 45.4180 3.6660 36.6340 45.4440 -2.133 -2.133 -2.133
1057 1045360422934 310.350 35.3020 93.2030 6.5050 35.2970 93.2040 6.5060 -8.535 -8.535 -8.535
1130 1045068932040 310.330 78.5700 64.0730 33.1950 78.5740 64.0700 33.1960 -16.815 -16.815 -16.815
1125 1043081733177 310.130 32.8800 98.2900 105.7910 32.8850 98.2900 105.7920 -6.468 -6.468 -6.468
1002 1042402528868 310.060 2.5190 78.8930 14.3070 2.5250 78.8840 14.3250 11.836 11.836 11.836
1187 1040098881704 309.820 110.0590 1.1300 70.9750 110.0560 1.1290 70.9760 1.412 1.412 1.412
1173 1040015805611 309.820 21.3910 13.5420 76.0960 21.3920 13.5420 76.0970 -121.418 -121.418 -121.418
1161 1039837400007 309.810 67.2320 11.7270 9.7390 67.2320 11.7280 9.7390 -509.518 -509.518 -509.518
890 1039527189875 309.770 51.2390 7.5750 49.7630 51.2150 7.6080 49.7770 -3.443 -3.443 -3.443
1089 1039133781397 309.730 74.1810 68.1370 32.4350 74.1760 68.1390 32.4370 5.599 5.599 5.599
772 1037531732221 309.580 43.6290 84.9890 65.9150 43.6580 85.0060 65.9230 -237.284 -237.284 -237.284
969 1037353752738 309.550 7.6000 11.4300 59.9780 7.5450 11.4470 59.9890 -198.316 -198.316 -198.316
680 1036732345516 309.500 35.2950 56.8890 68.7960 35.3250 56.9220 68.8420 138.531 138.531 138.531
1201 1035826379209 309.410 28.8280 97.5900 13.4660 28.8320 97.5910 13.4650 -42.876 -42.876 -42.876
1144 1035179745169 309.340 35.7230 74.8640 42.8340 35.7240 74.8650 42.8340 17.591 17.591 17.591
1082 1033710049736 309.190 52.7750 108.0490 53.6940 52.7760 108.0500 53.6900 -109.463 -109.463 -109.463
1155 1032058286495 309.030 44.5620 31.2280 43.5030 44.5580 31.2220 43.5030 4.613 4.613 4.613
402 1031858020466 309.010 45.2070 101.9160 80.3860 45.1300 101.9050 80.0440 -168.878 -168.878 -168.878
1088 1031368707777 308.950 101.0220 71.4030 80.5500 101.0180 71.4050 80.5450 -80.309 -80.309 -80.309
1074 1029454183614 308.770 5.0770 1.8000 54.7350 5.0490 1.8070 54.7270 10.990 10.990 10.990
1197 1028604268288 308.680 5.1450 45.3170 70.1160 5.1520 45.3190 70.1180 81.750 81.750 81.750
1095 1027168437476 308.540 80.2290 9.8180 53.3190 80.2290 9.8190 53.3180 -19.100 -19.100 -19.100
717 1025337134554 308.350 45.6490 59.7180 84.9290 45.7330 59.7800 84.9110 -48.702 -48.702 -48.702
960 1022639948698 308.080 10.5040 74.8680 66.3680 10.5120 74.8380 66.3610 9.071 9.071 9.071
1122 1022036052151 308.020 10.0630 36.6980 35.0790 10.0660 36.7040 35.0830 26.901 26.901 26.901
1169 1018963736267 307.710 110.3390 56.9660 106.2250 110.3430 56.9820 106.2280 90.513 90.513 90.513
722 1018889340144 307.710 35.0690 1.6160 38.1800 35.0600 1.6130 38.1330 -27.867 -27.867 -27.867
1080 1017557283172 307.580 4.6810 40.8030 26.4440 4.6770 40.7990 26.4450 -200.442 -200.442 -200.442
1071 1016575986126 307.470 52.1000 30.1800 63.3830 52.1110 30.1750 63.3930 4.785 4.785 4.785
929 1016004395011 307.410 41.0260 9.2310 48.0880 41.0200 9.2060 48.0540 2.346 2.346 2.346
738 1015406646683 307.360 85.8460 99.5820 39.4710 85.8460 99.5610 39.5170 34.177 34.177 34.177
1107 1015057472457 307.320 88.7050 0.9020 50.1770 88.6970 0.9020 50.1780 924.711 924.711 924.711
927 1014417677944 307.260 108.0650 4.7230 69.3480 108.0170 4.6980 69.3180 0.224 0.224 0.224
382 1012696944107 307.090 107.2650 85.2650 86.2880 107.3160 85.1210 86.4780 26.005 26.005 26.005
974 1012445408237 307.060 9.4280 73.4860 33.2440 9.4150 73.5130 33.2540 -87.461 -87.461 -87.461
837 1012072805317 307.010 102.3030 95.5000 80.7970 102.2770 95.5970 80.7300 -0.051 -0.051 -0.051
1151 1010441748307 306.860 78.0780 73.9490 34.9550 78.0760 73.9490 34.9550 2.391 2.391 2.391
862 1010261483195 306.830 18.5040 74.9680 67.4810 18.5310 74.9680 67.4670 -16.218 -16.218 -16.218
1194 1007094075921 306.510 78.3410 19.2780 91.2100 78.3400 19.2790 91.2090 82.690 82.690 82.690
1025 1006295490409 306.440 9.8720 76.3090 59.0660 9.8760 76.3230 59.0660 158.283 158.283 158.283
1101 1006276155365 306.420 91.0270 92.8250 84.4020 91.0300 92.8240 84.4020 4.012 4.012 4.012
1140 1006199095092 306.430 38.5070 7.3910 95.2990 38.5090 7.3840 95.3010 38.941 38.941 38.941
1109 1005785997999 306.380 60.1310 34.6240 99.6960 60.1600 34.6230 99.7120 -46.659 -46.659 -46.659
1113 1003597980694 306.160 19.4330 26.4580 100.0070 19.4340 26.4610 100.0010 -180.927 -180.927 -180.927
1143 1003389190742 306.140 31.2670 11.1140 11.7600 31.2660 11.1130 11.7590 22.796 22.796 22.796
1176 1002970639921 306.100 77.8860 106.7650 66.7890 77.8860 106.7650 66.7900 45.255 45.255 45.255
1126 1002874838376 306.090 21.0840 76.6600 94.8490 21.0850 76.6650 94.8500 -7.424 -7.424 -7.424
1276 1002161019727 306.010 15.0290 19.3760 95.2050 15.0280 19.3750 95.2050 -1125.648 -1125.648 -1125.648
1085 1001209410557 305.910 24.1270 33.4310 80.1350 24.1250 33.4310 80.1350 27.870 27.870 27.870
1216 1000853854679 305.880 81.8560 108.9710 63.2040 81.8570 108.9720 63.2040 138.721 138.721 138.721
1136 1000492383308 305.840 58.1960 48.8860 4.7040 58.2040 48.8860 4.7060 375.660 375.660 375.660
1251 1000478652168 305.840 38.8830 92.4570 38.4190 38.8860 92.4530 38.4180 0.003 0.003 0.003
