haloID mh rh halo_x halo_y halo_z gal_x gal_y gal_z spin_x spin_y spin_z
16000000000000 3451883618304 166.620 15.5114 24.9624 18.6974 15.4822 24.9447 18.6491 -265.109 131.227 201.771
16000000000001 2194417909760 143.273 23.7529 1.2788 15.3039 23.7998 1.2902 15.2817 -268.366 895.250 111.506
16000000000002 2086946078720 140.891 12.1831 19.0442 17.1653 12.1625 19.0398 17.1835 -421.463 -188.745 -331.832
16000000000004 1831475216384 134.888 11.0293 17.9418 3.3564 11.0118 17.9360 3.3501 260.308 143.341 -56.989
16000000000007 1774595604480 133.477 9.2189 12.8173 2.0145 9.2212 12.8392 2.0010 42.508 244.489 -74.679
16000000000003 1661429350400 130.582 5.4937 23.9584 9.6371 5.4607 24.0698 9.6522 -2531.436 -189.961 -3361.326
16000000000006 1590350184448 128.693 14.6989 10.8905 5.3244 14.7036 10.8948 5.3437 182.146 -298.307 229.925
16000000000012 1516347457536 126.660 23.5876 22.2861 22.0535 23.5780 22.2914 22.0472 251.899 111.160 -117.693
16000000000009 1473473675264 125.457 11.3256 20.7397 9.9886 11.3388 20.7365 9.9994 267.100 -395.490 -58.941
16000000000010 1427504365568 124.141 22.4121 0.3023 18.4243 22.4085 0.3077 18.4171 -55.502 -22.245 -231.254
16000000000008 1360070049792 122.155 4.6952 13.3733 10.4821 4.7638 13.4037 10.4681 17.740 308.141 38.641
16000000000014 1147835645952 115.436 8.0769 9.1479 3.8543 8.0739 9.1724 3.8413 402.894 -38.021 -199.627
16000000000015 1135232679936 115.015 22.6306 23.4428 14.7280 22.6077 23.4299 14.7259 29.487 -80.276 -9.107
16000000000011 1125665079296 114.691 19.9374 13.2438 10.6476 19.9730 13.2222 10.6858 -93.220 569.435 409.163
16000000000013 1115062403072 114.326 24.9002 21.8545 16.7211 24.9266 21.8881 16.7670 -155.572 551.286 -205.042
16000000000016 1030400638976 111.358 4.4922 14.4250 13.2207 4.4880 14.4288 13.2280 -143.928 -245.466 -568.391
16000000000019 1017521438720 110.890 7.3360 9.3146 7.8874 7.3421 9.3259 7.8704 -135.462 -627.857 -414.387
16000000000017 957324525568 108.663 17.2171 5.0744 21.6352 17.2097 5.0452 21.6356 811.029 -128.316 -244.112
16000000000005 957200334848 108.658 13.6846 19.9462 14.8660 13.7302 20.0053 14.8355 925.055 181.245 609.587
16000000000018 939322966016 107.977 6.9899 19.2546 20.9566 6.9798 19.2442 20.9614 -222.898 -144.305 -102.255
16000000000020 915812057088 107.065 22.0489 4.7656 14.8308 22.0364 4.8034 14.8297 386.408 314.530 -145.571
16000000000023 773923667968 101.225 11.1815 17.4811 5.7651 11.1666 17.5031 5.8014 -39.153 -367.652 -42.915
16000000000028 737379811328 99.605 23.8418 23.7034 14.2323 23.8270 23.6973 14.2449 53.909 51.840 -132.595
16000000000025 711652278272 98.434 20.5617 1.4516 18.5258 20.5650 1.4604 18.5400 -125.208 159.780 -241.845
16000000000026 710127255552 98.361 20.8896 6.1722 13.1904 20.8846 6.1667 13.2002 -167.714 -170.460 -2.564
16000000000022 702474485760 98.010 17.6009 4.7647 20.9280 17.6027 4.7852 20.9133 171.360 -37.266 -244.494
16000000000021 681776906240 97.033 12.3325 6.5139 3.5964 12.3275 6.5050 3.5828 132.430 -239.963 158.340
16000000000032 603527184384 93.171 14.9691 13.7232 0.0534 14.9749 13.7192 0.0502 395.878 -72.693 95.626
16000000000027 567158177792 91.260 15.0412 11.3120 7.9328 15.0513 11.3191 7.9379 -27.186 48.249 -75.251
16000000000042 547413164032 90.188 5.6737 3.4801 14.6383 5.6895 3.4731 14.6466 -60.838 -176.508 -144.480
16000000000024 543508594688 89.974 6.0727 14.5949 11.4232 6.0815 14.5920 11.4278 -11.504 14.942 -8.346
16000000000031 542644797440 89.926 6.1280 0.8567 9.3024 6.1261 0.8596 9.2847 -205.203 9.714 -331.894
16000000000036 539269660672 89.739 13.5847 0.1290 17.1602 13.5933 0.1369 17.1752 47.371 113.288 -161.429
16000000000037 530191187968 89.232 20.6069 5.2616 17.0491 20.6021 5.2558 17.0414 34.388 -50.616 -62.911
16000000000038 516481515520 88.458 17.5075 9.8966 23.1326 17.4967 9.8765 23.1371 112.812 -24.818 299.375
16000000000048 512005439488 88.200 24.2321 5.0204 14.8270 24.2446 5.0267 14.8206 3.319 77.232 -8.893
16000000000043 502649651200 87.662 20.1871 20.5519 16.8712 20.2003 20.5416 16.8731 21.301 -29.335 -69.348
16000000000030 495487877120 87.242 21.6176 19.8480 15.1638 21.6331 19.8557 15.1400 10.613 38.171 -5.869
16000000000044 491237539840 86.995 3.0516 13.0592 10.3528 3.0703 13.0695 10.3868 5.385 -373.626 196.064
16000000000040 490119364608 86.928 15.5563 0.6925 19.2634 15.5607 0.6966 19.2604 -198.452 -201.800 -74.838
16000000000035 484635705344 86.602 15.2357 24.0789 18.0635 15.2250 24.0718 18.0796 424.489 -277.301 -31.376
16000000000033 477590454272 86.180 21.0617 15.8001 19.7897 21.0481 15.7943 19.7958 -192.044 -37.200 -105.164
16000000000050 466972442624 85.535 21.1208 12.4338 11.8604 21.1241 12.4358 11.8635 28.658 26.323 -112.190
16000000000034 448277577728 84.380 23.1142 15.6787 13.2105 23.1443 15.6528 13.1987 -11.047 -133.202 171.064
16000000000049 446863147008 84.293 24.2821 23.1159 20.6076 24.2935 23.1344 20.5804 -141.078 -138.252 -17.778
16000000000051 436050001920 83.607 14.1220 21.4898 9.9065 14.1249 21.4880 9.9166 -61.239 13.944 25.889
16000000000046 434299928576 83.492 9.9393 14.8652 5.2629 9.9428 14.8771 5.2585 -144.329 -69.483 -1.428
16000000000045 426583326720 82.996 7.3429 11.5595 0.7451 7.3478 11.5400 0.7667 83.300 121.849 139.081
16000000000053 420504600576 82.602 12.5363 10.5173 7.4357 12.5242 10.5229 7.4259 56.686 4.960 19.146
16000000000029 416202096640 82.316 19.0127 3.3759 18.8287 19.0164 3.3385 18.7692 773.687 394.443 -380.149
16000000000052 415588876288 82.278 10.3978 3.4970 14.6982 10.3919 3.4937 14.7036 -109.508 208.866 34.822
16000000000058 411082260480 81.979 15.8468 24.0510 16.8693 15.8438 24.0434 16.8595 -11.419 -13.473 11.631
16000000000054 404491599872 81.537 9.9744 14.8232 4.7115 9.9789 14.8315 4.7088 -37.687 -86.347 -31.120
16000000000061 391799406592 80.675 21.5939 12.3472 11.1072 21.5894 12.3476 11.1163 -118.592 -9.905 -95.310
16000000000056 387451453440 80.375 10.4770 20.6844 5.8564 10.4661 20.7006 5.8560 -137.526 38.663 135.240
16000000000055 385976434688 80.272 7.2771 23.9890 12.8656 7.2705 23.9810 12.8729 -122.841 47.737 -43.654
16000000000062 377703596032 79.697 1.3875 17.4223 3.8150 1.3853 17.4226 3.8180 35.827 61.138 46.972
16000000000059 368671195136 79.058 1.8781 12.9809 10.3235 1.9103 12.9780 10.3337 -41.601 24.083 65.084
16000000000064 364684017664 78.770 15.9290 23.0514 16.8913 15.9314 23.0589 16.8970 23.036 19.753 -142.370
16000000000060 358195232768 78.300 18.4931 10.4328 19.4509 18.5054 10.4204 19.4630 182.509 230.975 293.599
16000000000068 352666517504 77.893 1.2028 15.7793 7.3170 1.2016 15.7658 7.3143 67.876 17.568 -59.421
16000000000057 348528246784 77.590 9.3952 21.9381 12.6100 9.4024 21.9409 12.6142 -64.585 13.721 68.761
16000000000072 335941337088 76.645 7.7723 23.4220 8.2201 7.7739 23.4302 8.2113 -92.605 81.973 -129.483
16000000000069 318012194816 75.255 5.4212 20.9679 13.8940 5.4355 20.9786 13.8852 54.711 -21.825 -33.115
16000000000065 314316029952 74.963 4.8877 21.8245 11.5151 4.8609 21.8172 11.5490 249.757 -90.360 267.706
16000000000073 310853566464 74.687 9.1755 16.4884 24.8490 9.1773 16.4965 24.8329 -12.501 54.725 17.876
16000000000076 305937907712 74.289 13.3365 7.8783 4.4692 13.3356 7.8702 4.4673 -8.362 -45.278 39.119
16000000000078 303170158592 74.067 15.9196 1.5951 17.4287 15.9247 1.5895 17.4353 177.549 -125.058 -219.192
16000000000077 292830281728 73.213 16.8445 13.0670 9.0800 16.8423 13.0736 9.0789 7.456 38.144 -6.775
16000100000000 292403511296 73.178 8.5989 17.8656 19.5645 8.5614 17.8941 19.5292 -77.686 33.927 113.569
16000100000008 289583497216 72.944 10.7102 4.0761 11.5686 10.7304 4.0836 11.5623 -113.428 206.243 -55.816
16000000000039 289111638016 72.900 14.8718 22.6426 20.6309 14.9119 22.6726 20.5978 -19.691 -101.281 -85.597
16000000000074 286810734592 72.706 14.7879 0.1064 20.4834 14.7921 0.0987 20.4770 -11.628 -187.646 -36.727
16000100000007 282422312960 72.334 21.4121 17.7392 19.2714 21.4178 17.7283 19.2746 7.228 -125.895 -240.616
16000100000003 281656197120 72.270 5.9227 10.8446 9.2319 5.9131 10.8718 9.2341 -51.485 -23.430 -79.493
16000100000009 279252467712 72.064 20.3888 18.2919 14.1344 20.3853 18.2930 14.1402 -17.440 6.941 -84.492
16000000000063 276007387136 71.783 19.7145 4.9323 17.8746 19.7341 4.9218 17.8742 199.637 -105.607 -48.571
16000100000002 274179375104 71.626 22.2629 10.6266 22.8389 22.2978 10.6374 22.8472 220.503 -79.947 -733.438
16000100000004 270564081664 71.310 12.9330 14.3634 18.3270 12.9199 14.3656 18.3134 -162.997 60.312 -51.467
16000100000011 264427192320 70.765 15.6611 24.4061 19.1221 15.6651 24.3937 19.1496 -79.325 11.502 13.267
16000100000017 260014194688 70.371 2.2502 8.4901 15.2156 2.2276 8.4963 15.1791 -480.779 489.966 419.897
16000100000019 259675488256 70.337 4.9009 20.3081 15.1134 4.9124 20.3154 15.1177 48.207 13.064 -69.975
16000000000075 257730560000 70.162 6.2398 2.0678 9.0470 6.2648 2.0703 9.0384 -13.011 -92.107 -157.692
16000100000005 255457427456 69.958 5.3240 11.9157 9.8150 5.3267 11.9104 9.8056 -46.762 -59.087 -61.917
16000100000001 253081403392 69.739 17.9331 20.0738 14.6445 17.9348 20.0702 14.6477 -28.087 -59.743 -90.234
16000100000012 245143240704 69.001 15.2094 16.6834 19.2694 15.1969 16.6656 19.2677 -39.866 -75.421 -115.510
16000100000020 236793348096 68.209 10.6461 3.7011 13.9552 10.6563 3.7162 13.9280 -110.887 -42.017 -69.258
16000100000014 235809652736 68.113 12.9344 13.8547 18.0559 12.9373 13.8573 18.0570 -39.976 -14.278 -4.882
16000100000013 235274371072 68.061 2.3280 19.7495 13.9995 2.3408 19.7468 13.9975 -12.070 -31.294 -65.575
16000100000015 234541203456 67.992 16.8803 21.6541 13.1537 16.8772 21.6595 13.1487 118.670 68.386 17.595
16000100000021 232471412736 67.790 13.0696 5.1062 11.8147 13.0695 5.1051 11.8144 -76.454 -36.242 -15.509
16000000000071 224139608064 66.970 7.6478 10.8044 2.2509 7.6380 10.7806 2.2645 472.837 -543.272 -100.442
16000000000067 223466782720 66.904 16.2248 0.9580 18.7046 16.2326 0.9654 18.7128 55.279 -50.042 136.450
16000100000023 223443779584 66.901 5.9286 10.1286 5.8520 5.9362 10.1332 5.8456 -135.362 136.380 -45.902
16000000000066 223069978624 66.866 13.0994 6.8827 10.5019 13.1043 6.9011 10.4898 21.382 43.893 3.265
16000000000070 219173847040 66.473 9.6376 2.9416 13.5242 9.6269 2.9432 13.5229 -7.634 129.394 143.924
16000100000036 219139129344 66.468 1.1065 21.4380 20.3201 1.0953 21.4512 20.3236 -139.363 7.559 6.644
16000100000027 219075198976 66.462 6.3102 21.1765 13.1431 6.3208 21.1870 13.1545 52.138 -35.532 -9.251
16000100000006 217540460544 66.309 16.2958 1.5969 18.1635 16.2996 1.5858 18.1825 -24.446 27.022 31.443
16000100000045 211302432768 65.667 6.0154 14.3994 13.9011 6.0251 14.3743 13.9050 -166.901 -43.062 419.003
16000100000049 210242945024 65.558 6.7426 22.2841 19.3759 6.7309 22.2988 19.3703 24.452 28.071 131.687
16000100000028 208839606272 65.412 8.1956 3.9784 13.6885 8.1858 3.9809 13.6837 79.813 -12.159 -26.367
16000100000031 208348594176 65.359 6.2992 4.9537 13.7906 6.3003 4.9395 13.8006 25.407 68.716 67.501
16000100000037 206963523584 65.216 2.4723 22.1361 15.7426 2.4728 22.1344 15.7484 -73.061 -126.599 116.591
16000100000024 204411174912 64.946 15.7250 3.3538 5.6726 15.7260 3.3559 5.6663 -6.046 -28.909 14.733
16000100000044 197253644288 64.177 11.9708 4.6660 10.2076 11.9734 4.6627 10.2067 2.274 9.304 -2.373
16000100000032 196766449664 64.126 11.9226 3.4836 8.2734 11.9282 3.4881 8.2834 -55.311 88.101 15.401
16000100000046 196271128576 64.074 6.2887 3.0831 8.8186 6.2890 3.0816 8.8178 19.380 -5.357 3.582
16000100000018 195006906368 63.936 16.9843 8.5257 24.0081 16.9941 8.5039 24.0182 -66.308 -46.771 -30.578
16000100000041 194105982976 63.835 3.7146 6.8220 14.9092 3.7165 6.8214 14.9170 13.170 3.229 72.027
16000100000038 191335743488 63.531 5.9429 1.4642 9.1134 5.9418 1.4579 9.1167 -50.458 165.501 52.913
16000100000029 190869651456 63.480 18.0491 12.3757 9.9032 18.0434 12.3684 9.9025 -9.872 -25.435 12.334
16000100000055 189236854784 63.299 16.8272 10.6893 9.9435 16.8290 10.6922 9.9431 6.155 4.339 34.976
16000100000030 187705819136 63.126 6.8146 6.2107 7.9017 6.8492 6.2594 7.9170 -1124.419 361.590 1301.366
16000100000033 184525717504 62.767 10.9482 7.3951 12.1169 10.9539 7.4165 12.1139 156.643 -30.168 62.397
16000000000041 182780182528 62.569 21.2610 5.3030 16.2444 21.2662 5.2977 16.2864 63.610 -230.804 -44.706
16000100000048 179963265024 62.247 24.4916 23.4772 19.2799 24.4939 23.4623 19.2703 -175.988 -0.654 -70.130
16000100000063 179284279296 62.169 1.6131 9.0367 15.5205 1.6052 9.0361 15.5470 122.303 124.943 30.883
16000100000050 176052240384 61.793 8.8945 17.6643 22.8954 8.8875 17.6742 22.8882 17.253 -269.459 -142.275
16000100000053 175063973888 61.675 5.7574 18.5786 19.4666 5.7563 18.5771 19.4731 7.416 -8.067 -45.085
16000100000047 173148520448 61.451 12.6922 21.2145 9.5459 12.6711 21.2026 9.5548 -27.131 59.509 -6.589
16000100000051 170832838656 61.174 11.9632 1.9806 16.2138 11.9614 1.9908 16.2147 25.071 -40.606 247.419
16000100000074 168986198016 60.953 16.1757 12.3065 5.8738 16.1875 12.3027 5.8662 21.005 -448.430 242.998
16000100000054 168064319488 60.843 5.7551 20.2280 19.7516 5.7469 20.2296 19.7569 19.259 22.873 -14.679
16000100000060 166313721856 60.631 10.6107 19.0325 1.3418 10.6099 19.0345 1.3392 208.350 -123.367 -25.704
16000100000052 166110789632 60.605 10.1516 15.4949 4.6466 10.1661 15.5056 4.6352 48.589 30.294 79.500
16000100000016 165554847744 60.541 15.2744 13.8131 24.0605 15.2682 13.7868 24.0574 -614.475 221.458 178.459
16000100000039 165259296768 60.503 4.5636 14.3911 9.3645 4.5375 14.3924 9.3448 -37.951 36.316 16.388
16000100000069 163911876608 60.340 6.1538 8.4005 7.9390 6.1556 8.3873 7.9639 -19.614 -302.661 -124.841
16000100000043 163675570176 60.308 13.6010 21.3184 24.1487 13.5904 21.3242 24.1582 48.476 85.169 20.483
16000100000065 160647905280 59.934 19.6335 15.6439 12.1172 19.6384 15.6370 12.1225 -13.432 174.071 147.273
16000100000075 158518493184 59.668 6.1179 8.8978 7.9219 6.1154 8.8639 7.9115 377.932 -14.772 208.416
16000100000058 156919349248 59.469 18.2272 0.3053 5.3424 18.2386 0.3039 5.3578 -38.240 1.227 10.843
16000100000071 156011413504 59.353 13.4872 10.3744 8.0220 13.4835 10.3753 8.0259 7.545 -35.182 7.066
16000100000026 155673214976 59.310 15.9604 7.9862 0.1322 15.9703 7.9857 0.1177 193.264 17.853 121.474
16000100000072 154848182272 59.204 15.7007 15.4452 19.8402 15.6924 15.4561 19.8376 -9.893 -41.081 62.857
16000100000066 151667507200 58.798 1.1371 16.3046 22.4169 1.1383 16.3041 22.4182 8.272 21.438 5.140
16000100000056 151411523584 58.764 18.1583 17.9211 13.8055 18.1499 17.9179 13.8057 12.188 96.221 -4.468
16000100000035 151271571456 58.744 16.0422 14.3570 20.2327 16.0474 14.3394 20.2372 -35.328 -5.978 116.450
16000100000068 149389164544 58.501 6.4548 10.1609 5.1857 6.4463 10.1693 5.1941 -162.959 -5.182 -24.345
16000100000062 148994670592 58.449 11.7128 6.4867 4.9067 11.7100 6.4880 4.9080 -32.405 59.576 -3.985
16000100000010 148073447424 58.329 0.2488 22.0096 21.2052 0.2776 21.9838 21.2009 22.163 -45.908 -151.482
16000100000059 147789430784 58.292 8.3347 20.5811 21.8311 8.3499 20.5905 21.8353 166.802 -134.858 -70.673
16000100000064 147168067584 58.208 22.2210 20.8992 15.0311 22.2321 20.8989 15.0403 -12.699 -20.741 19.037
16000100000034 142960132096 57.649 12.9993 4.7261 1.8075 13.0056 4.7477 1.8170 127.930 36.510 -71.098
16000100000061 142911520768 57.642 6.8100 2.5013 14.5395 6.8220 2.4949 14.5428 -47.509 -43.645 18.671
16000100000076 139681202176 57.204 14.0392 12.8938 12.0053 14.0500 12.8858 11.9843 -298.679 -66.004 -69.175
16000100000070 137911631872 56.960 24.7354 16.7411 0.0344 24.7506 16.7574 0.0446 -96.640 88.419 -83.755
16000200000009 135834714112 56.674 14.9584 8.2009 1.6169 14.9409 8.2012 1.6278 -0.424 -68.794 -2.578
16000200000007 135376568320 56.611 10.0945 15.8691 5.0188 10.0964 15.8621 5.0170 19.143 -0.546 -69.576
16000100000022 131855081472 56.116 10.0497 15.1980 4.3384 10.0619 15.2053 4.3429 73.992 -49.281 24.205
16000200000000 129945640960 55.842 3.8618 20.2678 13.5452 3.8496 20.2580 13.5407 -21.521 79.173 -12.811
16000200000010 129098899456 55.721 7.5824 21.8688 12.9657 7.5910 21.8589 12.9548 77.995 63.860 -8.948
16000100000067 128304119808 55.608 8.9131 12.8152 15.0122 8.9206 12.8081 15.0147 22.567 4.769 -13.901
16000200000001 127877808128 55.546 18.9807 2.8542 18.8601 18.9865 2.8465 18.8674 107.876 63.529 -36.245
16000200000013 127264481280 55.456 0.6153 7.0492 13.0930 0.6160 7.0501 13.0930 -23.704 65.386 27.358
16000100000077 126526816256 55.348 16.4503 2.6679 19.5959 16.4602 2.6717 19.6018 55.371 -48.819 -27.475
16000100000073 125018415104 55.129 12.8436 7.3246 5.0215 12.8211 7.2995 5.0292 51.947 -71.383 16.278
16000200000017 123473018880 54.902 18.8186 11.5266 19.4958 18.8252 11.5350 19.4919 132.737 -89.786 298.856
16000100000078 122811981824 54.801 17.1364 3.7523 20.4648 17.1363 3.7578 20.4831 26.341 102.455 -45.999
16000000000047 121427132416 54.595 18.7036 13.4060 10.0047 18.7001 13.3853 10.0166 32.789 43.434 114.469
16000200000004 119789035520 54.349 4.4468 21.2946 12.2738 4.4497 21.2966 12.2827 -66.743 0.709 31.309
16000200000035 119470891008 54.299 22.9537 24.0831 18.0071 22.9534 24.0900 18.0108 -66.301 -9.727 117.631
16000200000023 117004468224 53.924 16.8225 12.4796 8.6906 16.8123 12.4758 8.6955 40.822 -101.710 -49.288
16000200000006 116438777856 53.839 12.4409 5.8235 2.8065 12.4319 5.8289 2.8089 -32.510 25.142 39.294
16000200000005 116162347008 53.793 15.1965 13.6494 11.3211 15.1927 13.6460 11.3056 97.413 18.460 -38.094
16000200000038 115201400832 53.647 16.8173 18.8467 13.6962 16.8222 18.8428 13.7050 -25.768 -31.072 -3.907
16000200000043 113706205184 53.413 5.2881 21.8877 10.7853 5.3002 21.8794 10.7861 179.600 380.284 -344.923
16000200000016 112296091648 53.193 15.8002 1.2854 18.3169 15.7810 1.2890 18.2831 236.100 355.123 -100.246
16000200000002 110904254464 52.970 22.4549 4.5127 15.0350 22.4327 4.4814 15.0223 -258.787 290.107 -258.484
16000200000022 110013579264 52.830 16.6890 16.8607 9.7792 16.6645 16.8594 9.7838 34.960 47.186 223.057
16000200000032 109969170432 52.822 22.5465 17.1079 12.0046 22.5472 17.0994 12.0030 4.956 -36.057 14.424
16000200000054 109884145664 52.809 3.3981 20.1196 13.9140 3.3993 20.1207 13.9151 6.389 -24.186 25.799
16000200000049 109792264192 52.791 17.6128 24.7725 18.5748 17.6079 24.7700 18.5743 2.830 -1.205 29.089
16000200000046 109326458880 52.718 11.8070 6.2815 13.1317 11.8075 6.3002 13.1368 139.720 -32.228 300.158
16000200000056 109258645504 52.707 11.2742 16.2718 22.3063 11.2755 16.2738 22.3071 -3.139 -3.698 -5.787
16000200000031 108515155968 52.588 19.8285 3.8286 17.9892 19.8288 3.8255 17.9929 -10.763 32.656 -8.872
16000200000040 108383133696 52.566 11.3627 20.8298 13.6554 11.3503 20.8345 13.6554 25.286 52.373 -37.247
16000200000045 107869618176 52.484 17.3204 17.1664 13.0919 17.3189 17.1595 13.0837 -19.878 -11.507 -14.174
16000200000011 106865164288 52.321 22.9775 19.8479 20.0382 22.9911 19.8671 20.0494 -50.102 -2.334 47.034
16000200000012 105943564288 52.167 17.7901 23.0093 17.9056 17.7865 23.0141 17.8970 95.103 62.490 15.498
16000200000033 105388326912 52.077 14.8722 13.2656 0.9132 14.8740 13.2589 0.9175 49.834 86.598 -189.479
16000200000019 104682921984 51.962 5.9672 24.2650 12.2825 5.9701 24.2666 12.2939 -21.569 -12.572 20.468
16000200000039 104328331264 51.901 14.4078 13.0582 11.8026 14.4088 13.0563 11.8064 -19.617 -1.151 16.352
16000200000037 103013924864 51.684 7.1423 23.4573 12.7869 7.1356 23.4554 12.7928 61.722 -32.130 154.053
16000200000036 101708914688 51.464 23.8276 2.2097 14.1939 23.8274 2.2165 14.1821 26.626 8.676 23.333
16000200000064 101446803456 51.421 7.7414 21.8497 23.4516 7.7492 21.8455 23.4481 -19.390 37.822 -36.381
16000200000029 101426257920 51.417 11.0590 18.6152 3.1123 11.0601 18.6067 3.1193 -121.203 184.554 -123.827
16000200000034 100654825472 51.286 2.8799 13.6832 12.0048 2.8441 13.6645 11.9840 -202.032 -18.152 345.280
16000200000044 100132487168 51.197 8.1943 23.8986 12.7516 8.1889 23.8956 12.7530 -1.271 -13.459 13.177
16000200000003 99959562240 51.168 14.5298 0.0860 21.0097 14.5332 0.0822 21.0211 -25.775 1.998 -40.415
16000200000075 99720871936 51.126 21.0394 21.2454 16.6950 21.0426 21.2485 16.6974 19.893 14.268 -33.241
16000200000014 99309658112 51.057 13.8937 8.7427 8.7402 13.9083 8.7236 8.7680 184.968 52.892 -5.310
16000200000041 97888280576 50.812 22.9819 4.0054 15.1347 22.9803 4.0014 15.1274 25.090 30.980 -35.777
16000200000070 96565534720 50.582 23.8593 3.3046 15.2568 23.8597 3.3037 15.2494 1.567 -37.701 26.005
16000200000067 96414048256 50.556 21.8338 10.1242 16.6086 21.8322 10.1424 16.5971 14.522 -71.258 -92.131
16000200000027 96075079680 50.496 0.4713 22.2607 17.5372 0.4644 22.2542 17.5306 -31.425 -33.340 45.948
16000200000057 95944916992 50.472 12.7165 10.9158 12.1880 12.7140 10.9146 12.1897 14.372 -23.295 -11.105
16000300000013 93620961280 50.061 6.2859 1.6678 14.0832 6.2854 1.6616 14.0878 -6.980 22.501 10.328
16000300000001 90799382528 49.555 2.4991 23.1146 16.8782 2.4973 23.1168 16.8816 3.330 31.581 -13.747
16000200000050 90221240320 49.450 1.8847 19.0626 4.4438 1.8848 19.0713 4.4378 10.830 40.581 46.844
16000200000018 89449627648 49.309 23.5021 1.8973 15.3012 23.5031 1.8919 15.2952 -99.477 -68.326 269.363
16000200000026 87541571584 48.953 9.7608 19.6786 23.1611 9.7618 19.6559 23.1657 269.296 -49.267 -248.711
16000200000047 86907027456 48.837 22.2112 18.9008 14.5290 22.2002 18.8982 14.5230 29.173 12.147 16.807
16000300000007 86864093184 48.829 3.6696 20.9090 19.5060 3.6688 20.9079 19.5109 88.621 24.067 33.567
16000300000004 86335905792 48.727 9.9112 3.7538 12.3463 9.9128 3.7502 12.3471 -14.339 0.131 15.465
16000200000073 86237986816 48.709 6.6680 23.8860 8.7614 6.6713 23.8849 8.7567 7.426 -25.596 36.604
16000200000020 85987803136 48.663 13.0265 14.9449 18.3729 13.0310 14.9555 18.3807 -71.811 50.723 -28.113
16000300000011 85867233280 48.641 2.6602 11.1574 11.9658 2.6613 11.1617 11.9596 -12.885 -34.478 -27.839
16000200000051 85632745472 48.597 8.2867 19.3431 18.9179 8.3001 19.3431 18.9141 7.597 5.029 -60.914
16000300000030 85463138304 48.563 17.3772 0.9414 18.7954 17.3776 0.9344 18.7983 -69.092 -12.921 -67.551
16000300000036 85345648640 48.542 15.6085 3.0438 10.9002 15.6172 3.0450 10.9065 19.912 29.316 -16.449
16000200000063 85187887104 48.512 21.1115 13.0761 10.4450 21.1035 13.0745 10.4558 3.941 8.436 3.615
16000300000020 85029494784 48.480 0.1557 2.4043 15.0665 0.1589 2.4041 15.0649 37.527 136.104 -210.458
16000300000019 84628250624 48.406 24.0318 18.2103 1.9871 24.0317 18.2060 1.9751 -63.821 -51.503 -2.773
16000200000074 84270727168 48.338 14.5071 21.0918 15.9066 14.4832 21.0970 15.9154 54.203 311.868 18.213
16000300000023 83807584256 48.250 19.2693 12.2331 19.8485 19.2670 12.2342 19.8420 0.187 2.722 7.137
16000300000016 83700809728 48.226 24.3924 20.9834 16.1474 24.3961 20.9826 16.1452 6.135 -39.724 -8.385
16000100000040 83547037696 48.199 15.7551 8.4735 0.8006 15.7564 8.4622 0.7862 9.633 -55.786 49.501
16000300000024 83017605120 48.096 13.5212 6.9503 2.5710 13.5233 6.9521 2.5654 31.421 5.393 13.149
16000200000042 82711134208 48.038 8.4409 14.9391 13.3351 8.4550 14.9335 13.3459 -37.227 -4.966 37.466
16000100000057 82669486080 48.029 11.1206 19.5721 3.3008 11.1089 19.5674 3.3207 -107.743 5.648 -147.850
16000300000026 82360614912 47.968 15.2705 15.5667 12.5818 15.2643 15.5602 12.5788 2.956 -14.916 22.257
16000300000000 82018459648 47.901 21.8699 22.5321 14.7894 21.8710 22.5395 14.7864 15.089 14.911 16.478
16000200000053 80324460544 47.569 15.7724 9.7082 9.6038 15.7655 9.7098 9.6016 -20.023 -11.874 24.267
16000300000045 79914819584 47.490 18.2371 23.6587 20.2408 18.2385 23.6611 20.2385 11.812 15.008 -71.158
16000300000040 79866773504 47.480 15.9042 2.2423 12.1568 15.9006 2.2425 12.1540 34.040 -80.958 -0.255
16000300000038 79817596928 47.469 13.0891 17.0870 7.4458 13.0856 17.0859 7.4442 5.686 -9.033 -15.786
16000300000022 79805390848 47.468 12.7982 6.2465 5.8433 12.7980 6.2431 5.8448 -19.915 9.794 40.253
16000200000072 79788056576 47.464 7.1779 12.7788 14.4383 7.1699 12.7652 14.4419 -97.111 74.291 51.087
16000300000044 79337291776 47.375 1.2133 9.4604 7.0594 1.2085 9.4539 7.0541 -10.841 -42.821 44.783
16000300000031 79115960320 47.330 1.7783 21.7682 18.3873 1.7804 21.7663 18.3883 -9.385 -1.301 5.967
16000300000060 78814666752 47.272 3.3246 20.9910 14.2885 3.3328 21.0025 14.2956 137.870 -128.637 -100.480
16000300000014 78758789120 47.260 9.3272 17.7871 19.1825 9.3293 17.7928 19.1773 -20.939 8.113 9.158
16000300000028 78403526656 47.189 10.7017 13.9353 6.3842 10.7005 13.9455 6.3758 110.449 29.475 26.859
16000300000021 78384865280 47.185 9.2301 20.1695 11.9122 9.2216 20.1646 11.9096 -32.592 -35.683 26.650
16000200000062 78256300032 47.159 3.9566 23.5550 10.6712 3.9568 23.5688 10.6681 79.387 21.089 52.207
16000100000025 78066450432 47.121 12.7951 11.0249 15.6949 12.7995 11.0016 15.7119 17.501 60.209 67.592
16000300000009 77961904128 47.100 18.1332 2.0019 18.7439 18.1259 2.0031 18.7405 43.683 12.201 -50.412
16000300000002 76837183488 46.872 9.9792 9.4707 13.7520 9.9749 9.4746 13.7535 -42.592 -51.383 42.609
16000300000042 75918114816 46.684 1.6180 13.0292 14.3101 1.6247 13.0358 14.3139 -4.038 15.979 -37.945
16000300000058 75515084800 46.600 17.9000 22.4658 17.3105 17.8976 22.4649 17.3091 -66.407 -37.222 74.298
16000300000046 74665271296 46.424 24.7546 16.6152 1.4420 24.7523 16.6201 1.4421 -20.256 11.914 -4.712
16000300000018 74240606208 46.336 4.8179 24.0585 17.4701 4.8218 24.0619 17.4708 -32.039 -3.696 43.674
16000200000008 73348481024 46.150 22.3315 18.4977 14.5635 22.3212 18.5053 14.5704 -20.390 55.638 -54.941
16000300000047 73285795840 46.137 24.8958 13.2144 8.0370 24.8804 13.2212 8.0393 -67.309 -148.371 14.284
16000300000006 73040953344 46.087 23.7454 23.8852 19.5723 23.7440 23.8853 19.5693 -1.100 -40.701 37.640
16000200000055 72962342912 46.069 14.1475 6.9789 9.9859 14.1258 6.9620 9.9844 -78.260 19.005 109.243
16000200000058 72075845632 45.882 15.8248 11.9359 8.4766 15.8082 11.9313 8.4827 -25.956 57.411 -43.580
16000300000032 71226761216 45.701 9.6390 17.4149 22.0825 9.6459 17.4226 22.0860 -109.217 26.119 -52.441
16000300000003 70673473536 45.582 7.7600 0.9561 13.7793 7.7575 0.9690 13.7838 53.871 19.628 -0.517
16000200000078 70631743488 45.574 24.9383 16.7623 24.2654 24.9464 16.7671 24.2544 -21.069 -38.215 -3.466
16000300000064 70113722368 45.464 3.5086 11.4183 11.4398 3.5067 11.4262 11.4348 11.065 3.423 -28.474
16000200000065 70061563904 45.452 24.6795 5.7175 14.5897 24.6698 5.7222 14.5844 0.568 8.776 -0.897
16000400000001 69751857152 45.383 16.2180 4.5336 1.4504 16.2162 4.5437 1.4607 128.969 24.799 -13.916
16000300000049 69588697088 45.349 4.1431 18.2121 1.4862 4.1400 18.2146 1.4894 14.076 -33.929 35.250
16000300000061 68759994368 45.168 16.6377 8.6686 24.5361 16.6327 8.6628 24.5369 -7.010 9.482 8.293
16000300000039 68034228224 45.010 24.7622 16.6454 0.3583 24.7718 16.6346 0.3589 -41.793 -74.022 -34.942
16000400000000 67883974656 44.975 7.6403 17.4421 8.6680 7.6418 17.4383 8.6644 -42.938 0.764 -12.594
16000300000073 67626033152 44.918 10.6608 7.7293 4.3364 10.6516 7.7348 4.3279 -16.233 -17.143 5.348
16000300000068 67597537280 44.911 21.1020 24.0659 15.1126 21.1063 24.0749 15.1106 35.474 -25.498 -4.317
16000400000014 66493947904 44.665 1.9424 4.2917 20.6608 1.9433 4.3033 20.6658 -27.000 49.954 -52.417
16000300000012 66359754752 44.637 5.3492 21.9795 7.6296 5.3601 21.9909 7.6654 -91.645 140.230 -33.569
16000400000023 65941110784 44.541 10.9599 1.6141 15.4528 10.9611 1.6158 15.4437 46.992 -46.924 8.710
16000300000065 65887432704 44.529 11.8835 17.8355 19.6605 11.8811 17.8373 19.6586 22.325 17.937 11.240
16000300000066 65536569344 44.450 5.7854 4.9175 14.0554 5.7908 4.9212 14.0486 3.316 39.607 71.758
16000300000017 65492295680 44.440 4.6501 21.4908 11.9263 4.6377 21.4963 11.9312 -57.736 -142.947 -4.716
16000300000005 65330081792 44.405 12.2799 19.3372 10.7851 12.2653 19.3438 10.7771 52.412 22.104 -38.424
16000300000072 65298735104 44.397 14.8430 13.1232 1.2044 14.8452 13.1254 1.2013 -22.109 -51.624 8.378
16000400000009 64828051456 44.289 19.1492 1.9845 18.8265 19.1523 1.9711 18.8153 -147.301 -116.623 95.210
16000300000034 64743882752 44.272 20.4997 19.0845 17.9211 20.4898 19.1011 17.9162 165.101 68.655 9.516
16000200000021 64699744256 44.262 11.4264 17.7752 6.2721 11.4245 17.7760 6.2737 -77.002 -88.670 -24.401
16000300000051 64688640000 44.259 13.7097 9.9571 9.1181 13.7113 9.9540 9.1187 52.167 7.592 -10.113
16000400000016 64362897408 44.184 22.0560 9.1864 16.5160 22.0503 9.1882 16.5200 19.917 -80.517 113.981
16000300000075 64284831744 44.165 11.4383 3.2262 9.0872 11.4477 3.2285 9.0895 15.459 -37.199 -25.216
16000200000025 63772450816 44.050 6.7317 12.2700 0.9262 6.7476 12.2627 0.9328 -84.832 -10.251 48.343
16000300000008 63043821568 43.881 18.5612 19.3646 10.9569 18.5649 19.3738 10.9818 102.446 57.862 15.466
16000400000002 62857003008 43.836 6.6620 5.6911 8.0802 6.6621 5.6841 8.0720 -8.030 -23.332 52.654
16000400000042 62626533376 43.782 15.6206 14.2795 11.3248 15.6138 14.2819 11.3246 -0.553 -12.460 6.962
16000400000013 62252331008 43.695 24.4574 23.5463 19.8459 24.4589 23.5502 19.8456 -27.376 9.566 -19.553
16000300000037 62195519488 43.682 14.1965 10.5240 7.4518 14.2062 10.5159 7.4588 23.802 -46.594 -61.251
16000400000025 62144475136 43.669 14.4424 1.6166 9.9229 14.4495 1.6141 9.9199 -14.029 31.437 -56.955
16000400000006 60682301440 43.325 5.5806 9.6236 6.5748 5.5792 9.6126 6.5790 -4.788 0.524 21.116
16000400000040 60095467520 43.186 10.5561 5.0630 7.4578 10.5483 5.0678 7.4515 -2.248 28.970 43.182
16000400000015 59431190528 43.025 23.5329 17.7446 19.3438 23.5258 17.7480 19.3500 58.943 -1.978 -2.140
16000300000055 59127517184 42.951 5.4003 14.0538 10.9066 5.4046 14.0560 10.8968 31.663 45.668 -4.831
16000400000070 59019390976 42.926 11.9883 14.3030 21.2806 11.9829 14.2984 21.2834 6.909 14.950 10.423
16000400000012 58515218432 42.803 4.5354 21.5383 15.3575 4.5372 21.5328 15.3623 -27.642 -33.535 -18.828
16000400000005 58482577408 42.796 6.2132 14.6717 12.7507 6.2093 14.6738 12.7664 41.404 85.342 12.145
16000400000019 58266066944 42.741 15.0989 7.3280 0.8804 15.0997 7.3402 0.8825 -11.358 -12.624 48.497
16000400000057 57947295744 42.665 18.1990 1.1594 19.6431 18.2014 1.1603 19.6468 -27.042 -8.483 12.401
16000300000069 57510899712 42.557 5.2526 11.0593 9.3237 5.2586 11.0711 9.3417 -0.858 -10.313 14.775
16000400000072 56678658048 42.351 1.3664 4.8260 20.7448 1.3724 4.8448 20.7424 -113.792 33.832 130.640
16000400000030 56590274560 42.328 6.2838 15.0293 9.4551 6.2930 15.0336 9.4477 48.867 -123.770 18.785
16000300000052 56582488064 42.325 11.0896 21.0022 9.1581 11.0908 20.9949 9.1731 -0.636 -7.303 -3.069
16000400000033 56486727680 42.302 19.9633 20.2613 16.0190 19.9584 20.2575 16.0176 7.354 -18.669 -10.795
16000300000054 56409620480 42.282 5.8845 14.3192 10.1357 5.8998 14.3511 10.1083 -222.742 54.212 16.692
16000400000049 56369414144 42.273 4.3685 10.4503 10.4077 4.3696 10.4442 10.4082 25.170 -0.962 -6.266
16000400000003 56109568000 42.208 19.3474 2.1801 18.7581 19.3402 2.1803 18.7516 -19.473 -20.054 26.740
16000400000028 55777890304 42.124 10.0968 1.8158 14.7594 10.0889 1.8125 14.7613 4.781 89.084 -50.341
16000400000062 55753003008 42.120 23.6640 22.9253 20.6910 23.6632 22.9273 20.6940 -4.954 -16.697 -10.628
16000300000027 55577354240 42.073 23.2240 24.5710 18.8383 23.2228 24.5779 18.8388 14.798 1.485 10.199
16000300000053 55440797696 42.041 2.1987 14.0267 14.2805 2.1933 14.0208 14.2803 -23.885 -3.544 24.655
16000400000052 55420542976 42.034 2.9484 21.2208 23.7233 2.9540 21.2242 23.7265 27.169 54.824 -10.751
16000400000054 55297277952 42.002 23.4440 7.3901 23.5568 23.4400 7.3951 23.5559 -4.020 0.159 -11.392
16000200000066 54998163456 41.928 10.3455 17.3003 1.7591 10.3466 17.2921 1.7718 8.313 14.351 -67.038
16000500000026 54771838976 41.870 12.6043 9.7281 13.8208 12.6036 9.7348 13.8296 32.802 -39.760 40.161
16000500000018 53639454720 41.579 11.2711 20.0939 8.1641 11.2695 20.0939 8.1667 4.181 15.473 -11.359
16000400000047 53306699776 41.493 23.3497 2.4805 14.9514 23.3491 2.4796 14.9523 -38.225 -57.360 18.413
16000200000015 53187084288 41.463 10.9289 20.0240 4.1025 10.9297 20.0091 4.0864 0.187 64.009 -70.154
16000400000035 53050241024 41.428 11.8899 6.2497 5.7470 11.8956 6.2560 5.7457 -7.022 23.590 -4.357
16000400000018 52694695936 41.333 9.5183 17.3817 3.6324 9.5211 17.3835 3.6319 -21.531 4.387 -35.643
16000400000067 52638777344 41.320 0.5585 12.6119 8.4657 0.5568 12.6116 8.4710 36.501 1.585 10.027
16000500000001 52583288832 41.305 5.9127 23.9030 9.6139 5.9104 23.9014 9.6112 -1.057 -24.323 19.291
16000400000034 52581371904 41.304 5.9076 22.5114 19.0408 5.9020 22.5180 19.0429 19.649 18.690 -29.444
16000200000061 52481646592 41.278 4.8781 0.2380 9.0763 4.8758 0.2302 9.0782 34.188 29.462 -3.594
16000200000069 52456292352 41.273 10.2960 18.7505 17.0096 10.3087 18.7579 17.0245 -77.381 169.111 15.651
16000400000068 52310437888 41.235 17.3791 22.0302 11.9791 17.3777 22.0284 11.9751 -5.321 4.768 -3.468
16000300000070 52060651520 41.168 17.7490 5.8594 20.8945 17.7509 5.8581 20.9031 -13.294 -25.999 -2.108
16000200000077 51739021312 41.082 10.8940 10.5470 10.9484 10.9051 10.5315 10.9534 -52.332 -30.534 29.327
16000400000021 51552178176 41.034 6.5422 19.5589 10.4933 6.5322 19.5692 10.4937 -36.524 10.446 -30.203
16000400000020 51405049856 40.994 15.8089 11.9545 0.3467 15.8100 11.9509 0.3569 -140.072 26.940 18.193
16000500000030 51112402944 40.917 1.3485 20.9418 6.2348 1.3528 20.9402 6.2359 4.070 6.364 31.616
16000400000050 50401189888 40.724 7.3426 19.5794 21.1949 7.3368 19.5813 21.1898 -42.236 -5.467 52.538
16000300000059 50223583232 40.678 23.8216 0.5789 15.1871 23.8286 0.5731 15.1970 104.619 9.113 -96.401
16000300000076 50191597568 40.670 8.1476 17.9866 6.9372 8.1527 17.9932 6.9419 27.305 -20.418 22.864
16000400000059 50077794304 40.639 1.6161 17.4500 3.3333 1.6164 17.4457 3.3334 105.586 -50.282 42.428
16000300000035 49791475712 40.559 21.4825 12.9982 10.0046 21.4890 12.9970 10.0168 21.146 -91.386 -5.104
16000500000022 49421316096 40.460 9.6841 18.7069 0.0024 9.6878 18.7079 0.0034 5.550 26.774 -4.245
16000500000027 49196728320 40.398 15.9957 9.5452 11.0850 15.9975 9.5425 11.0785 -55.868 -15.214 -38.175
16000400000044 49141653504 40.383 1.3377 23.4544 19.0437 1.3354 23.4618 19.0434 16.495 1.709 -24.961
16000500000059 49089978368 40.368 8.8828 16.3916 11.0484 8.8681 16.3951 11.0536 23.154 159.799 -86.742
16000500000054 48814014464 40.293 19.9723 9.4021 23.2867 19.9702 9.4017 23.2896 -18.948 -16.961 -13.980
16000400000074 48693911552 40.261 10.0515 18.5386 16.8504 10.0471 18.5392 16.8498 16.519 -2.211 96.351
16000400000038 48647643136 40.247 17.9808 19.2888 14.4096 17.9926 19.2924 14.4032 92.504 -146.247 41.665
16000500000049 48193355776 40.123 2.6511 23.0314 11.5040 2.6481 23.0351 11.5049 4.902 -31.537 -57.229
16000300000025 48015052800 40.073 1.3093 10.9594 21.7906 1.2968 10.9544 21.7702 52.467 -96.130 3.424
16000500000073 47990935552 40.065 21.6844 11.3780 17.1138 21.6825 11.3808 17.1137 -0.004 -7.939 20.348
16000300000078 47861370880 40.028 14.9604 11.1677 4.4576 14.9639 11.1828 4.4745 247.357 -26.285 64.331
16000500000040 47653580800 39.971 19.8685 2.8262 18.3422 19.8662 2.8278 18.3407 -1.540 -15.690 -25.115
16000300000056 47593746432 39.954 2.3701 16.8896 7.3795 2.3847 16.9119 7.3774 -151.875 31.812 -303.717
16000400000073 47273664512 39.864 13.0171 15.3967 18.4601 13.0150 15.3781 18.4711 22.567 9.208 41.049
16000500000048 46804414464 39.734 15.4966 22.5401 5.1770 15.5074 22.5324 5.1854 16.528 42.368 -16.657
16000400000069 46623088640 39.680 12.8630 10.5754 14.3719 12.8653 10.5699 14.3581 -39.646 57.460 -31.163
16000500000053 46436139008 39.629 20.1516 24.0022 0.8817 20.1513 24.0022 0.8773 -15.322 5.314 9.798
16000500000023 46105858048 39.534 18.4330 22.3660 14.9998 18.4346 22.3696 14.9897 4.785 -55.791 -23.270
16000400000041 45903310848 39.477 20.0005 11.8564 13.5668 20.0189 11.8635 13.5463 -52.068 31.247 -13.304
16000400000065 45716537344 39.423 4.4216 11.2308 23.2080 4.4242 11.2394 23.2103 2.812 -7.911 -20.003
16000500000015 45402337280 39.331 24.3234 4.4876 14.8888 24.3296 4.4943 14.8898 70.425 14.663 23.532
16000500000034 45296480256 39.301 11.6275 7.0495 5.4639 11.6234 7.0485 5.4652 -10.096 35.168 -33.354
16000500000044 44996956160 39.213 6.2037 15.3762 11.8537 6.2058 15.3782 11.8516 1.354 -14.653 -0.267
16000600000031 44961894400 39.205 23.9532 18.8397 18.8612 23.9524 18.8352 18.8676 -29.437 27.282 26.609
16000300000048 44880416768 39.180 8.8635 22.6577 12.6213 8.8753 22.6359 12.6354 136.469 64.619 85.184
16000500000017 44540010496 39.081 7.0760 11.7861 22.4934 7.0755 11.7861 22.4967 -22.619 2.874 1.381
16000500000066 44502663168 39.069 23.6571 13.3538 8.5249 23.6572 13.3548 8.5267 8.136 -3.026 4.873
16000500000021 43885740032 38.890 10.8263 20.2368 4.7453 10.8234 20.2370 4.7516 50.825 -6.813 39.827
16000600000014 43560353792 38.792 8.7612 15.2078 5.8208 8.7635 15.2047 5.8185 -6.568 17.858 -12.677
16000500000047 43284279296 38.711 2.0329 22.9661 11.8750 2.0368 22.9682 11.8717 -104.396 -11.922 -112.828
16000500000036 42806452224 38.567 22.7805 24.9764 18.9589 22.7799 24.9782 18.9592 -16.814 54.324 -36.931
16000600000004 42696269824 38.534 1.1206 14.4447 11.8065 1.1209 14.4460 11.8063 4.438 4.647 -5.509
16000500000060 42491793408 38.474 23.2310 13.2206 8.8208 23.2291 13.2200 8.8186 4.249 -3.740 36.837
16000600000020 42273939456 38.407 14.8708 13.3930 8.4823 14.8682 13.3922 8.4846 -6.638 -27.718 -27.203
16000600000071 41942396928 38.307 13.8146 9.4328 7.4240 13.8143 9.4365 7.4289 -31.390 -0.164 5.055
16000500000075 41929510912 38.302 3.8408 21.7266 12.0967 3.8471 21.7277 12.1048 6.296 -19.465 -2.823
16000400000032 41774387200 38.254 22.0442 20.5117 15.0862 22.0448 20.5193 15.0962 9.017 -12.888 -6.555
16000600000034 41449791488 38.156 22.2112 8.0904 16.5178 22.2104 8.0925 16.5217 -0.664 -24.671 -5.505
16000600000037 41442500608 38.155 13.0265 20.5963 8.1521 13.0294 20.5933 8.1559 -22.929 46.424 -3.986
16000500000009 41125134336 38.055 20.4180 16.9616 12.0380 20.4202 16.9617 12.0366 14.715 9.242 -3.193
16000600000067 40847212544 37.971 1.7240 24.1822 10.2197 1.7249 24.1871 10.2234 -5.405 11.186 -2.909
16000400000011 40772956160 37.946 3.5641 8.6817 6.3009 3.5573 8.6793 6.3037 -21.434 53.944 -30.520
16000500000033 40760836096 37.943 20.5798 23.2396 20.4896 20.5903 23.2480 20.4857 -13.829 64.932 27.514
16000600000040 40453664768 37.847 15.8737 11.3278 4.5121 15.8818 11.3281 4.5127 -1.948 -22.299 -12.226
16000600000038 40347340800 37.815 6.8608 9.6145 8.1139 6.8623 9.6153 8.1169 14.510 -8.647 -7.867
16000600000023 40160702464 37.757 6.2024 24.4472 12.5798 6.1944 24.4477 12.5766 20.770 -28.774 -21.898
16000600000027 39121772544 37.427 15.7606 22.5049 15.2697 15.7561 22.5053 15.2603 -50.452 -35.111 12.688
16000600000013 38509056000 37.231 23.5212 2.4371 15.4051 23.5142 2.4298 15.4048 -44.475 24.753 -26.976
16000500000074 38476115968 37.220 14.9739 13.4116 11.4638 14.9625 13.4060 11.4696 16.588 -7.800 32.896
16000400000045 37970366464 37.058 8.4642 8.7932 4.0624 8.4621 8.7873 4.0582 -47.766 60.785 -47.844
16000600000005 37441417216 36.885 2.4987 24.9912 22.5867 2.5039 24.9983 22.5914 17.677 4.379 -52.058
16000700000031 37434691584 36.882 7.3230 14.4552 13.2426 7.3246 14.4537 13.2398 8.061 -6.687 2.211
16000600000058 37424640000 36.878 5.5667 9.1184 7.2602 5.5648 9.1179 7.2534 -6.828 19.204 -14.268
16000500000016 36799262720 36.672 0.6668 6.7823 15.0091 0.6730 6.7910 15.0171 29.640 -7.174 -7.845
16000700000022 36550176768 36.589 0.7256 22.6080 12.3420 0.7241 22.6109 12.3376 -16.294 16.880 10.626
16000600000073 36410232832 36.543 7.4865 12.7932 2.0399 7.4798 12.7996 2.0441 -8.463 -24.684 -8.442
16000500000039 36314800128 36.511 10.1317 16.1539 2.2402 10.1268 16.1574 2.2325 20.178 27.941 4.350
16000500000069 35844456448 36.351 5.4347 14.3987 13.6236 5.4233 14.3993 13.6202 8.055 35.553 26.118
16000500000063 35804938240 36.338 24.1756 19.6264 18.5457 24.1769 19.6252 18.5430 2.716 3.016 5.123
16000700000020 35638386688 36.282 15.8725 15.4197 8.3487 15.8698 15.4231 8.3453 29.265 6.399 -27.188
16000200000059 35453546496 36.218 17.3352 1.7719 18.6774 17.3399 1.7721 18.6820 6.116 19.454 18.565
16000600000065 35201798144 36.134 20.8417 12.6290 11.4574 20.8433 12.6246 11.4573 13.268 -31.582 -5.673
16000600000070 35164741632 36.121 16.0692 9.6716 9.9523 16.0682 9.6698 9.9560 9.741 -4.995 1.559
16000200000060 35017502720 36.070 18.3347 12.9145 10.0584 18.3656 12.9108 10.0862 -86.536 152.816 128.765
16000600000010 35005751296 36.066 6.2643 2.7339 8.8900 6.2650 2.7354 8.8885 -73.274 37.619 20.164
16000600000063 34959081472 36.049 9.1689 4.1295 13.5133 9.1742 4.1337 13.5098 -18.834 -17.661 2.381
16000500000035 34956742656 36.050 10.9343 18.0991 16.4824 10.9310 18.0922 16.4735 45.661 -19.426 -57.658
16000500000043 34538754048 35.906 17.8468 4.5401 20.6694 17.8413 4.5316 20.6725 -10.075 -43.425 -37.322
16000700000077 34232702976 35.800 24.4679 23.6968 20.4898 24.4676 23.7038 20.4861 -20.248 1.094 -6.472
16000600000047 33177960448 35.427 23.6943 4.6666 14.8723 23.6972 4.6693 14.8712 -2.350 9.507 12.397
16000700000057 33057308672 35.384 17.8600 18.8386 14.1129 17.8566 18.8420 14.1094 -8.861 38.074 30.438
16000700000067 32768714752 35.281 4.8793 24.8543 2.7675 4.8757 24.8506 2.7641 -12.524 15.883 21.157
16000700000069 32720676864 35.263 10.1005 13.9474 6.4614 10.1021 13.9465 6.4580 -2.087 -5.884 5.605
16000800000042 31625725952 34.866 9.3501 24.1870 8.2056 9.3520 24.1818 8.2052 28.117 4.532 15.518
16000800000008 31324956672 34.755 18.6844 19.5202 14.7746 18.6850 19.5217 14.7719 -7.396 -9.382 -5.694
16000600000048 31232970752 34.722 21.0900 5.7665 13.7768 21.0933 5.7545 13.7862 12.045 34.892 33.391
16000600000072 31095660544 34.670 17.0944 4.8836 20.9625 17.0968 4.8834 20.9618 -1.534 -4.546 -8.256
16000700000072 30594975744 34.482 9.6863 14.4806 5.2112 9.6846 14.4878 5.2088 -7.580 3.668 18.420
16000800000029 30448015360 34.427 16.8298 11.0936 3.4916 16.8293 11.0858 3.4912 1.954 23.082 -6.525
16000700000045 30276384768 34.362 9.0374 12.2319 2.4506 9.0446 12.2468 2.4464 -27.149 37.630 106.219
16000800000033 29931937792 34.232 15.9593 20.5088 14.6577 15.9653 20.5131 14.6450 12.491 0.409 1.460
16000800000043 29452589056 34.048 10.7889 20.4945 6.7146 10.7919 20.4944 6.7183 0.616 7.304 11.602
16000700000076 29274165248 33.979 3.9528 22.3122 5.4677 3.9550 22.3083 5.4646 3.692 -2.478 -10.094
16000600000053 29272946688 33.979 20.4387 0.7999 7.4289 20.4283 0.7991 7.4249 -8.910 35.481 23.864
16000900000005 27427268608 33.250 11.0412 18.9932 3.1797 11.0392 18.9979 3.1816 36.075 11.042 29.079
16000600000057 27311996928 33.203 14.5549 24.9443 17.8164 14.5565 24.9460 17.8158 5.164 -27.345 5.086
16000600000017 27177502720 33.149 11.7499 18.8124 18.1275 11.7596 18.8176 18.1369 30.739 -78.116 -22.920
16000600000021 26896869376 33.034 22.0679 4.8952 15.3981 22.0652 4.8944 15.4071 36.806 18.148 10.328
16001000000009 25995028480 32.661 13.0040 5.9379 6.3368 13.0032 5.9386 6.3383 -1.596 0.715 -1.614
16001000000042 25350678528 32.388 10.9090 5.4391 5.2586 10.9099 5.4392 5.2602 24.685 -31.873 20.642
16000700000041 25103847424 32.282 5.3584 10.0827 8.7661 5.3705 10.0757 8.7548 14.745 -28.572 32.142
16001100000004 24028602368 31.814 0.4096 22.0989 12.0820 0.4095 22.1002 12.0818 3.666 -15.999 -12.288
16000800000036 23549581312 31.601 23.2037 2.4071 15.1277 23.2023 2.4094 15.1341 32.053 26.577 -0.095
16000900000065 23229194240 31.458 24.4851 22.2441 21.3882 24.4779 22.2468 21.3824 21.473 10.261 7.545
16000500000006 22947762176 31.329 23.3116 2.2640 15.1854 23.2980 2.2636 15.1909 27.463 -22.970 55.112
16001000000031 22191896576 30.983 8.6471 3.3564 3.4211 8.6471 3.3468 3.4108 -6.958 -3.348 6.529
16001100000038 20498081792 30.174 22.9964 13.1781 9.1184 22.9962 13.1777 9.1169 -7.653 3.731 -6.391
16001200000015 19319377920 29.584 10.4830 20.8335 6.7328 10.4809 20.8319 6.7343 -13.769 -10.940 -19.345
16000800000052 15466027008 27.470 9.3419 13.3396 1.7889 9.3384 13.3415 1.7797 9.279 -5.374 -20.337
