haloID mh rh halo_x halo_y halo_z gal_x gal_y gal_z spin_x spin_y spin_z
15000000000000 2808358109184 142.513 15.3373 24.8510 18.6845 15.3708 24.9289 18.7002 1076.273 -275.227 -748.285
15000000000001 2005205647360 127.381 12.2213 19.0170 17.2190 12.2175 19.0399 17.2001 10.025 116.078 -154.246
15000000000003 1788162736128 122.604 23.7882 1.3194 15.2047 23.7868 1.2985 15.2382 -175.013 795.066 490.818
15000000000007 1610676568064 118.406 14.7397 10.8571 5.3042 14.7420 10.8681 5.3106 54.683 -198.242 86.932
15000000000005 1564894167040 117.277 11.3016 20.7711 9.9334 11.3079 20.7682 9.9507 252.794 -125.458 71.795
15000000000006 1502922932224 115.706 11.0498 17.9293 3.2480 11.0619 17.9598 3.3065 374.835 259.360 -197.847
15000000000009 1400041373696 113.000 23.5601 22.2785 22.3113 23.5724 22.2906 22.2758 -125.853 636.973 63.788
15000000000011 1241533644800 108.566 22.5396 0.3414 18.5094 22.5116 0.3649 18.5069 14.818 -39.856 -409.828
15000000000010 1211922907136 107.698 4.6044 13.3414 10.4182 4.6466 13.3661 10.4291 234.513 -332.566 -203.043
15000000000012 1198979153920 107.312 22.5582 23.4600 14.6084 22.5624 23.4506 14.5901 319.624 29.337 -95.471
15000000000008 1168086925312 106.382 9.2673 12.9096 1.8706 9.2371 12.8622 1.8894 209.018 -179.302 -309.085
15000000000014 1026368929792 101.894 7.9908 9.0441 3.7584 7.9828 9.0686 3.7285 85.425 17.505 -105.460
15000000000013 894026383360 97.310 4.4099 14.3768 13.3298 4.4050 14.3960 13.3330 -80.352 -148.624 -327.868
15000000000018 879044526080 96.761 6.8958 19.2108 21.0539 6.9008 19.2006 21.0477 -289.867 2.412 -116.632
15000000000016 872891875328 96.536 17.1689 5.0959 21.8410 17.1628 5.0965 21.8226 570.733 79.734 -193.469
15000000000004 762271105024 92.275 13.6199 19.9173 14.8482 13.6195 19.9133 14.8458 401.812 142.501 99.419
15000000000019 732237791232 91.045 20.1513 13.2016 10.4878 20.0950 13.2079 10.5117 -120.725 216.138 -124.288
15000000000015 684767313920 89.036 24.8961 21.7482 16.6713 24.9153 21.7637 16.7025 -104.754 6.053 135.629
15000000000021 676950048768 88.693 11.1903 17.5257 5.8286 11.1915 17.5199 5.8184 139.953 -320.415 -33.194
15000000000022 625687068672 86.396 20.8231 6.2175 13.0326 20.8380 6.2098 13.0451 -287.842 -225.670 -43.050
15000000000017 625633198080 86.394 7.4652 9.3631 7.7204 7.4184 9.3016 7.7805 -30.253 -622.758 -792.352
15000000000023 619359305728 86.102 20.6143 1.5904 18.7261 20.6433 1.5890 18.7306 -15.418 162.975 -336.059
15000000000002 595624984576 84.988 5.5358 23.8187 9.4321 5.5406 23.8099 9.4299 -128.864 125.585 -143.883
15000000000027 592136437760 84.822 15.0184 13.7571 0.0497 15.0196 13.7453 0.0484 307.543 16.879 -47.595
15000000000026 586433822720 84.552 6.1961 0.9340 9.1655 6.1807 0.9240 9.1686 -195.319 -119.158 -330.455
15000000000029 570047463424 83.754 6.1647 14.5931 11.4537 6.1558 14.6011 11.4777 8.098 -104.625 80.036
15000000000028 566518087680 83.582 15.0763 11.3137 7.9120 15.0633 11.3204 7.9160 -24.961 -75.365 58.962
15000000000024 549405786112 82.734 12.2791 6.3518 3.4041 12.2802 6.3635 3.4321 -18.548 -577.654 301.057
15000000000035 492595707904 79.775 15.3883 0.9039 19.5956 15.3650 0.9139 19.5957 -162.906 -155.022 -321.594
15000000000036 492205342720 79.754 5.6674 3.5662 14.7662 5.6557 3.5725 14.7627 -109.028 -160.950 -122.016
15000000000033 488685010944 79.563 20.5948 5.4456 17.1305 20.5922 5.4339 17.1272 99.393 -125.324 -38.260
15000000000032 480641122304 79.125 13.3853 0.2316 17.1342 13.3833 0.2265 17.1388 10.970 64.681 -92.668
15000000000020 479734693888 79.075 21.9408 4.9616 14.6238 21.9729 4.9095 14.6732 245.733 16.391 -252.256
15000000000025 464063660032 78.203 17.7985 4.9214 20.9701 17.7546 4.9373 20.9463 -87.436 -27.031 595.857
15000000000030 461125451776 78.038 15.1382 23.8779 17.9935 15.1283 23.8532 17.9804 296.005 -179.218 -29.775
15000000000034 444890873856 77.112 9.8742 14.8648 5.3486 9.8712 14.8442 5.3550 -110.053 -15.571 70.311
15000000000042 440907661312 76.881 24.3324 5.1714 14.8507 24.3247 5.1479 14.8509 -4.295 65.919 4.803
15000000000045 433545936896 76.453 21.2098 12.3487 11.9663 21.2092 12.3548 11.9537 12.139 9.755 -66.921
15000000000051 418066137088 75.529 12.4681 10.4750 7.4142 12.4603 10.4948 7.4106 23.508 35.196 97.018
15000000000040 416315736064 75.425 24.6711 1.8270 15.2150 24.6911 1.8490 15.2134 -15.878 27.256 22.900
15000000000046 414796709888 75.332 7.2532 11.3941 0.6047 7.2543 11.3987 0.6140 91.430 78.341 82.195
15000000000050 404968407040 74.734 23.1514 15.6808 13.1832 23.1394 15.6737 13.1860 21.019 -36.698 -37.255
15000000000043 401839783936 74.542 20.1417 20.5149 16.9750 20.1576 20.5073 16.9772 -3.870 -61.316 1.997
15000000000044 395482333184 74.145 14.2579 21.5468 9.8368 14.2452 21.5284 9.8363 -94.765 101.021 122.195
15000000000041 378969358336 73.097 21.0554 15.7394 19.8641 21.0673 15.7383 19.8752 -113.813 48.735 -31.651
15000000000052 375883726848 72.900 17.5741 9.8859 23.1604 17.5718 9.9073 23.1391 147.902 -39.809 -78.776
15000000000039 371151110144 72.593 21.5823 19.7458 15.1514 21.5969 19.7612 15.1544 -79.112 34.613 48.328
15000000000056 370211094528 72.531 15.8597 24.1355 16.7018 15.8495 24.1158 16.6786 232.484 21.759 -114.663
15000000000054 364389990400 72.150 1.3688 17.4388 3.7977 1.3692 17.4376 3.7909 28.016 21.514 29.521
15000000000049 351613419520 71.295 9.4305 21.9477 12.5818 9.4151 21.9479 12.5900 -77.699 63.214 -8.086
15000000000053 350243094528 71.203 7.3026 24.0654 12.8553 7.2948 24.0593 12.8503 -27.652 8.825 5.315
15000000000055 345141215232 70.855 9.8898 14.7042 4.6091 9.8907 14.7146 4.6039 -152.367 -85.983 -21.427
15000000000059 340625653760 70.545 1.1400 15.7970 7.2150 1.1455 15.7918 7.2317 75.783 0.145 -32.389
15000000000047 331273928704 69.894 24.4039 23.2044 20.7952 24.4062 23.2177 20.7841 -145.609 11.259 72.277
15000000000058 331182505984 69.887 10.4315 20.8418 5.7267 10.4350 20.8298 5.7318 -59.195 54.443 144.553
15000000000060 320131334144 69.100 1.7502 12.8832 10.2115 1.7565 12.8864 10.2232 93.552 178.824 -98.118
15000000000067 320019529728 69.094 21.6669 12.2259 11.0036 21.6642 12.2429 11.0103 -99.886 -27.415 -54.877
15000000000048 316896346112 68.868 10.3975 3.6354 14.8853 10.3826 3.6138 14.8748 -190.357 123.250 61.000
15000000000061 314027540480 68.658 15.9916 22.9563 16.8394 15.9882 22.9631 16.8464 18.727 49.961 -164.504
15000000000037 312048254976 68.514 2.8636 13.0246 10.3449 2.8914 13.0195 10.3388 6.250 -104.661 116.916
15000000000057 306342690816 68.094 4.8128 21.8035 11.4565 4.8219 21.8027 11.4625 -104.592 -272.552 17.213
15000000000031 297574531072 67.440 23.8591 23.5925 14.0543 23.8853 23.6617 14.0461 806.612 -312.574 -282.415
15000000000065 296618000384 67.365 9.0728 16.4459 24.8018 9.0782 16.4305 24.8156 -1.905 21.564 51.244
15000000000063 284108226560 66.404 7.7980 23.4580 8.0477 7.8066 23.4591 8.0448 -50.461 62.276 -76.086
15000000000069 271659761664 65.421 21.4131 17.6816 19.4236 21.4204 17.6671 19.4352 -31.192 -65.200 -128.480
15000000000075 270196015104 65.303 14.6185 0.1194 20.7394 14.6223 0.1226 20.7316 12.142 -171.437 -35.062
15000000000072 269698301952 65.264 13.4080 7.8610 4.4040 13.4076 7.8598 4.3984 26.404 -6.131 0.590
15000000000074 267458576384 65.083 5.9158 10.8204 9.1912 5.9191 10.8177 9.1739 71.502 107.428 14.140
15000000000068 260732780544 64.533 5.4707 20.9165 13.9170 5.4755 20.9198 13.9072 11.509 -17.005 -39.139
15000000000038 256831291392 64.209 14.8477 22.4995 20.9111 14.8613 22.5371 20.8740 167.423 61.703 133.120
15000000000080 256106446848 64.148 22.4000 10.5743 22.9413 22.3834 10.5784 22.9407 140.645 -157.335 -454.183
15000100000002 249093898240 63.558 12.9054 13.6738 18.1013 12.9037 13.6747 18.1003 -61.033 11.050 31.571
15000000000076 247884316672 63.452 19.7068 5.1623 18.0262 19.7264 5.1601 18.0360 144.005 12.927 -105.979
15000100000003 244420657152 63.157 5.3077 11.8343 9.8207 5.3026 11.8203 9.8145 86.554 -67.723 -60.538
15000100000001 243997474816 63.122 15.2935 16.6203 19.3323 15.2807 16.6126 19.3244 -1.531 -134.172 -0.371
15000100000008 242963496960 63.030 12.8715 14.2717 18.3347 12.8871 14.2876 18.3372 -173.566 85.170 105.419
15000000000066 241322016768 62.889 18.4845 10.3636 19.5394 18.5038 10.3773 19.5184 82.202 206.869 270.581
15000000000071 234784227328 62.317 16.8594 13.1877 9.0423 16.8547 13.1785 9.0351 24.115 37.878 -6.288
15000000000078 232966864896 62.153 16.3431 1.0477 18.7612 16.3494 1.0570 18.7539 21.542 68.441 167.528
15000100000007 232059387904 62.073 16.9227 21.7288 13.0173 16.9179 21.7223 13.0096 93.128 36.036 35.149
15000100000010 232058241024 62.072 13.1663 5.0597 11.8157 13.1728 5.0545 11.8172 -66.381 -26.140 -31.965
15000100000004 231611301888 62.033 20.3904 18.1611 14.0701 20.3946 18.1753 14.0719 -52.464 56.198 -87.069
15000100000006 224928415744 61.433 2.2820 19.6161 13.9691 2.2615 19.6120 13.9792 -25.898 58.675 -13.191
15000100000009 224568573952 61.400 6.3056 2.1781 8.9556 6.3033 2.1702 8.9543 -24.905 9.100 -75.561
15000100000018 220951969792 61.066 15.7474 24.2636 19.4259 15.7696 24.2762 19.4071 4.711 116.213 91.238
15000100000005 220211691520 60.998 17.8753 20.0208 14.5944 17.8860 20.0270 14.5965 -32.440 -36.153 -65.114
15000000000073 219731132416 60.954 10.7501 4.0995 11.5021 10.7514 4.0789 11.4989 -43.574 4.680 95.807
15000100000021 212887420928 60.315 8.1610 4.0894 13.7302 8.1470 4.0900 13.7331 31.193 -7.532 16.476
15000100000015 211537395712 60.187 5.7721 10.1354 5.7301 5.7545 10.1280 5.7290 -98.196 39.452 18.252
15000100000000 211135430656 60.149 9.6074 2.9786 13.4704 9.6093 2.9839 13.4668 10.679 110.633 157.249
15000000000077 204787236864 59.539 15.8494 1.7452 17.2181 15.8249 1.7568 17.2219 65.153 43.093 -111.008
15000000000062 202891132928 59.355 20.0169 13.1884 11.0009 20.0393 13.1731 11.0150 -15.115 58.221 5.912
15000000000079 200952479744 59.167 18.9733 3.3609 18.7949 18.9850 3.3601 18.8060 -36.479 16.379 17.889
15000100000030 200030289920 59.077 15.8147 3.3336 5.6503 15.8302 3.3287 5.6408 -19.674 -41.969 45.489
15000100000024 196613259264 58.738 2.5045 22.1386 15.7363 2.5161 22.1363 15.7359 -60.963 -80.828 44.262
15000100000032 194906750976 58.567 1.1437 21.4024 20.4405 1.1467 21.3836 20.4587 -76.642 -93.776 61.414
15000100000022 194542452736 58.530 6.8181 6.1925 7.7735 6.8150 6.1954 7.7904 248.159 -157.297 36.727
15000000000064 188459859968 57.913 21.3913 5.4901 16.3266 21.3868 5.4932 16.3595 290.297 -48.606 37.487
15000100000033 187654258688 57.830 6.2763 5.0467 13.8019 6.2626 5.0556 13.8025 75.308 85.931 -10.150
15000100000020 185662570496 57.625 10.7536 3.7664 13.8959 10.7421 3.7607 13.9227 25.356 -124.152 -2.140
15000100000017 185493241856 57.607 3.7936 6.8770 15.0165 3.7676 6.8749 15.0331 32.403 139.678 75.468
15000100000019 184664588288 57.523 11.3717 19.0956 17.6186 11.3616 19.0973 17.6240 -11.629 -89.404 -32.048
15000100000013 184578359296 57.515 21.1328 5.4124 16.8167 21.1393 5.3960 16.8112 -31.564 -96.721 78.434
15000100000029 182175432704 57.262 2.2448 8.4925 15.1999 2.2559 8.5031 15.1964 -117.692 213.114 318.759
15000100000012 182146154496 57.260 18.0596 12.2636 9.8733 18.0594 12.2612 9.8764 23.633 -27.993 -8.182
15000100000039 181945434112 57.239 8.7871 17.6543 22.8898 8.8069 17.6464 22.8982 -20.983 -402.107 -104.703
15000100000016 181207203840 57.163 7.4431 10.6332 2.1033 7.4457 10.6286 2.1016 30.029 -237.963 -37.110
15000100000035 180249444352 57.060 12.0080 4.6404 10.1181 12.0069 4.6377 10.1177 2.336 7.266 -5.670
15000100000031 177979621376 56.820 11.9667 3.4420 8.1572 11.9675 3.4300 8.1721 -55.558 52.585 37.349
15000100000042 177570742272 56.776 6.1790 3.2506 8.7190 6.1777 3.2338 8.7134 4.229 9.928 0.256
15000100000023 176604332032 56.673 12.7588 21.3438 9.4405 12.7405 21.3353 9.4430 -0.644 -4.259 -22.283
15000100000011 174783266816 56.479 13.1466 6.8748 10.5783 13.1536 6.8543 10.5937 14.071 -32.775 -68.776
15000100000038 171735465984 56.148 6.1037 14.3052 14.1217 6.0793 14.3059 14.1052 -227.265 217.273 348.005
15000100000036 169712173056 55.926 5.7308 1.5950 8.8868 5.7305 1.5875 8.8944 -47.480 92.609 87.804
15000100000025 168022392832 55.738 6.3781 21.1186 13.1310 6.3662 21.1088 13.1131 82.003 -103.632 -9.685
15000100000034 167467941888 55.680 17.1156 8.5291 24.0566 17.1151 8.5218 24.0541 -27.520 6.138 -61.665
15000100000049 164816568320 55.384 5.6544 18.4295 19.4989 5.6528 18.4330 19.4962 44.479 8.451 -52.262
15000100000050 162490974208 55.123 12.0233 6.8550 3.8479 12.0185 6.8572 3.8511 -36.938 -14.479 13.266
15000100000055 162286632960 55.099 10.3166 15.4991 4.6102 10.3185 15.5020 4.6073 25.619 -6.268 -23.353
15000100000046 160084688896 54.848 16.0720 14.3152 20.2371 16.0803 14.2894 20.2406 47.921 20.244 107.659
15000100000060 156874211328 54.480 1.1398 16.1790 22.4801 1.1392 16.1788 22.4794 15.360 -19.260 17.174
15000100000037 156774875136 54.467 6.3039 10.1169 5.0210 6.2893 10.1297 5.0363 -56.752 57.591 -8.503
15000100000044 156772597760 54.465 16.9437 10.5832 9.9469 16.9255 10.5644 9.9474 -33.535 -0.821 95.194
15000100000040 155756232704 54.348 13.6211 21.3167 24.2510 13.6097 21.3260 24.2526 21.418 52.221 31.106
15000100000048 154109837312 54.157 11.8669 2.1202 16.3356 11.8737 2.1178 16.3376 2.827 -5.975 140.832
15000100000065 153024217088 54.028 1.5703 9.0682 15.7134 1.5737 9.0799 15.7078 169.502 62.647 108.028
15000100000047 152521195520 53.971 10.5097 19.1629 1.2724 10.5119 19.1604 1.2808 123.015 -65.385 -17.893
15000100000045 151099047936 53.802 5.6986 20.2563 19.8143 5.6886 20.2611 19.8061 -10.016 45.571 33.440
15000000000070 148847181824 53.531 8.5533 17.6410 19.6614 8.5373 17.6532 19.6439 -35.290 -33.693 46.709
15000100000014 148584071168 53.502 4.9370 20.2214 15.2296 4.9247 20.2034 15.2275 63.098 -32.715 -91.738
15000100000043 146821103616 53.289 10.8960 7.4295 12.1935 10.8989 7.4352 12.1892 -42.146 18.583 -38.241
15000100000057 146820661248 53.288 6.7161 22.4463 19.4936 6.7309 22.4311 19.5035 -49.771 -98.828 -57.176
15000100000027 144644866048 53.024 16.3265 1.7917 18.0470 16.3161 1.7847 18.0526 31.125 -20.295 49.598
15000100000056 144464592896 53.002 11.5857 6.3834 4.8723 11.5854 6.3761 4.8691 10.167 20.093 10.530
15000100000051 144351707136 52.987 22.2538 20.8737 14.8796 22.2701 20.8872 14.8738 23.521 -98.194 -8.549
15000100000069 139904286720 52.438 13.4182 10.3776 8.0976 13.4276 10.3663 8.0961 39.068 38.793 14.088
15000100000052 137310060544 52.112 24.6119 23.5432 19.3629 24.6187 23.5531 19.3670 -27.674 -52.659 32.074
15000100000072 135641341952 51.900 8.3397 20.6956 21.9028 8.3465 20.7099 21.9119 232.578 -31.701 -188.613
15000200000002 134986842112 51.818 16.9701 3.8653 20.5293 16.9645 3.8637 20.5372 29.860 90.563 -38.539
15000100000063 133069520896 51.572 18.3516 0.3140 5.3399 18.3523 0.3163 5.3464 -4.654 6.192 -64.845
15000100000059 132673265664 51.520 15.7289 15.4013 19.8670 15.7337 15.4035 19.8717 -24.754 -11.939 -11.933
15000100000079 128456818688 50.968 8.8892 12.7283 15.1050 8.8811 12.7319 15.1098 48.300 14.275 8.937
15000100000058 128203726848 50.933 13.0008 4.6376 1.7111 12.9953 4.6566 1.7219 90.752 52.735 -82.940
15000100000068 128034693120 50.910 0.2750 21.9900 21.3823 0.2855 21.9920 21.3894 41.703 -57.304 31.668
15000100000061 126855004160 50.755 19.4561 13.2702 10.3883 19.4605 13.2765 10.3876 16.563 -51.791 -35.579
15000100000067 123898961920 50.359 19.1475 3.5271 18.1191 19.1433 3.5396 18.1282 -4.052 60.098 -17.199
15000200000003 120274731008 49.863 14.8620 8.2357 1.5469 14.8590 8.2349 1.5533 -13.018 -15.244 -24.438
15000200000016 120265785344 49.860 3.8696 20.1663 13.4804 3.8703 20.1694 13.4861 26.753 26.859 49.347
15000200000021 118365544448 49.596 7.1226 23.3676 12.8757 7.1177 23.3884 12.8655 52.895 7.448 228.018
15000200000012 118227656704 49.577 4.4004 21.2170 12.2449 4.4009 21.2137 12.2496 -4.862 -6.134 7.294
15000200000001 117997076480 49.546 0.6441 7.0636 12.9631 0.6536 7.0719 12.9609 -5.717 58.877 -0.570
15000100000026 116144463872 49.284 4.4956 14.4383 9.1723 4.4718 14.4544 9.1595 -99.107 7.680 90.157
15000100000074 116106518528 49.279 15.1936 13.6643 11.3076 15.2021 13.6565 11.2944 67.421 49.631 -15.581
15000200000025 113050615808 48.843 21.0703 21.2649 16.7813 21.0617 21.2658 16.7942 -21.798 20.045 -37.314
15000200000024 112906166272 48.822 17.2757 17.0646 13.0843 17.2741 17.0620 13.0832 -37.828 -11.440 -11.551
15000100000041 111846531072 48.670 0.2993 22.1243 17.3958 0.2807 22.1289 17.3750 281.929 194.154 -109.077
15000100000080 111135252480 48.565 12.8983 7.2568 5.0749 12.9014 7.2520 5.0686 -1.465 -48.541 48.127
15000100000076 110957256704 48.539 10.0230 15.1586 4.1513 10.0236 15.1551 4.1648 25.719 -18.728 -27.649
15000200000018 108821872640 48.227 9.9093 15.9667 5.0257 9.9208 15.9818 5.0276 91.459 -55.399 -66.344
15000200000011 108439838720 48.170 22.9652 19.7536 20.1640 22.9620 19.7629 20.1659 -8.392 -22.937 37.516
15000200000005 108008423424 48.106 24.7591 16.7038 0.0593 24.7571 16.7047 0.0618 -41.327 37.458 10.577
15000200000010 107158470656 47.979 6.7875 2.5600 14.6525 6.7857 2.5538 14.6594 -17.799 5.190 5.862
15000200000023 104961966080 47.650 16.7838 18.7748 13.6108 16.7898 18.7679 13.6214 -68.831 -30.425 18.225
15000200000039 104917049344 47.643 22.6404 17.1945 11.8693 22.6257 17.1912 11.8629 1.322 -253.701 91.757
15000100000070 104220221440 47.535 18.6936 13.5309 9.8206 18.6763 13.5197 9.8289 27.271 -22.287 36.989
15000100000073 104207097856 47.535 5.9525 8.2179 7.9095 5.9597 8.2289 7.8970 -43.839 71.973 73.369
15000200000007 104045477888 47.511 19.0489 3.6406 19.0205 19.0458 3.6383 19.0262 30.239 -65.736 -145.770
15000200000032 102315483136 47.246 11.2552 16.1761 22.3573 11.2580 16.1717 22.3516 5.880 25.107 17.124
15000200000019 102120906752 47.215 11.0891 18.8787 3.0663 11.0921 18.8589 3.0496 -113.332 115.179 -64.102
15000200000038 101785280512 47.164 2.7383 13.6428 12.0334 2.7415 13.6239 12.0428 -264.699 114.605 439.498
15000200000015 101008064512 47.043 23.8863 2.3142 13.9273 23.8852 2.3220 13.8973 100.944 -26.625 -8.846
15000200000004 100619272192 46.983 5.9791 8.7306 7.8023 5.9720 8.7675 7.8248 381.931 55.825 57.932
15000100000053 98916188160 46.717 23.5544 15.3235 12.9888 23.5457 15.3008 13.0083 26.703 -19.731 19.486
15000200000043 97981210624 46.569 8.2581 19.3422 18.9612 8.2500 19.3648 18.9393 -10.004 28.267 -29.507
15000200000014 97733517312 46.529 17.8673 22.9609 17.9791 17.8582 22.9853 17.9953 114.369 39.247 -6.246
15000100000054 97683636224 46.521 19.6440 15.6884 12.0786 19.6367 15.6701 12.0637 -52.051 68.675 59.624
15000200000029 97011834880 46.413 20.0107 3.9180 18.0684 20.0157 3.9180 18.0687 -1.065 40.656 5.432
15000200000000 96336044032 46.307 18.9718 2.8143 18.9594 18.9785 2.8230 18.9648 35.463 -13.634 -45.406
15000100000066 95360286720 46.148 18.1618 17.8187 13.8783 18.1399 17.7984 13.8532 165.624 89.344 -103.698
15000200000036 94205157376 45.963 8.2849 23.9644 12.6927 8.2878 23.9597 12.6940 -3.961 8.617 10.640
15000100000075 93853040640 45.903 15.9742 8.0118 0.1573 15.9853 7.9806 0.1444 -7.815 -81.483 128.785
15000200000006 93499047936 45.846 12.2789 5.7228 2.5790 12.2822 5.7309 2.5868 -24.462 27.397 -15.994
15000200000055 91944501248 45.592 17.7041 24.7186 18.6280 17.7148 24.7128 18.6247 11.028 0.169 40.751
15000200000074 91026833408 45.440 3.3905 20.0524 13.9739 3.3721 20.0446 13.9828 13.705 -31.982 38.366
15000200000051 90784120832 45.400 22.2626 18.7983 14.4755 22.2578 18.8003 14.4677 -54.538 9.430 62.268
15000200000065 89484214272 45.182 23.9780 3.4154 15.2102 23.9806 3.4147 15.2062 12.465 -43.950 30.263
15000200000062 88462934016 45.009 6.1874 1.7806 14.0230 6.1742 1.7708 14.0328 16.683 -1.304 44.909
15000200000058 88400281600 44.999 12.6890 10.9369 12.1800 12.6848 10.9383 12.1862 25.343 -4.850 2.586
15000200000033 87352573952 44.820 5.8835 24.3891 12.2313 5.8783 24.3797 12.2276 -3.312 2.591 16.195
15000200000044 87120658432 44.781 2.5513 23.2016 16.9539 2.5646 23.2059 16.9502 -0.531 -25.060 -36.817
15000200000035 86639050752 44.696 23.0292 4.0482 15.0924 23.0271 4.0490 15.0902 -19.880 34.827 -16.909
15000100000071 85966569472 44.580 16.4328 12.4182 5.7761 16.4089 12.4005 5.7642 -79.343 -31.972 165.225
15000200000075 85939486720 44.577 10.7682 13.9262 6.4189 10.7715 13.9090 6.4223 122.960 34.221 58.286
15000200000045 85306548224 44.466 24.4238 20.8029 16.0521 24.4324 20.8073 16.0438 13.035 -60.550 -18.515
15000200000041 84557266944 44.335 14.9572 13.2470 0.9211 14.9524 13.2308 0.9231 -29.811 238.631 -77.782
15000200000050 84170743808 44.268 21.2331 13.0374 10.2608 21.2362 13.0351 10.2429 70.950 -5.733 12.858
15000100000078 83139903488 44.086 14.2704 0.1315 21.2696 14.2874 0.1121 21.2941 12.221 23.370 -37.049
15000200000022 82871484416 44.040 7.5807 21.8683 12.9556 7.5936 21.8595 12.9552 32.425 83.857 -51.617
15000300000005 82471133184 43.969 8.4906 14.9310 13.3724 8.4846 14.9344 13.3655 -77.396 39.467 78.147
15000200000042 82320302080 43.941 11.2715 20.9020 13.6495 11.2844 20.8937 13.6536 22.736 41.969 -5.052
15000200000063 82034008064 43.891 9.1674 20.0847 11.8818 9.1567 20.0820 11.8920 -61.740 -17.374 -4.743
15000300000007 81902043136 43.867 10.2329 15.4524 4.1695 10.2394 15.4366 4.1655 89.683 29.467 97.354
15000300000020 81817542656 43.853 9.9809 9.4712 13.8264 9.9841 9.4698 13.8213 -41.816 -66.504 55.960
15000200000064 81381728256 43.773 6.7608 23.9282 8.6097 6.7597 23.9259 8.6028 48.853 -8.319 39.481
15000300000008 81142751232 43.731 0.3489 2.6106 15.0656 0.3482 2.6084 15.0650 61.773 132.909 -211.434
15000200000026 80514277376 43.617 14.3792 13.0942 11.7857 14.3731 13.0921 11.7939 17.406 34.445 31.466
15000300000010 80339124224 43.586 13.4694 6.9862 2.4453 13.4761 6.9761 2.4452 30.021 9.221 41.800
15000200000020 78978809856 43.338 11.0674 19.8397 3.2065 11.0723 19.8314 3.2170 90.313 71.248 -57.743
15000300000028 78743379968 43.297 15.8204 9.6457 9.5920 15.8164 9.6433 9.5852 6.377 -11.099 15.997
15000300000017 78146928640 43.186 21.7290 22.4263 14.7364 21.7308 22.4308 14.7346 -5.807 19.853 13.845
15000200000070 76549750784 42.891 20.4614 15.3873 19.9015 20.4739 15.3956 19.8988 49.410 -87.668 18.233
15000300000019 76490571776 42.879 13.1849 17.0933 7.4274 13.1810 17.0890 7.4257 12.659 -18.827 21.578
15000300000036 75499528192 42.692 18.3053 23.5905 20.4930 18.3030 23.5964 20.4893 5.538 -8.897 -97.813
15000300000018 75420917760 42.677 9.8240 3.8031 12.2790 9.8190 3.8056 12.2872 -16.807 -16.539 -10.956
15000300000006 75331174400 42.662 2.5950 11.0724 12.0141 2.5995 11.0734 12.0048 9.799 -49.476 2.672
15000300000015 75210563584 42.639 1.5940 13.0017 14.4471 1.6013 12.9908 14.4507 25.995 44.924 -12.806
15000300000004 75130880000 42.622 19.3672 12.2443 19.9371 19.3568 12.2379 19.9287 12.862 44.737 -49.394
15000300000000 75023769600 42.603 12.8903 6.1033 5.8682 12.8975 6.1129 5.8659 11.439 -22.402 36.612
15000200000076 74987716608 42.596 22.0419 19.5435 14.9509 22.0438 19.5327 14.9459 -24.888 29.365 -19.304
15000300000002 74711973888 42.544 9.2991 17.6250 19.2153 9.3051 17.6294 19.2143 7.540 -22.847 30.219
15000300000035 73982853120 42.406 20.1098 18.3767 18.2642 20.1036 18.3732 18.2707 -14.550 -21.019 -24.841
15000300000057 73539010560 42.321 4.1133 18.1861 1.4654 4.1088 18.1954 1.4754 6.899 -11.330 40.890
15000300000049 73328099328 42.280 15.7369 3.0829 10.8242 15.7246 3.0791 10.8111 60.184 22.228 -66.369
15000300000022 73117171712 42.239 3.7213 20.8863 19.5963 3.7157 20.8895 19.5966 48.847 -6.507 38.006
15000300000025 73100369920 42.236 17.5190 0.9051 18.8412 17.5119 0.9134 18.8385 -26.560 -21.972 -50.106
15000200000048 72677785600 42.153 1.8396 19.1137 4.4149 1.8441 19.1312 4.4204 -37.866 32.540 -60.137
15000200000013 72462606336 42.112 0.6724 21.7547 21.3780 0.6523 21.7572 21.3720 -18.415 49.794 147.464
15000300000037 72277090304 42.076 22.4818 18.3554 14.4154 22.4834 18.3529 14.4144 -16.942 46.324 -36.049
15000200000066 72267882496 42.074 15.0091 11.1629 4.6890 15.0068 11.1668 4.6855 11.930 41.580 -55.371
15000300000063 72257478656 42.072 15.2727 15.5014 12.6222 15.2791 15.4983 12.6173 -41.619 43.664 -59.648
15000300000027 71944429568 42.012 23.9610 18.1993 1.9427 23.9608 18.2032 1.9486 -23.184 -42.741 -2.916
15000300000052 71368753152 41.899 17.9494 22.3973 17.3180 17.9481 22.3990 17.3211 -34.924 -1.653 29.348
15000200000069 71341211648 41.895 22.9204 24.0042 17.9978 22.9323 24.0109 18.0240 113.599 -151.724 -18.170
15000300000043 70514319360 41.733 3.8187 23.5754 10.5918 3.8142 23.5842 10.5941 11.493 13.164 -31.855
15000300000014 69833981952 41.598 23.7860 24.0160 19.7946 23.7893 24.0109 19.7924 12.398 -0.665 17.286
15000300000026 69163958272 41.465 1.8697 21.7285 18.4912 1.8656 21.7294 18.4947 -27.808 19.306 17.093
15000200000047 69094473728 41.449 12.3099 18.3431 17.3892 12.3194 18.3456 17.3781 -101.425 -16.390 -33.773
15000300000060 68607062016 41.353 13.0656 14.9194 18.4300 13.0617 14.9306 18.4228 65.144 -26.601 -66.475
15000200000057 68091760640 41.248 23.2457 2.6753 14.9862 23.2486 2.6806 14.9880 -24.091 -61.627 -51.192
15000200000061 67560755200 41.140 12.7623 11.0021 15.7428 12.7490 10.9954 15.7436 7.799 33.208 -76.661
15000300000038 66608218112 40.946 9.5748 17.3471 22.1119 9.5799 17.3476 22.1100 -103.784 97.688 -59.472
15000400000003 66041294848 40.831 21.9235 10.2059 16.6347 21.9212 10.2045 16.6310 42.638 -75.365 -37.274
15000300000077 65478787072 40.714 10.5736 7.6968 4.2162 10.5709 7.7017 4.2040 -4.940 -16.166 -6.142
15000300000033 65064763392 40.629 5.2732 21.9595 7.4397 5.2764 21.9632 7.4534 76.657 -47.487 -3.863
15000300000070 64574742528 40.527 20.9703 24.1625 15.0530 20.9670 24.1734 15.0500 -32.539 -44.825 -12.020
15000200000030 63329509376 40.262 16.8701 12.4135 8.5497 16.9086 12.4158 8.5704 76.443 12.393 -158.586
15000300000079 62760267776 40.143 10.9194 1.6213 15.4875 10.9230 1.6198 15.4872 16.738 -32.076 9.995
15000400000006 62277111808 40.038 3.4776 11.3138 11.5161 3.4873 11.3197 11.5085 14.568 45.125 11.698
15000400000005 62161637376 40.014 11.9371 17.7594 19.7594 11.9364 17.7549 19.7555 12.465 -5.238 20.536
15000300000051 62000492544 39.979 24.9989 16.7275 24.2925 24.9880 16.7298 24.3048 -12.156 -98.851 -8.609
15000300000023 61708750848 39.917 0.6601 22.2337 17.7072 0.6648 22.2313 17.7025 40.255 44.032 9.442
15000300000029 61707882496 39.917 7.7891 0.9603 13.8355 7.7945 0.9567 13.8326 83.778 24.221 18.181
15000300000040 61472579584 39.866 24.7063 16.5605 1.5062 24.7066 16.5597 1.4919 -46.379 -15.481 5.595
15000300000041 60955152384 39.754 15.8815 24.1000 19.6144 15.8800 24.1025 19.6148 19.730 -43.090 -28.675
15000400000025 60718182400 39.702 15.6163 14.3482 11.3151 15.6080 14.3497 11.3143 11.637 23.370 25.554
15000400000002 60618829824 39.681 24.5632 23.5864 19.9582 24.5576 23.5771 19.9608 -37.490 12.394 -8.726
15000300000073 59321737216 39.396 16.7315 8.7086 24.6180 16.7339 8.7076 24.6093 -8.144 20.779 8.810
15000400000018 58985127936 39.321 13.6748 9.9263 9.2234 13.6799 9.9350 9.2167 -8.503 6.909 -14.299
15000300000069 58945794048 39.313 5.3993 9.5042 6.4383 5.3947 9.5016 6.4382 30.521 -31.182 -11.891
15000400000021 58676420608 39.252 12.3384 19.2213 10.7895 12.3337 19.2192 10.7914 2.415 30.877 -4.456
15000300000013 58553995264 39.224 24.7178 5.8839 14.4440 24.7218 5.8918 14.4409 15.636 -9.007 10.899
15000400000020 58388348928 39.188 23.5639 17.6238 19.4165 23.5663 17.6271 19.4214 73.960 -19.301 11.834
15000200000072 58134360064 39.132 14.3019 6.8766 9.9780 14.2978 6.8881 9.9792 -50.485 -17.715 213.372
15000400000001 58086572032 39.120 14.4821 1.6053 9.8439 14.4866 1.6033 9.8382 -7.022 -30.189 -31.706
15000200000028 56751243264 38.817 6.5207 12.3074 0.8074 6.5166 12.3219 0.8178 -33.571 58.763 -38.409
15000400000026 56565075968 38.776 7.6214 17.4307 8.6014 7.6121 17.4293 8.6020 -9.262 -20.918 -5.114
15000400000023 56175157248 38.687 11.4287 17.7371 6.4803 11.4389 17.7342 6.4672 -65.212 -96.631 -42.266
15000300000001 55910490112 38.626 4.6073 21.4345 11.8826 4.5933 21.4434 11.8771 -68.376 -88.014 -22.306
15000300000071 55660756992 38.569 11.0631 21.2137 8.9503 11.0657 21.2104 8.9641 -59.153 3.649 16.046
15000400000040 55642247168 38.565 17.4595 22.1175 11.7792 17.4625 22.1088 11.7850 4.663 -26.486 18.080
15000200000031 55593979904 38.553 18.8600 11.6464 19.5534 18.8640 11.6215 19.5510 -18.494 6.853 45.960
15000400000028 55146074112 38.447 16.3271 4.5371 1.5299 16.3271 4.5263 1.5240 -4.733 6.792 -9.468
15000300000048 55107964928 38.438 20.5056 19.0153 18.0221 20.5070 19.0282 18.0235 69.710 8.398 -40.925
15000300000074 55075581952 38.433 18.6329 19.4333 10.7755 18.6347 19.4375 10.7998 118.513 -72.160 17.369
15000200000071 54691954688 38.343 7.1929 12.7098 14.5758 7.1874 12.6944 14.5748 -78.666 27.716 41.008
15000400000019 54618574848 38.324 6.0877 14.9852 11.8725 6.0924 14.9862 11.8671 6.572 5.482 -28.102
15000400000000 53958844416 38.170 5.5428 14.0633 10.8951 5.5454 14.0662 10.8925 5.028 6.741 -25.393
15000400000014 53427478528 38.046 4.5611 21.5477 15.4527 4.5639 21.5440 15.4527 5.781 -5.659 -16.239
15000400000041 53336854528 38.024 19.9146 20.1862 16.0446 19.9136 20.1845 16.0482 -14.929 1.129 -20.706
15000400000033 53103484928 37.968 23.5917 22.8786 20.7453 23.5935 22.8808 20.7498 -5.689 -2.335 -0.712
15000400000013 53089693696 37.964 6.5792 5.6090 8.0288 6.5823 5.6152 8.0256 -12.988 -17.949 52.298
15000300000059 52729806848 37.878 5.7415 5.0411 14.1024 5.7351 5.0271 14.1072 21.450 11.136 54.958
15000200000027 52689039360 37.869 13.9054 8.6588 8.6741 13.9225 8.6432 8.7224 155.455 -90.333 -56.244
15000400000057 52260638720 37.765 10.5063 5.0218 7.3847 10.5123 5.0256 7.3883 -5.074 -0.298 0.245
15000300000011 52031897600 37.712 10.8803 20.1568 4.0903 10.8857 20.1608 4.0824 24.146 66.341 5.245
15000400000022 51373768704 37.550 1.4601 23.6268 19.1887 1.4530 23.6294 19.1854 18.185 -48.938 -2.514
15000200000059 51309895680 37.537 16.7170 16.8380 9.7399 16.7043 16.8549 9.7359 1.494 -13.645 13.557
15000200000078 51105394688 37.485 6.0133 23.8165 9.2385 6.0152 23.8171 9.2270 -14.738 -0.918 9.573
15000300000061 51095347200 37.484 6.3176 14.6646 12.8889 6.3186 14.6727 12.8978 72.562 -22.980 7.828
15000200000037 50828816384 37.419 15.5428 1.5806 18.2985 15.5450 1.5762 18.3059 30.825 -45.087 -23.736
15000400000047 50702114816 37.388 4.6365 0.3620 8.8116 4.6353 0.3622 8.8052 121.238 14.127 -127.667
15000500000016 50620428288 37.367 11.8736 14.1433 21.2887 11.8773 14.1433 21.2875 8.441 6.057 -5.474
15000400000031 50448539648 37.323 22.3219 18.4936 14.6523 22.3268 18.4956 14.6530 7.694 -10.660 27.434
15000500000022 50047537152 37.226 11.2628 20.1237 8.0490 11.2651 20.1244 8.0524 2.146 -10.100 6.103
15000100000064 49871503360 37.180 16.3021 2.7980 19.7596 16.3337 2.7952 19.7705 1.439 5.611 -38.650
15000300000021 49393078272 37.063 10.9063 10.5659 10.9935 10.9030 10.5487 10.9916 -26.180 -0.596 102.828
15000300000039 49391669248 37.061 24.7549 16.5932 0.4655 24.7509 16.5954 0.4661 -23.377 -28.939 19.137
15000200000080 49163190272 37.003 15.8776 12.0263 8.5194 15.8779 12.0209 8.5163 -32.657 75.870 12.897
15000400000017 49116729344 36.993 23.2826 24.6019 19.1372 23.2841 24.6013 19.1389 2.497 -0.642 2.806
15000400000046 48933658624 36.948 17.8607 6.0516 20.9834 17.8614 6.0562 20.9844 -44.848 -4.459 7.413
15000300000042 48859684864 36.927 1.1919 9.3470 6.9233 1.1619 9.3643 6.9260 33.721 42.099 35.339
15000500000028 47809077248 36.663 18.3201 1.1685 19.9086 18.3203 1.1688 19.9115 1.437 -31.696 -18.658
15000400000052 47659663360 36.624 15.6757 8.6128 0.7775 15.6697 8.6093 0.7784 9.722 -8.177 31.891
15000500000020 47591473152 36.605 20.2274 24.0322 0.9541 20.2267 24.0339 0.9525 1.743 -3.170 4.562
15000400000016 47389503488 36.553 22.1090 9.2618 16.6214 22.1123 9.2571 16.6233 48.380 -63.812 85.092
15000300000064 47355703296 36.544 18.8884 13.4515 10.4750 18.8872 13.4506 10.4809 -8.050 -112.885 -4.475
15000500000015 47307161600 36.532 23.5295 7.3589 23.6569 23.5338 7.3556 23.6573 17.465 10.633 -17.892
15000300000030 46679302144 36.371 14.4668 21.1486 16.0259 14.4650 21.1529 16.0132 43.920 -2.197 30.710
15000500000062 46286528512 36.268 16.0275 9.5076 11.1712 16.0287 9.5092 11.1721 -42.621 -35.115 -21.816
15000400000008 46170238976 36.239 2.1530 13.9878 14.4245 2.1502 13.9980 14.4298 -139.591 -46.418 11.366
15000400000050 46091464704 36.217 18.7244 13.2457 10.2462 18.7192 13.2428 10.2393 -33.640 -8.621 56.774
15000500000047 45951557632 36.181 4.2607 10.2747 10.3760 4.2617 10.2788 10.3759 6.554 15.049 -5.165
15000300000058 45692506112 36.112 3.2855 20.9834 14.3130 3.2882 20.9933 14.3014 90.204 -55.390 -36.753
15000500000008 45471973376 36.055 11.8799 6.1105 5.7837 11.8736 6.1063 5.7864 19.730 -28.853 -14.605
15000500000027 44203847680 35.717 9.5959 18.7976 0.0130 9.5999 18.8004 0.0155 11.212 -7.023 -19.697
15000500000053 44091084800 35.686 21.7731 11.4026 17.2075 21.7740 11.3956 17.2024 8.897 0.323 -7.362
15000400000078 43991846912 35.659 11.5349 7.0444 5.4974 11.5372 7.0385 5.4984 -6.249 -0.243 10.210
15000400000060 43967537152 35.651 4.3355 11.1569 23.2243 4.3316 11.1572 23.2189 -16.778 9.991 -2.274
15000400000068 43867734016 35.626 24.5229 4.4971 14.9034 24.5282 4.4999 14.9078 44.491 39.768 34.258
15000600000012 43691249664 35.578 20.0984 2.9499 18.4111 20.0948 2.9508 18.4095 -7.664 -17.220 -8.364
15000500000017 42613633024 35.283 7.3712 19.7466 21.3500 7.3695 19.7454 21.3496 -12.639 -5.042 35.334
15000500000051 42363924480 35.213 12.8204 10.5392 14.4415 12.8193 10.5328 14.4305 -3.316 -16.863 15.237
15000500000048 42361966592 35.213 23.5972 13.3470 8.3283 23.5940 13.3491 8.3251 -47.586 -14.524 16.626
15000500000029 42339471360 35.206 10.1754 15.3263 5.2526 10.1615 15.3229 5.2560 -42.383 38.343 -38.472
15000500000067 42096607232 35.139 8.5612 15.2493 5.7875 8.5635 15.2437 5.7882 -9.907 15.175 -7.393
15000500000043 41507627008 34.974 20.1155 9.3625 23.3582 20.1215 9.3585 23.3579 8.586 -4.649 10.172
15000600000026 41232207872 34.897 23.9911 18.7232 18.9231 23.9941 18.7207 18.9227 -29.582 17.099 37.594
15000600000027 40647553024 34.731 14.8208 13.4951 8.4881 14.8187 13.4950 8.4904 -10.795 -33.083 -13.203
15000500000019 39878152192 34.510 10.7969 20.3955 4.6821 10.8022 20.3911 4.6845 24.080 6.922 53.880
15000300000046 39768621056 34.478 9.4396 2.7131 13.6470 9.4300 2.7013 13.6498 61.647 -85.509 -9.071
15000500000035 39535296512 34.412 3.7090 21.7148 12.0467 3.7057 21.7125 12.0448 5.847 -5.569 -19.752
15000500000040 39412400128 34.375 1.0884 14.5035 11.7713 1.0912 14.4967 11.7706 30.811 17.074 -11.538
15000500000042 39173636096 34.306 1.2608 21.0038 6.1792 1.2626 21.0002 6.1775 15.073 4.361 3.974
15000300000068 38919356416 34.231 1.3336 10.9385 21.8517 1.3186 10.9272 21.8368 1.015 -12.175 3.681
15000500000005 38038089728 33.970 20.4474 17.0018 11.8882 20.4494 16.9960 11.8905 21.286 10.705 -4.849
15000600000053 37932490752 33.939 13.8958 9.2865 7.3865 13.8956 9.2857 7.3889 5.225 17.404 -3.470
15000600000060 37594439680 33.840 22.9078 0.1561 19.3894 22.9104 0.1547 19.3883 -27.614 68.971 -42.809
15000500000069 37435334656 33.791 14.8983 13.4167 11.4803 14.9002 13.4255 11.4844 35.471 -14.901 88.774
15000400000010 37379252224 33.775 8.5260 8.6115 4.0250 8.5450 8.6201 4.0240 -44.604 85.781 -59.634
15000600000020 37272547328 33.742 3.4131 8.6217 6.1594 3.4186 8.6196 6.1613 -3.666 -9.399 14.484
15000500000064 37216755712 33.725 8.9015 16.3940 11.0453 8.9171 16.3838 11.0404 -4.712 122.056 -237.358
15000600000031 37012287488 33.663 22.2821 8.1768 16.6252 22.2779 8.1808 16.6244 -22.739 -28.130 4.484
15000600000055 36327473152 33.454 17.2018 5.4409 22.2158 17.1999 5.4362 22.2171 2.574 -14.500 19.396
15000600000039 35899121664 33.323 5.4893 14.3646 13.7994 5.4849 14.3637 13.7990 7.745 6.190 24.400
15000500000052 35678470144 33.255 17.9847 4.5358 20.6513 17.9884 4.5334 20.6543 -60.279 -3.761 -47.168
15000500000002 35374170112 33.159 10.0408 16.1357 2.1309 10.0393 16.1372 2.1283 10.928 16.331 9.948
15000600000052 35081707520 33.067 10.8701 17.9391 16.4026 10.8548 17.9316 16.3952 23.976 39.146 -93.973
15000700000018 34785329152 32.974 16.1213 11.3026 4.4397 16.1177 11.3006 4.4456 -0.191 2.130 -4.056
15000600000074 34582671360 32.910 1.5845 24.2582 10.0273 1.5801 24.2567 10.0251 0.224 18.458 -0.398
15000400000076 34529067008 32.894 6.1635 2.8125 8.8023 6.1645 2.8101 8.8066 -82.128 29.428 9.572
15000700000038 34373251072 32.843 15.7347 22.6016 15.1104 15.7357 22.5999 15.1031 -46.468 -25.653 6.838
15000600000045 34326804480 32.829 7.3003 12.8406 1.9753 7.2993 12.8394 1.9740 -2.940 11.257 -2.466
15000700000040 33765404672 32.649 0.6733 22.5511 12.1112 0.6740 22.5446 12.1150 -11.933 -8.124 -1.536
15000600000010 33640298496 32.608 5.3534 9.0223 7.1627 5.3533 9.0164 7.1623 6.906 10.092 -5.906
15000600000061 33473527808 32.555 10.2950 17.1831 1.8030 10.2952 17.1828 1.8003 -16.999 -23.489 9.091
15000600000006 33434836992 32.541 13.0543 15.4208 18.4938 13.0585 15.4138 18.4971 24.691 13.493 9.765
15000700000053 33314316288 32.502 24.5757 23.9745 20.7468 24.5766 23.9811 20.7484 13.278 -3.651 -26.577
15000600000078 33199716352 32.466 24.2092 19.5193 18.6268 24.2051 19.5138 18.6278 -3.818 -1.641 -15.815
15000600000007 33093298176 32.430 6.2554 1.4097 9.0329 6.2603 1.4081 9.0325 24.257 22.881 -31.532
15000600000054 33046960128 32.416 9.1508 4.2782 13.5446 9.1523 4.2824 13.5498 -54.329 -10.349 24.065
15000400000067 32897318912 32.367 23.4147 2.6355 15.3797 23.4144 2.6277 15.3780 0.491 -7.579 25.070
15000500000030 32720871424 32.308 18.4324 22.4592 14.8815 18.4230 22.4593 14.8787 12.447 -19.288 -24.427
15000700000021 32165316608 32.125 17.3994 1.9691 18.6011 17.4064 1.9777 18.6025 11.172 35.169 22.339
15000500000066 32057036800 32.089 7.2818 11.2022 0.9548 7.2803 11.1968 0.9624 37.871 -32.722 -0.902
15000500000060 31905964032 32.039 23.7376 4.7606 14.8700 23.7335 4.7663 14.8687 28.620 32.070 54.495
15000600000071 31897409536 32.036 16.1494 9.5572 10.0285 16.1486 9.5513 10.0337 5.295 -6.299 15.964
15000600000056 30966046720 31.720 17.1386 4.9083 21.0982 17.1390 4.9088 21.0924 -28.834 26.707 -9.588
15000600000050 30793404416 31.661 6.8111 9.7267 8.1114 6.8113 9.7210 8.1059 9.888 0.568 -25.249
15000600000080 30372950016 31.517 18.6290 19.3911 14.8738 18.6333 19.3866 14.8714 0.562 -12.822 -10.404
15000700000076 30237616128 31.470 17.8206 18.7347 14.0087 17.8251 18.7410 14.0122 -17.296 10.933 14.256
15000700000058 29806002176 31.320 10.0902 13.9205 6.5731 10.0885 13.9270 6.5626 -43.951 -18.296 -9.439
15000700000008 29352939520 31.160 23.9337 24.1005 14.1390 23.9330 24.0866 14.1323 -102.461 5.095 -18.626
15000800000013 28723046400 30.935 10.8393 20.5414 6.6344 10.8412 20.5410 6.6386 8.035 -14.741 9.325
15000300000047 27146141696 30.357 10.2008 18.6496 16.9348 10.1883 18.6694 16.9677 -40.374 62.458 -62.058
15000800000074 26701428736 30.191 9.6420 14.2397 5.2147 9.6372 14.2394 5.2143 0.038 7.856 7.031
15000500000004 26629484544 30.164 21.5293 5.1826 16.2040 21.5365 5.1889 16.2167 25.905 -55.198 -13.168
15000800000077 24515121152 29.345 11.1371 20.0084 3.8557 11.1383 20.0090 3.8570 9.820 -13.718 -5.733
15001000000048 23632629760 28.987 10.7894 5.2883 5.1805 10.7884 5.2872 5.1790 15.164 -36.176 33.471
15000800000062 23407990784 28.895 22.0246 5.0088 15.4539 22.0229 5.0117 15.4523 9.321 4.461 1.788
15001000000064 22440925184 28.492 0.3169 22.0148 11.8474 0.3155 22.0170 11.8461 -2.394 -1.194 -2.554
15000700000029 22286331904 28.427 9.0732 11.9871 2.5093 9.0883 11.9943 2.5102 -15.246 1.379 5.414
15000500000011 19961810944 27.401 23.3028 2.4290 15.0883 23.3033 2.4344 15.0914 -11.573 8.080 9.167
15001000000055 19494727680 27.186 22.9594 13.1387 8.9423 22.9632 13.1366 8.9436 -13.798 -11.925 -13.751
