haloID mh rh halo_x halo_y halo_z gal_x gal_y gal_z spin_x spin_y spin_z
23000000000000 13187941400576 414.392 16.1436 24.7176 18.1516 16.1498 24.6983 18.1231 472.538 -2266.982 388.017
23000000000001 4534750937088 290.302 5.1397 13.8313 10.9180 5.1165 13.8532 10.9476 673.564 -1537.370 1352.316
23000000000004 3936440811520 276.929 23.3721 0.8042 15.5731 23.3721 0.7955 15.5629 -144.645 570.649 -310.947
23000000000003 3779359408128 273.197 12.0534 19.3245 16.8952 12.0807 19.3477 16.8605 43.843 -356.438 275.836
23000000000005 3632389947392 269.610 12.5332 7.3754 4.8127 12.5856 7.3869 4.7536 3217.755 -253.879 3835.424
23000000000006 3172661460992 257.722 23.0115 23.5683 15.8965 22.9989 23.5582 15.8919 287.565 -126.899 255.394
23000000000008 3003553415168 253.063 11.5366 20.4841 10.3636 11.5187 20.4905 10.3619 -141.184 -1259.600 -57.826
23000000000002 2993857232896 252.780 19.5803 13.1192 11.2158 19.6974 13.1436 11.2262 110.445 1285.776 1843.803
23000000000007 2872828755968 249.329 10.6763 17.4893 3.6142 10.6690 17.4856 3.5718 77.910 370.010 -69.884
23000000000009 2730176282624 245.135 6.1805 24.1375 10.6711 6.1587 24.1437 10.6694 -18.498 -35.670 -222.502
23000000000012 2507541577728 238.286 14.2853 11.0252 5.8338 14.2912 11.0211 5.8547 146.583 -332.018 -221.170
23000000000013 2489963773952 237.721 9.1155 12.9660 2.6554 9.1281 12.9701 2.6568 23.504 64.374 212.478
23000000000010 2480836706304 237.439 17.3044 4.2394 20.3241 17.3000 4.2291 20.3262 -672.727 614.185 -492.096
23000000000015 2380920520704 234.202 21.9604 24.5804 17.2013 21.9519 24.6016 17.2258 -40.360 -371.717 230.887
23000000000014 2273162821632 230.611 24.3635 22.4338 16.6451 24.3759 22.4317 16.6585 275.538 246.525 -347.110
23000000000018 2270089183232 230.509 13.6827 20.2823 15.3078 13.6861 20.2848 15.3086 15.292 -195.553 -264.779
23000000000011 2251646828544 229.884 5.1642 14.6482 12.1725 5.1640 14.6528 12.1742 -72.654 -542.464 64.482
23000000000023 1874819022848 216.272 10.3656 15.2663 5.0606 10.3629 15.2583 5.0558 466.496 -70.094 107.272
23000000000020 1867441897472 215.985 8.7933 10.0928 4.6502 8.7889 10.0803 4.6622 1026.595 -267.440 -1106.193
23000000000017 1867116052480 215.972 7.2641 9.8098 8.1152 7.2558 9.8176 8.0906 -126.925 501.813 238.639
23000000000016 1842565480448 215.016 23.8647 22.3614 19.9608 23.8757 22.3571 19.9637 106.804 -109.498 -80.920
23000000000019 1747243499520 211.246 10.0235 2.8628 13.6452 10.0040 2.8803 13.6446 359.710 477.491 -569.551
23000000000021 1736710029312 210.826 22.1546 4.0566 15.4483 22.1688 4.0688 15.4786 1614.498 640.555 -641.186
23000000000022 1596989898752 205.012 18.7642 2.0631 17.9960 18.7478 2.0854 18.0029 -518.702 -524.899 -246.668
23000000000024 1577884057600 204.192 7.4507 19.4797 20.0839 7.4602 19.4834 20.0862 -465.391 -67.075 -448.955
23000000000025 1571819880448 203.927 21.5300 20.8238 15.7273 21.5310 20.8431 15.6866 36.146 -683.239 -2.517
23000000000032 1238039527424 188.327 20.5716 21.0064 15.9611 20.5724 21.0065 15.9600 -18.009 46.446 -72.443
23000000000027 1229977157632 187.915 20.7531 4.0985 16.2688 20.7489 4.1033 16.2820 -208.594 233.263 375.891
23000000000031 1171563741184 184.900 10.8362 17.3276 5.8158 10.8348 17.3275 5.8001 167.394 -455.068 1145.070
23000000000028 1151091867648 183.807 8.4146 12.4266 1.8127 8.3999 12.4175 1.8011 -167.525 769.703 169.165
23000000000029 1102809792512 181.203 6.9902 23.5394 12.8144 6.9663 23.5405 12.7843 -98.912 -36.822 259.256
23000000000039 1011842220032 176.084 21.2577 5.7415 14.4302 21.2562 5.7446 14.4269 -133.354 -110.785 -96.528
23000000000034 1006638858240 175.783 13.0572 15.2001 17.9297 13.0658 15.1847 17.9170 294.370 141.329 84.207
23000000000030 1000757002240 175.433 14.6827 11.3814 7.9166 14.6904 11.3864 7.9286 301.762 12.477 -354.482
23000000000035 986645266432 174.602 22.9063 15.9247 13.2362 22.9047 15.9269 13.2326 -2.862 -416.657 -57.268
23000000000033 975285846016 173.937 5.1012 21.9854 12.5391 5.1177 21.9951 12.5218 -131.617 91.547 22.667
23000000000040 964944134144 173.314 6.2043 0.1024 10.3390 6.2112 0.0838 10.3419 -60.756 -107.999 -356.865
23000000000038 955563245568 172.749 23.3092 4.0238 14.9787 23.3126 4.0225 14.9869 -128.706 -174.017 -494.509
23000000000044 914577227776 170.251 10.5684 19.8786 6.8857 10.5590 19.8780 6.8622 -304.028 -407.191 -292.547
23000000000041 903115374592 169.535 5.2180 21.6053 13.5883 5.2057 21.5725 13.5969 13.632 -41.517 -155.619
23000000000043 844292161536 165.769 20.1243 0.7193 17.3385 20.1300 0.7158 17.3382 -226.792 397.531 -668.314
23000000000052 831141052416 164.906 20.9023 16.3883 19.0131 20.8975 16.3861 19.0202 -435.829 188.971 314.563
23000000000045 818559254528 164.071 15.3844 23.7971 18.5411 15.3779 23.7920 18.5423 -179.803 10.640 -297.463
23000000000048 806992084992 163.291 14.6228 13.5927 0.0614 14.6248 13.5922 0.0580 973.385 -113.539 86.895
23000000000046 766882021376 160.541 3.8311 20.9107 14.0501 3.8048 20.9058 14.0260 389.057 -154.909 -79.689
23000000000047 761548242944 160.163 16.8408 9.5538 23.1376 16.8458 9.5566 23.1359 12.935 -381.866 266.192
23000000000051 734826856448 158.273 1.4288 17.5028 4.1183 1.4305 17.5105 4.1210 244.499 -34.888 -23.039
23000000000042 728514625536 157.820 13.0234 7.1252 10.2605 13.0293 7.1088 10.2704 -116.314 -153.915 -99.552
23000000000026 728365924352 157.804 23.6789 22.4017 19.1731 23.6840 22.4022 19.1727 -613.419 107.851 -265.395
23000000000049 712534458368 156.656 1.7389 8.5944 14.7114 1.7333 8.5943 14.6987 -175.913 -75.936 12.698
23000000000054 696186372096 155.441 9.0891 21.8060 12.7303 9.0734 21.7960 12.7324 126.504 486.611 222.035
23000000000037 685764378624 154.672 15.7610 8.2779 0.4163 15.7655 8.3360 0.4564 2930.814 -476.088 563.261
23000000000050 650298589184 151.954 16.3033 12.4046 9.4643 16.3269 12.4021 9.4724 209.420 486.097 -906.614
23000000000058 639243452416 151.084 1.7201 15.6095 8.1129 1.7291 15.6071 8.1087 18.880 267.866 -165.916
23000000000062 630904061952 150.432 9.2609 19.0045 19.0158 9.2632 19.0148 19.0243 44.663 66.461 -21.815
23000000000059 619168923648 149.488 18.2810 20.3623 14.9844 18.2710 20.3726 14.9851 -308.071 102.712 -81.717
23000000000055 617902964736 149.392 21.3374 18.2808 18.1224 21.3608 18.2861 18.1515 -80.772 45.396 -204.048
23000000000056 596176994304 147.615 16.1576 8.5248 24.0134 16.1498 8.5395 23.9865 -223.945 412.490 17.413
23000000000063 592377872384 147.302 6.1086 2.6349 13.8666 6.1043 2.6377 13.8657 -0.466 -297.960 -206.648
23000000000036 587710398464 146.908 13.3925 10.6364 7.5932 13.4365 10.6437 7.5945 63.165 439.231 429.105
23000000000064 578621472768 146.151 13.0882 21.0788 10.5057 13.0828 21.0782 10.5037 35.592 -17.177 12.771
23000000000057 570728906752 145.481 18.4649 10.7299 19.2035 18.4653 10.7219 19.1972 287.038 360.349 771.203
23000100000001 518135808000 140.867 14.4665 17.0571 18.8064 14.4665 17.0512 18.7991 -40.987 -195.300 37.220
23000100000003 501445623808 139.344 11.5789 3.8811 9.3265 11.5769 3.8790 9.3097 -127.984 153.755 -18.744
23000000000065 489768910848 138.251 3.1616 13.5918 10.8918 3.1696 13.5928 10.8933 378.704 455.486 -314.803
23000000000061 482798895104 137.587 13.1280 11.4428 15.0769 13.1238 11.4540 15.0790 26.274 22.234 21.256
23000100000006 474142146560 136.762 9.8839 16.8017 0.0671 9.8822 16.7972 0.0628 240.456 47.933 59.379
23000100000011 466900713472 136.070 16.6634 21.1767 14.2738 16.6730 21.1799 14.2753 -67.565 -42.997 -23.083
23000100000009 463719858176 135.756 19.7434 3.4446 17.0318 19.7418 3.4460 17.0311 75.158 -410.480 -51.767
23000100000007 462142111744 135.602 14.4014 13.1069 11.7057 14.4034 13.1113 11.7114 -24.322 -33.459 -166.158
23000100000014 461437403136 135.529 7.4245 23.3672 9.5876 7.4271 23.3661 9.5804 -270.097 267.336 -303.622
23000000000053 461335232512 135.521 4.8002 21.2270 14.1418 4.7902 21.2288 14.1591 156.399 -268.408 24.053
23000100000000 454907068416 134.891 8.7852 11.8306 2.9135 8.7919 11.8398 2.9157 514.025 -399.027 81.127
23000100000013 434057117696 132.797 21.5626 10.9349 22.2166 21.5708 10.9399 22.2142 82.747 -33.439 -526.040
23000100000008 433563566080 132.750 5.8744 11.7373 9.6278 5.8773 11.7308 9.6222 -249.385 -192.568 -192.164
23000100000002 424370569216 131.799 10.4717 4.0116 12.1453 10.4838 4.0129 12.1312 -200.874 121.672 16.317
23000100000016 420443521024 131.398 13.3907 21.1242 23.3785 13.3964 21.1344 23.3892 85.910 75.961 -259.071
23000100000020 420357832704 131.389 20.1537 19.1723 14.7387 20.1491 19.1751 14.7398 -314.358 -169.089 -325.990
23000100000015 419475292160 131.291 5.4476 12.7281 10.0462 5.4469 12.7384 10.0471 86.920 142.491 105.790
23000100000012 413795287040 130.698 13.0906 5.4519 2.4482 13.0829 5.4848 2.4400 -40.094 107.690 103.435
23000100000004 410108329984 130.307 21.4630 19.9516 15.3475 21.4683 19.9661 15.3457 -90.911 -229.252 -298.156
23000100000010 408787615744 130.167 0.4323 21.9639 19.2120 0.4191 21.9812 19.2214 -71.061 -44.201 76.187
23000100000017 405758967808 129.849 6.5551 3.9610 13.6848 6.5543 3.9575 13.6912 34.800 -87.591 -228.417
23000100000018 402499043328 129.495 3.0551 20.7655 14.2308 3.0534 20.7694 14.2273 91.330 -53.494 -153.952
23000100000023 367203516416 125.597 19.7580 15.7908 12.3405 19.7609 15.7899 12.3520 -85.391 182.601 210.736
23000100000024 362536665088 125.062 11.3508 7.0463 11.8093 11.3446 7.0654 11.8084 110.895 -33.813 13.988
23000100000021 356258316288 124.338 6.4491 0.8248 10.1381 6.4509 0.8197 10.1442 58.074 190.224 -485.805
23000100000028 355201515520 124.216 12.3550 5.4431 11.5849 12.3575 5.4402 11.5837 41.071 28.887 -2.662
23000100000026 350291591168 123.638 0.9271 17.1221 21.9100 0.9226 17.1190 21.8962 89.255 -0.040 -30.398
23000100000037 344856592384 122.998 7.2803 6.4958 8.6801 7.2643 6.5006 8.6834 70.282 -13.153 88.374
23000100000034 332999557120 121.569 14.9725 3.6209 5.9399 14.9723 3.6143 5.9364 -89.241 -135.935 18.675
23000100000030 329424601088 121.131 6.9325 1.9436 9.9097 6.9286 1.9441 9.9082 -33.206 3.734 -4.559
23000100000040 324182704128 120.487 8.6335 2.9914 13.3960 8.6326 2.9941 13.3945 173.850 269.049 -77.506
23000100000031 323365339136 120.387 11.7126 4.8808 10.8060 11.7237 4.8874 10.8099 84.570 -0.519 69.192
23000100000039 322468380672 120.278 2.2020 22.2205 15.7899 2.2005 22.2199 15.7951 140.492 -244.389 80.640
23000000000067 321033601024 120.092 7.3993 10.2831 6.8644 7.4132 10.2874 6.8398 -286.845 73.963 -86.180
23000100000022 314457784320 119.267 24.8896 17.0805 0.0268 24.8833 17.0863 24.9801 29.160 157.127 -203.604
23000000000066 312751489024 119.057 6.8053 0.9188 13.8006 6.7849 0.9435 13.8613 -1288.565 24.863 -454.365
23000100000025 312432263168 119.012 5.8537 21.8153 13.3740 5.8597 21.8149 13.3686 104.121 -3.484 -72.020
23000000000060 311554899968 118.900 7.0550 1.5760 13.6393 7.0902 1.5828 13.6200 522.123 -467.730 -230.392
23000100000036 308877033472 118.556 9.4733 17.9744 22.6671 9.4695 17.9734 22.6651 -136.246 -414.915 -198.453
23000100000035 305864278016 118.169 2.5352 16.3780 8.0235 2.5242 16.3878 8.0252 -0.627 175.747 -115.625
23000100000019 304210345984 117.962 20.7314 19.4199 17.3539 20.7096 19.4312 17.3402 -65.235 -24.019 85.170
23000100000032 299608244224 117.364 14.7086 13.9083 24.5430 14.7075 13.9034 24.5431 -86.722 -42.013 55.798
23000100000041 294204407808 116.653 17.8406 13.1966 10.3416 17.8408 13.1932 10.3450 12.287 16.377 4.360
23000100000044 292506992640 116.429 3.3452 6.5557 14.3579 3.3479 6.5559 14.3539 47.331 127.399 115.018
23000100000027 287616696320 115.777 15.7866 14.7177 19.9554 15.7803 14.7216 19.9572 107.072 -150.034 -11.529
23000100000042 275988217856 114.188 17.4582 0.2118 5.4642 17.4590 0.2158 5.4670 25.484 -44.658 -10.172
23000100000043 274831360000 114.034 17.1853 0.5115 18.3674 17.1941 0.5028 18.3578 182.411 -107.300 91.738
23000100000029 267714297856 113.037 18.5211 21.4783 15.7565 18.5284 21.5145 15.7812 301.533 246.308 -611.895
23000100000049 267465490432 113.007 22.1490 16.4081 13.0375 22.1629 16.4175 13.0385 83.259 -133.974 66.389
23000100000051 263087112192 112.387 11.0434 18.0115 2.1402 11.0467 18.0146 2.1425 304.579 -152.348 -50.436
23000100000050 262402179072 112.289 12.4894 1.1265 15.4950 12.4907 1.1278 15.4948 222.766 124.802 602.180
23000100000047 259642327040 111.891 14.5409 13.4197 0.4869 14.5388 13.4175 0.4846 482.276 260.090 -120.890
23000100000048 259208757248 111.829 23.1246 20.6687 18.8789 23.1204 20.6699 18.8854 20.053 7.373 16.843
23000100000046 254943215616 111.215 10.0671 9.5597 13.1692 10.0636 9.5750 13.1657 65.391 -19.612 -21.497
23000100000058 249980616704 110.485 6.5785 21.3731 18.5229 6.5753 21.3744 18.5252 1.039 -155.567 121.873
23000100000005 247896096768 110.181 6.4354 19.8400 19.4112 6.4448 19.8331 19.4098 162.601 75.740 -91.581
23000100000045 247196876800 110.076 7.1394 22.1652 12.8436 7.1440 22.1620 12.8462 271.202 77.691 -4.148
23000100000055 246570303488 109.982 12.8735 10.9643 12.0387 12.8647 10.9648 12.0348 26.612 41.425 -53.353
23000100000059 245224095744 109.782 15.3342 10.4563 9.6011 15.3314 10.4640 9.6047 -159.781 64.980 -96.033
23000100000033 242945687552 109.442 15.0961 13.5031 11.2968 15.1110 13.5129 11.3007 128.276 -75.756 -20.728
23000100000056 237972488192 108.690 18.4043 18.9353 13.8844 18.4033 18.9323 13.8785 -9.175 33.915 -108.195
23000100000064 235226152960 108.271 16.1136 11.6051 9.7585 16.1155 11.6075 9.7567 -69.999 54.773 151.790
23000100000060 233546924032 108.014 8.3338 19.7196 21.0694 8.3287 19.7152 21.0677 -16.773 -0.582 1.857
23000100000054 231738474496 107.730 10.1388 3.4995 12.8654 10.1337 3.5012 12.8671 -3.713 -139.931 8.815
23000100000063 227210002432 107.025 8.9668 13.4583 14.2608 8.9562 13.4618 14.2590 38.451 17.028 -61.269
23000100000052 226184708096 106.864 13.6994 9.4694 8.6786 13.7021 9.4615 8.6792 88.474 -17.589 -7.847
23000100000038 218620755968 105.659 0.9495 22.2730 17.6582 0.9410 22.2730 17.6659 42.908 1.168 26.755
23000200000003 208311779328 103.973 0.3266 6.8911 13.9588 0.3278 6.8864 13.9593 -7.677 93.287 66.199
23000200000006 205852196864 103.562 7.1294 13.6354 13.6008 7.1290 13.6362 13.5985 6.195 38.690 4.420
23000100000053 204385550336 103.316 10.1523 18.0199 21.6772 10.1642 18.0180 21.6748 -23.400 194.350 -38.555
23000200000002 201056878592 102.751 7.9418 15.0167 13.0317 7.9464 15.0204 13.0355 -25.690 11.732 41.116
23000200000000 200388050944 102.638 23.8416 15.9382 2.5507 23.8430 15.9306 2.5541 -45.663 60.262 22.484
23000100000057 196567187456 101.978 15.0533 8.1210 2.0398 15.0628 8.1201 2.0402 -22.537 -17.255 -111.019
23000200000001 195577200640 101.808 11.0995 17.7398 20.6446 11.0941 17.7386 20.6453 -59.879 13.124 -59.101
23000200000011 192491896832 101.268 14.6768 11.4259 6.4689 14.6784 11.4258 6.4701 7.923 -45.611 46.102
23000200000013 189163716608 100.681 15.2271 15.8041 19.4740 15.2258 15.8006 19.4741 -140.820 -3.866 201.601
23000200000005 186863403008 100.274 16.3882 16.5237 10.3186 16.3824 16.5174 10.3242 16.864 62.017 156.935
23000200000008 185027641344 99.945 11.7511 5.9139 12.5326 11.7555 5.9072 12.5210 96.644 -62.121 98.594
23000200000015 184707825664 99.887 11.9313 20.4005 13.7099 11.9383 20.4010 13.7079 60.974 18.030 75.479
23000200000023 179253559296 98.893 17.1463 19.4609 14.3242 17.1465 19.4637 14.3287 -3.614 -11.844 15.024
23000200000009 177503207424 98.572 8.6222 19.1165 18.8752 8.6144 19.1195 18.8849 -39.832 -16.673 -30.553
23000200000007 176072769536 98.303 13.4148 7.2895 3.6024 13.4174 7.2872 3.6047 199.276 34.742 -78.131
23000200000018 175756656640 98.246 8.0088 20.9407 22.2470 8.0248 20.9313 22.2490 14.342 -8.731 -11.347
23000100000065 175402090496 98.177 10.0754 14.4060 5.7392 10.0863 14.4220 5.7532 -180.106 44.923 104.616
23000200000036 170657890304 97.285 23.1819 18.6385 18.8556 23.1693 18.6382 18.8636 80.691 142.185 64.616
23000200000026 169689366528 97.104 4.5164 18.2117 1.6727 4.5136 18.2087 1.6671 25.090 83.626 -26.144
23000200000017 169228550144 97.014 0.3149 13.7347 9.3937 0.3178 13.7374 9.3953 25.648 78.016 6.655
23000200000012 166012190720 96.398 3.9383 13.8383 11.2250 3.9399 13.8464 11.2256 -41.526 44.526 84.893
23000200000028 165340233728 96.266 11.3238 17.0203 21.8840 11.3215 17.0195 21.8847 -13.777 8.522 8.602
23000200000014 164441030656 96.090 16.9297 23.6644 17.4764 16.9329 23.6642 17.4745 21.958 54.379 -8.570
23000200000027 164196155392 96.043 18.0175 18.8657 12.2343 18.0218 18.8701 12.2278 30.462 14.392 -1.291
23000200000020 160435126272 95.301 8.7149 12.9659 4.3132 8.7144 12.9707 4.3203 -18.502 -156.354 66.420
23000200000010 159019827200 95.023 15.2860 16.0074 12.4596 15.2725 15.9966 12.4798 67.382 -26.990 19.419
23000200000030 158600216576 94.939 2.1894 18.5292 4.6068 2.1868 18.5300 4.5989 -38.614 7.670 9.201
23000200000031 158289330176 94.879 3.2193 11.9675 11.5899 3.2255 11.9697 11.5846 21.819 8.317 33.375
23000200000044 158182146048 94.852 7.1018 12.4401 23.4149 7.1130 12.4440 23.3881 -1050.573 511.035 -389.388
23000100000067 157612097536 94.742 17.3328 24.4055 18.0861 17.3232 24.4095 18.0769 111.609 82.794 -200.012
23000200000024 156522725376 94.521 18.6226 11.2678 19.1439 18.6263 11.2652 19.1421 86.254 29.562 114.632
23000200000049 151398973440 93.476 10.0239 19.0602 22.6960 10.0263 19.0618 22.6934 -16.727 -38.845 0.889
23000200000035 151059120128 93.412 5.2536 22.4576 12.3037 5.2589 22.4541 12.3028 39.411 41.947 -62.254
23000200000047 150981099520 93.396 15.4611 15.2810 9.1586 15.4613 15.2818 9.1623 -4.512 4.565 -8.144
23000200000050 150033317888 93.195 17.8976 3.5345 19.9484 17.8994 3.5347 19.9476 2.952 41.215 -32.318
23000200000040 148565573632 92.893 22.9696 1.9711 15.4262 22.9713 1.9671 15.4286 -1.498 -27.534 -0.207
23000200000033 148232126464 92.821 13.8992 9.9845 8.2665 13.8994 9.9833 8.2685 -19.892 2.298 -8.800
23000200000025 146774294528 92.518 8.8978 17.8041 7.5064 8.8900 17.7949 7.5081 149.081 -110.112 140.672
23000200000054 146699501568 92.498 17.6542 17.9230 13.2558 17.6581 17.9221 13.2551 -10.924 -1.577 -4.829
23000200000037 145272324096 92.201 15.3986 11.1968 4.0922 15.3944 11.1996 4.0910 -63.346 -72.959 -118.584
23000200000051 144343187456 92.004 1.6993 10.0722 7.9974 1.6890 10.0790 7.9907 -11.843 -15.449 2.063
23000100000066 143317762048 91.787 1.0563 22.9318 13.9579 1.0523 22.9217 13.9685 -302.657 274.662 111.069
23000200000016 142896545792 91.693 7.4331 1.0743 13.4962 7.4518 1.0528 13.4930 -6.433 -129.981 313.227
23000200000022 141427867648 91.377 24.8509 22.5181 20.0351 24.8581 22.5299 20.0329 -76.551 -2.385 -15.156
23000200000046 141317799936 91.353 24.5362 18.1408 2.0643 24.5405 18.1410 2.0609 8.883 3.980 1.737
23000200000042 140681707520 91.218 18.6366 12.1000 19.1967 18.6292 12.1035 19.2024 -41.613 -36.132 -26.808
23000200000057 140575899648 91.198 4.7280 9.3697 7.4239 4.7477 9.3679 7.4210 10.572 19.651 -18.343
23000200000062 138752688128 90.798 1.3176 11.2484 21.3545 1.3156 11.2517 21.3524 -24.710 -18.388 40.331
23000100000062 137661841408 90.560 4.2802 21.7084 6.3356 4.3111 21.7250 6.3835 840.239 -518.126 -377.659
23000200000063 136013938688 90.200 11.0651 10.6620 10.7972 11.0679 10.6552 10.7973 -29.395 -25.642 30.080
23000200000032 131418865664 89.171 21.3855 9.7718 16.0659 21.3803 9.7756 16.0675 24.905 -70.753 -46.519
23000200000034 131397353472 89.167 10.7350 16.6581 3.0533 10.7286 16.6565 3.0528 2.361 -12.483 39.984
23000200000056 131167494144 89.114 4.1752 22.9965 16.4207 4.1766 22.9945 16.4255 -6.432 20.607 38.111
23000200000059 126689640448 88.089 12.5252 15.4207 21.1386 12.5234 15.4176 21.1339 70.473 -116.175 19.562
23000300000007 126275411968 87.994 14.2151 1.6730 10.6079 14.2099 1.6683 10.6086 -44.021 1.767 -10.850
23000200000064 125961461760 87.919 1.8968 22.4135 16.3731 1.8988 22.4113 16.3719 10.050 6.384 1.204
23000200000053 122338516992 87.066 5.3819 23.4163 11.2894 5.3816 23.4208 11.2951 -43.126 15.224 1.278
23000200000065 120216346624 86.565 14.8160 2.7034 11.5700 14.8043 2.6965 11.5622 27.101 34.001 -32.265
23000200000048 119987347456 86.504 14.3040 20.7034 15.4078 14.3063 20.7018 15.4115 78.271 149.117 11.241
23000200000067 119873454080 86.483 3.0871 22.6652 16.2276 3.0917 22.6682 16.2271 -0.797 17.660 -3.727
23000300000002 119597572096 86.415 6.7994 19.8412 11.2148 6.8049 19.8430 11.2114 47.723 50.265 50.216
23000300000010 118677921792 86.189 3.2655 21.1334 18.8047 3.2651 21.1322 18.7995 45.591 5.173 24.827
23000300000006 118376611840 86.121 1.8980 13.5551 13.4263 1.9026 13.5514 13.4232 21.892 32.180 -4.674
23000200000061 118083723264 86.047 16.7291 1.1880 22.4381 16.7296 1.1883 22.4429 -140.640 -9.254 110.008
23000200000019 117933301760 86.013 17.3041 23.2661 17.3774 17.3056 23.2620 17.3707 -62.455 -50.344 124.630
23000300000005 117197832192 85.831 10.8351 5.4013 7.9485 10.8388 5.4021 7.9466 2.839 8.442 13.454
23000300000011 116705648640 85.712 21.8933 20.2814 18.1182 21.8899 20.2788 18.1166 30.055 23.659 -28.821
23000200000052 114694946816 85.216 23.5466 22.9368 18.0341 23.5462 22.9374 18.0377 -3.362 -16.585 3.483
23000200000043 114476621824 85.165 13.8923 8.3808 3.4361 13.9211 8.3841 3.4603 -328.888 -729.276 542.164
23000300000017 112495468544 84.667 9.7521 20.7956 12.0328 9.7553 20.7950 12.0361 -103.468 114.213 -58.119
23000300000014 111062990848 84.306 16.7117 23.8832 7.5368 16.7111 23.8829 7.5416 126.898 124.748 16.292
23000200000060 110233124864 84.094 5.0378 11.9157 23.1508 5.0382 11.9251 23.1518 -32.601 -3.547 1.014
23000300000033 109992566784 84.033 12.3140 17.0582 7.5475 12.3130 17.0607 7.5501 6.237 -2.609 20.656
23000300000026 109060481024 83.796 16.2914 8.7784 14.4334 16.2848 8.7847 14.4348 24.033 -9.568 -11.789
23000300000016 108995829760 83.783 12.6889 10.2215 13.3833 12.6912 10.2056 13.3684 186.646 -81.684 83.934
23000200000045 108353699840 83.617 20.9526 6.6902 13.7666 20.9701 6.6891 13.7733 -136.971 4.943 340.315
23000200000058 107851341824 83.488 16.8443 12.8567 9.9647 16.8410 12.8520 9.9655 107.349 -71.001 18.191
23000300000031 106495647744 83.135 6.0424 22.2959 9.0808 6.0433 22.2932 9.0788 -61.778 53.296 3.110
23000300000024 105176776704 82.793 8.4465 16.4899 11.2312 8.4456 16.4809 11.2486 31.035 29.013 -42.066
23000300000001 105133637632 82.776 24.8507 17.1355 24.0684 24.8528 17.1318 24.0717 -52.220 -198.450 -79.922
23000300000003 104407965696 82.588 6.0771 21.7469 18.2447 6.0879 21.7391 18.2397 -7.565 -200.801 146.010
23000300000042 101813026816 81.899 0.2296 6.5950 14.6726 0.2274 6.5840 14.6773 28.801 -9.242 -72.018
23000300000038 101473484800 81.804 8.3976 18.1728 4.0694 8.4056 18.1783 4.0716 35.836 -1.207 4.870
23000200000029 101425774592 81.794 10.8516 18.3130 4.1270 10.8495 18.3266 4.1107 -21.924 -119.953 -110.328
23000300000044 101133901824 81.713 15.4915 1.9500 12.6244 15.4859 1.9512 12.6214 56.779 -1.583 -38.515
23000300000019 101092491264 81.706 15.1781 12.0041 0.2765 15.1829 12.0017 0.2811 -153.471 10.391 102.609
23000300000029 100996448256 81.681 24.9415 16.9243 1.0449 24.9390 16.9179 1.0421 -85.583 -55.239 82.994
23000300000013 100320428032 81.497 2.6057 14.1357 13.0725 2.6071 14.1440 13.0694 -73.852 -25.004 -29.884
23000300000034 99356811264 81.234 6.9558 10.6551 8.8771 6.9521 10.6581 8.8773 -15.550 -3.986 -76.491
23000300000047 98825035776 81.091 0.4242 17.3654 4.8500 0.4392 17.3657 4.8496 -53.294 -84.492 95.222
23000300000022 98813919232 81.086 19.2613 11.7486 18.2715 19.2604 11.7525 18.2639 -86.060 9.588 25.847
23000300000008 98763636736 81.071 13.0449 10.9472 13.7931 13.0482 10.9454 13.8027 -20.186 5.649 -10.523
23000300000039 98102730752 80.890 16.2089 10.5167 24.0154 16.2079 10.5206 24.0136 -76.822 153.390 115.723
23000300000012 97792655360 80.808 11.5327 7.8802 5.1667 11.5339 7.8833 5.1700 13.621 -1.995 -15.449
23000300000030 97638875136 80.763 14.3729 24.6935 21.8632 14.3608 24.6907 21.8614 3.799 71.355 -86.342
23000300000059 97368252416 80.687 15.4428 4.7263 1.0334 15.4403 4.7263 1.0364 12.029 21.091 -18.866
23000300000018 96639279104 80.488 15.7671 24.4118 8.4599 15.7724 24.4191 8.4354 111.169 100.564 19.622
23000300000046 96244375552 80.377 23.0978 23.4998 16.9507 23.0983 23.4993 16.9456 -11.980 38.871 -4.349
23000300000041 95639068672 80.210 2.6540 12.5851 22.3021 2.6661 12.5943 22.2938 17.406 -22.886 119.506
23000300000040 95462809600 80.160 14.4732 2.3422 11.3650 14.4755 2.3416 11.3662 12.445 -30.984 3.669
23000300000023 95158968320 80.072 20.9283 16.5939 13.0716 20.9135 16.5864 13.0658 -17.171 86.169 -104.287
23000300000051 94679982080 79.939 3.8946 12.5865 10.9348 3.8951 12.5835 10.9354 -47.616 23.026 -48.584
23000200000041 93216030720 79.524 20.4277 12.1992 12.5453 20.4328 12.1981 12.5433 10.081 32.065 2.144
23000300000020 93137018880 79.504 17.2901 23.5037 3.4900 17.2904 23.4874 3.5049 -53.542 -30.716 6.699
23000300000054 93070147584 79.486 5.7501 12.6134 14.7156 5.7476 12.6122 14.7155 6.331 26.255 58.145
23000300000028 92849463296 79.423 11.4949 18.5044 18.7584 11.4952 18.5015 18.7592 39.549 103.043 62.031
23000300000050 92419940352 79.299 16.9997 8.5340 8.3122 16.9989 8.5349 8.3099 17.830 0.348 17.084
23000300000032 90216415232 78.663 15.4631 8.3530 1.2451 15.4608 8.3539 1.2435 -12.952 1.574 33.517
23000300000052 90016219136 78.607 19.4794 12.6932 21.3816 19.4802 12.6933 21.3846 -24.312 18.025 1.015
23000400000003 88635588608 78.201 15.6357 9.9513 10.2998 15.6373 9.9454 10.3043 4.703 19.363 16.516
23000300000053 88619163648 78.194 7.8980 4.1541 10.4607 7.8940 4.1523 10.4660 -4.216 33.473 -2.275
23000400000018 88512438272 78.164 23.2998 13.3699 9.9995 23.3049 13.3704 10.0029 -14.440 -260.058 8.891
23000300000061 88451858432 78.146 2.7342 20.9575 22.6259 2.7394 20.9553 22.6266 38.489 62.202 -10.107
23000400000006 87488282624 77.863 12.5245 8.5801 8.4247 12.5251 8.5838 8.4237 -6.296 3.014 -0.736
23000300000004 87331307520 77.817 19.0815 20.0227 14.9034 19.0844 20.0188 14.9073 31.539 18.610 12.406
23000300000045 87258120192 77.791 15.3654 12.4059 8.4989 15.3644 12.4058 8.5001 22.026 26.592 1.246
23000300000015 87098744832 77.747 10.7957 19.0444 22.1359 10.8045 19.0448 22.1222 96.079 -20.875 29.402
23000300000035 86566780928 77.588 23.8904 20.7994 17.9580 23.8930 20.8003 17.9586 -17.426 8.477 -22.204
23000300000048 86551650304 77.585 10.1186 2.3761 13.9730 10.1222 2.3763 13.9714 -10.260 46.307 -37.464
23000300000066 86478217216 77.559 11.2402 1.6432 14.8959 11.2418 1.6441 14.8961 30.742 -10.991 12.053
23000400000001 86176153600 77.468 1.3509 3.3814 19.6173 1.3494 3.3834 19.6188 -36.919 -5.102 11.487
23000300000058 85948465152 77.404 21.4739 8.9056 15.8655 21.4793 8.9098 15.8627 45.264 -66.838 87.930
23000300000056 85930663936 77.395 17.5199 1.3223 18.2907 17.5191 1.3231 18.2909 -6.959 -3.979 -86.492
23000300000000 85777195008 77.350 24.1495 6.7673 16.6510 24.1481 6.7663 16.6537 19.284 21.302 21.406
23000300000043 85616918528 77.300 16.8129 0.8945 17.8105 16.8106 0.8939 17.8094 -4.907 -11.776 -17.598
23000400000022 85480382464 77.259 2.0140 20.5102 6.5825 2.0122 20.5037 6.5871 24.390 30.317 28.599
23000300000037 85126152192 77.154 15.5213 2.8277 23.0823 15.5313 2.8232 23.0745 -37.850 69.605 46.112
23000200000066 84273274880 76.893 3.1983 19.0543 4.8217 3.1991 19.0656 4.8038 37.594 -59.151 -15.433
23000300000062 84088094720 76.842 17.5179 0.9471 3.8843 17.5117 0.9464 3.8747 15.798 63.120 -62.997
23000200000021 84075290624 76.833 7.5676 12.7709 6.4714 7.5857 12.7597 6.4922 -7.866 410.222 51.380
23000400000002 83890298880 76.778 11.3955 19.9094 9.2181 11.3960 19.9132 9.2176 18.444 -9.097 10.018
23000300000049 83601907712 76.690 11.7976 20.5654 13.2329 11.7998 20.5665 13.2279 59.122 -41.430 -12.505
23000300000036 83071123456 76.527 1.4871 2.9652 19.4781 1.4867 2.9755 19.4814 52.498 2.456 -17.890
23000400000013 82615222272 76.390 5.2209 11.8748 10.4508 5.2220 11.8735 10.4469 39.416 -19.293 41.143
23000400000021 82592735232 76.382 1.1786 1.5994 19.1616 1.1752 1.6004 19.1624 -31.885 -4.507 -16.309
23000300000057 82580668416 76.381 16.5705 0.7426 4.4637 16.5670 0.7496 4.4653 -22.597 -81.005 -197.848
23000300000065 82532777984 76.365 14.6443 1.3135 10.4479 14.6343 1.3238 10.4519 -6.523 -12.632 7.105
23000300000025 82424078336 76.332 5.8518 23.6184 13.1792 5.8444 23.6318 13.1648 -161.217 -279.587 -132.749
23000400000004 80913408000 75.859 22.8514 7.5550 22.8139 22.8492 7.5569 22.8131 7.515 10.973 -16.006
23000200000039 79524249600 75.427 24.2756 21.0798 24.8843 24.2782 21.0922 24.8865 -251.102 29.522 -79.353
23000300000064 78910423040 75.227 16.7214 21.4051 13.5670 16.7211 21.3986 13.5664 -3.738 -7.312 23.393
23000400000026 78353211392 75.049 7.9477 17.4618 9.1617 7.9468 17.4616 9.1613 -25.362 22.408 -31.677
23000400000025 78266834944 75.023 18.7784 16.5244 12.3941 18.7746 16.5281 12.3915 -83.936 -1.922 17.686
23000400000019 78248787968 75.016 2.8776 23.6782 11.6587 2.8762 23.6805 11.6579 -23.312 -15.282 7.040
23000200000038 78167826432 74.993 24.7972 13.5902 9.3660 24.7918 13.5886 9.3659 -4.715 10.494 -16.175
23000400000033 77540671488 74.789 15.3055 2.4610 24.7574 15.3070 2.4610 24.7550 5.439 0.660 -3.678
23000400000024 76815532032 74.556 16.3264 8.9712 14.8713 16.3271 8.9737 14.8717 10.326 -6.429 7.664
23000400000005 76685729792 74.516 6.9955 15.7031 10.0678 6.9956 15.6949 10.0699 -39.854 -33.763 -13.339
23000400000027 76587950080 74.482 14.0683 22.4048 17.4465 14.0683 22.4062 17.4507 -9.768 28.226 26.731
23000400000017 76509757440 74.459 18.9016 16.6869 18.4497 18.9043 16.6818 18.4525 101.183 -15.194 4.620
23000400000008 76466094080 74.442 16.0552 8.4111 24.9244 16.0552 8.4124 24.9208 -5.666 2.649 14.878
23000400000012 76233990144 74.367 14.5295 9.8194 9.5562 14.5344 9.8160 9.5637 45.152 13.780 -16.058
23000400000037 75861524480 74.248 19.6225 23.7626 0.3894 19.6231 23.7622 0.3926 -3.942 -18.006 -7.162
23000400000034 75800813568 74.229 6.2864 11.8999 9.7660 6.2879 11.8972 9.7640 -13.147 -2.932 -10.535
23000400000050 75099332608 73.997 19.3650 12.7167 18.1480 19.3666 12.7139 18.1481 53.316 -12.832 -48.009
23000400000040 74633232384 73.842 14.9887 22.3476 5.5641 14.9919 22.3469 5.5664 -36.802 52.372 38.999
23000400000042 73890406400 73.601 2.0317 22.2204 17.4559 2.0319 22.2211 17.4568 16.051 -3.616 12.819
23000400000045 73239265280 73.383 21.0906 11.2849 16.5115 21.0872 11.2846 16.5126 3.549 -10.478 26.081
23000400000048 73098649600 73.337 0.0051 14.8204 12.9022 24.9985 14.8124 12.9100 -58.220 -116.764 -131.140
23000300000067 72794144768 73.235 9.0518 19.9178 21.8316 9.0501 19.9161 21.8330 -33.374 9.182 -59.206
23000400000051 72685297664 73.194 1.1520 4.1037 19.6472 1.1484 4.1045 19.6467 0.399 3.004 46.856
23000300000027 72654020608 73.186 20.1410 21.7454 15.4257 20.1483 21.7835 15.4406 -252.322 -4.203 135.458
23000400000007 72183291904 73.028 9.2399 3.4726 4.3153 9.2517 3.4795 4.3239 19.610 81.240 -104.373
23000400000032 71975591936 72.956 16.8252 0.9184 23.8759 16.8257 0.9189 23.8774 2.640 -6.762 2.919
23000300000060 71701159936 72.865 6.9136 0.5492 13.7775 6.9166 0.5474 13.7700 144.883 -72.416 25.288
23000400000028 71406501888 72.762 21.1240 9.7006 15.3876 21.1263 9.7025 15.3894 4.604 23.342 -14.614
23000400000041 71167557632 72.681 18.5671 5.8302 17.0644 18.5652 5.8285 17.0654 26.040 106.316 32.839
23000400000010 70988890112 72.620 24.9276 17.8827 3.1463 24.9271 17.8792 3.1570 43.604 76.706 -0.978
23000400000036 70905880576 72.593 1.4908 14.0990 11.9650 1.4967 14.0954 11.9673 -17.756 -39.810 1.024
23000400000052 70811574272 72.564 3.6136 22.8060 12.3309 3.6155 22.8101 12.3235 -5.175 -26.723 -23.738
23000400000054 70778372096 72.551 13.2700 23.4780 9.7045 13.2697 23.4778 9.7060 3.857 -15.992 -4.083
23000300000021 70768533504 72.546 9.0535 16.7354 15.0287 9.0455 16.7334 15.0376 95.651 -69.734 66.062
23000400000046 70254346240 72.371 10.4866 14.9369 5.4092 10.4822 14.9328 5.4087 -16.330 6.847 -48.854
23000400000043 69732507648 72.194 11.9916 20.4672 9.6034 11.9895 20.4652 9.6040 1.831 49.955 -55.774
23000400000066 69358747648 72.062 16.5555 8.9589 13.4974 16.5553 8.9563 13.4943 -41.642 -16.615 -9.410
23000400000039 69282914304 72.035 20.7944 23.4147 18.7074 20.7893 23.4135 18.7069 11.277 -7.526 46.432
23000400000029 68903092224 71.906 0.8838 13.6985 9.6093 0.8853 13.7026 9.6125 -34.581 -18.774 37.109
23000400000063 68556251136 71.786 0.3936 14.4797 12.5623 0.3902 14.4828 12.5611 -10.776 -56.264 -15.862
23000400000044 68491005952 71.760 0.1531 17.6971 3.7766 0.1547 17.6968 3.7780 13.958 -9.190 2.744
23000400000011 68293705728 71.692 20.2115 16.6443 13.0538 20.2084 16.6447 13.0561 -1.426 -5.810 26.123
23000400000038 68006481920 71.591 17.3987 1.1153 17.8851 17.3955 1.1203 17.8822 1.612 -0.571 -57.516
23000400000053 67470237696 71.401 5.9149 14.1778 10.8627 5.9169 14.1782 10.8643 6.859 -15.665 -18.790
23000400000064 67315519488 71.346 12.9093 13.1010 16.0895 12.9149 13.1016 16.0867 -1.561 -22.287 -9.814
23000400000023 67071041536 71.261 10.2714 18.0412 24.9825 10.2730 18.0420 24.9904 -32.889 0.365 -3.548
23000500000001 66478501888 71.053 15.0525 8.4692 10.4005 15.0518 8.4699 10.3973 14.838 46.813 -26.210
23000400000030 66119270400 70.920 10.8541 11.1038 10.9377 10.8527 11.1155 10.9453 -42.877 -14.446 92.722
23000100000061 66083422208 70.909 9.6090 13.5574 6.6392 9.6270 13.5996 6.6090 184.060 -311.816 -321.800
23000400000067 65430831104 70.677 21.8953 22.5836 16.0568 21.8972 22.5819 16.0552 -20.084 6.239 8.694
23000500000010 65277100032 70.619 16.9446 8.9973 3.7901 16.9449 8.9950 3.7918 5.154 -14.492 -19.301
23000500000014 65133338624 70.569 21.7129 7.3280 15.7688 21.7097 7.3286 15.7732 -28.334 3.113 -6.573
23000400000055 64978780160 70.515 5.1049 24.2533 3.3001 5.1018 24.2568 3.2932 -24.403 -12.562 6.092
23000500000000 64656904192 70.396 8.7344 17.9067 7.8720 8.7383 17.9066 7.8726 -27.734 -29.447 -47.036
23000400000015 63657439232 70.033 16.7252 0.8967 23.3933 16.7335 0.8931 23.3984 -145.268 -59.475 -8.771
23000500000031 63328342016 69.911 20.4280 14.2824 20.3763 20.4335 14.2920 20.3834 -2.870 234.449 -245.801
23000500000005 63145390080 69.841 18.8509 9.6354 22.7750 18.8529 9.6348 22.7754 13.954 5.842 -8.824
23000400000060 63136743424 69.840 18.0742 18.3770 12.4853 18.0675 18.3796 12.4864 19.538 23.127 19.127
23000400000065 62718394368 69.684 15.6822 24.8279 1.1674 15.6883 24.8269 1.1635 42.123 -36.883 12.043
23000400000000 62467842048 69.590 0.6871 22.9406 14.2122 0.6819 22.9389 14.2084 24.720 -2.983 -39.075
23000500000020 62213287936 69.496 1.9428 23.9345 21.2327 1.9415 23.9349 21.2318 -3.973 -2.841 -6.061
23000500000004 62018736128 69.424 16.4926 5.4019 22.6417 16.4925 5.4044 22.6427 -19.074 31.128 -2.150
23000500000002 61958819840 69.404 11.6578 11.2014 14.6889 11.6576 11.1992 14.6868 1.423 31.194 18.664
23000500000012 61260509184 69.140 3.6848 22.4448 16.3536 3.6827 22.4477 16.3560 4.225 9.112 5.700
23000500000023 61026353152 69.055 0.3619 22.2819 17.8312 0.3616 22.2816 17.8299 1.990 12.158 13.363
23000500000039 60842319872 68.984 3.3638 1.0291 7.2775 3.3641 1.0292 7.2773 -15.414 -7.941 28.164
23000500000006 60511879168 68.858 7.4934 12.6267 7.3553 7.4914 12.6279 7.3638 -42.709 0.210 1.742
23000500000019 60418260992 68.824 23.2929 16.8338 20.0684 23.2908 16.8348 20.0733 -35.194 59.477 40.431
23000400000047 60057653248 68.687 21.5150 6.4524 14.1981 21.5099 6.4519 14.1872 43.330 13.519 0.423
23000400000061 59420770304 68.440 21.4271 22.5247 16.1037 21.4221 22.5198 16.1069 -7.146 43.996 -4.556
23000500000055 58803564544 68.203 4.2660 24.5896 10.2068 4.2658 24.5867 10.2054 29.288 30.043 -16.233
23000500000026 58505629696 68.086 12.5220 16.5087 17.3131 12.5203 16.5113 17.3089 -7.090 -28.490 -29.009
23000400000020 58481917952 68.079 12.5278 6.3719 10.9097 12.5307 6.3701 10.9030 -86.590 -27.432 -39.580
23000500000028 58184925184 67.963 8.7420 23.4923 9.1592 8.7424 23.4932 9.1583 11.421 -1.307 6.843
23000500000022 57972920320 67.879 21.5867 15.1830 20.4915 21.5873 15.1853 20.4908 15.935 2.326 -19.447
23000500000035 57926381568 67.865 5.2722 24.2978 4.8041 5.2767 24.2984 4.8019 70.147 110.556 51.565
23000500000025 57673216000 67.761 3.5178 18.8905 4.3843 3.5176 18.8909 4.3828 11.214 21.314 8.940
23000500000024 57624649728 67.747 0.1066 13.8420 8.8687 0.1076 13.8420 8.8669 6.962 2.880 10.092
23000500000056 57578344448 67.726 15.8664 22.0733 16.5468 15.8678 22.0720 16.5491 -10.013 -0.540 -3.732
23000300000009 57449549824 67.674 3.4966 0.4495 14.7710 3.5035 0.4435 14.7356 29.126 279.735 -33.254
23000600000001 57404645376 67.660 23.5855 19.8668 18.3823 23.5862 19.8647 18.3821 -1.509 5.503 17.583
23000300000055 57133740032 67.553 13.3588 0.4315 9.3094 13.3627 0.4200 9.3078 -82.233 -4.254 66.619
23000500000009 57074540544 67.526 1.4988 13.5317 10.1131 1.5008 13.5327 10.1103 -66.172 54.298 -7.456
23000500000018 56950214656 67.481 14.6447 8.4139 1.6647 14.6439 8.4151 1.6684 -32.704 -10.993 5.405
23000500000054 56701485056 67.382 7.8698 9.9700 6.8297 7.8648 9.9713 6.8289 17.346 25.643 -24.346
23000400000016 56508641280 67.302 7.3944 24.9951 11.7278 7.4083 24.9953 11.7271 2.368 10.168 10.000
23000500000049 56360382464 67.248 18.7160 12.2978 19.9342 18.7150 12.2973 19.9300 -32.633 52.497 36.222
23000500000043 56149848064 67.161 7.7724 13.0651 15.2917 7.7787 13.0583 15.2953 -6.929 -44.521 -46.110
23000500000042 56059736064 67.124 16.8563 9.3171 16.1339 16.8589 9.3174 16.1355 1.989 -11.807 19.373
23000500000063 55972732928 67.091 12.0416 17.0889 0.9667 12.0416 17.0886 0.9665 -1.316 -3.269 0.356
23000500000033 55344492544 66.838 9.3568 7.0292 10.5451 9.3603 7.0304 10.5485 -6.846 -92.285 -44.221
23000600000014 55296524288 66.819 24.6607 17.3544 5.4754 24.6617 17.3532 5.4755 0.690 -0.253 -2.792
23000500000065 54988496896 66.697 16.7026 20.4429 9.7717 16.7063 20.4430 9.7726 -4.228 34.415 25.962
23000500000067 54890655744 66.655 9.7191 8.3986 9.2761 9.7238 8.3964 9.2747 34.554 -19.521 33.810
23000600000023 54805659648 66.620 24.0426 13.3719 9.8507 24.0437 13.3725 9.8498 -8.596 -1.790 23.665
23000500000013 54752784384 66.602 19.5292 7.0938 13.1819 19.5267 7.0884 13.1792 32.559 -2.836 -18.663
23000600000032 54629797888 66.548 23.5887 12.3427 9.1969 23.5870 12.3422 9.1986 -11.563 9.290 -2.817
23000500000061 54588182528 66.534 13.4785 17.4105 18.3846 13.4810 17.4077 18.3804 -4.371 -2.424 -9.347
23000400000062 54520553472 66.505 17.6309 16.9058 24.2854 17.6416 16.9125 24.2879 -29.335 56.089 -15.087
23000600000011 54286249984 66.411 2.9173 22.6278 13.0866 2.9185 22.6280 13.0852 -58.755 7.164 -64.003
23000500000032 54047256576 66.313 24.0898 18.5431 19.1174 24.0859 18.5425 19.1170 7.860 32.920 -7.291
23000500000029 53810053120 66.214 0.3436 6.9315 14.8874 0.3433 6.9274 14.8885 -15.115 -45.348 -18.035
23000500000015 53712371712 66.176 21.8435 16.0004 12.9384 21.8388 15.9935 12.9379 -27.029 -4.422 -10.836
23000600000020 53689937920 66.168 6.6215 14.9641 12.5246 6.6206 14.9652 12.5217 -3.841 7.824 6.883
23000600000002 53248299008 65.987 0.6381 11.6763 14.4622 0.6370 11.6707 14.4607 4.904 -55.213 8.280
23000600000035 53221191680 65.975 15.0243 11.4006 19.4668 15.0285 11.4016 19.4682 20.501 -15.400 -22.089
23000500000037 52635795456 65.729 10.8357 18.9620 5.1586 10.8372 18.9640 5.1585 29.422 3.321 116.192
23000600000028 52438556672 65.650 23.6444 16.5619 20.9566 23.6412 16.5586 20.9542 3.653 -27.922 0.622
23000500000040 52263845888 65.575 24.0053 21.6516 22.7117 24.0095 21.6492 22.7103 -7.426 -91.182 -73.740
23000500000057 52230590464 65.561 10.0550 9.1668 13.3871 10.0563 9.1656 13.3860 11.873 23.222 -7.242
23000600000015 51922739200 65.432 22.8809 23.8840 17.9112 22.8831 23.8866 17.9121 0.003 1.052 -2.861
23000600000025 51783876608 65.376 6.0158 17.6513 23.5259 6.0129 17.6506 23.5280 13.869 86.068 70.854
23000400000059 51752865792 65.363 19.6484 0.8611 7.9816 19.6513 0.8485 7.9796 -38.754 -13.021 30.141
23000500000045 51580473344 65.286 23.7207 15.3128 13.4590 23.7208 15.3085 13.4633 6.587 -1.949 -19.524
23000600000012 51513630720 65.258 2.9504 0.3659 21.6489 2.9508 0.3651 21.6469 -15.861 -1.256 -0.060
23000500000038 51276247040 65.162 8.4377 1.7346 13.8063 8.4357 1.7385 13.8109 -23.489 28.335 -54.682
23000500000046 51268481024 65.157 11.1926 18.0083 20.1646 11.1921 18.0036 20.1688 -141.634 -66.684 -94.589
23000500000058 51100315648 65.086 17.6161 24.1308 17.9138 17.6163 24.1334 17.9142 38.093 -42.403 52.172
23000500000044 50912120832 65.004 10.7308 20.0263 1.0982 10.7307 20.0282 1.1010 53.655 -14.307 9.933
23000600000030 50764345344 64.942 18.3787 5.4360 19.2470 18.3790 5.4387 19.2466 -8.238 16.835 -12.470
23000600000027 50753269760 64.937 7.0783 18.1443 23.1377 7.0757 18.1455 23.1376 10.755 -7.339 -17.778
23000600000009 50249347072 64.722 0.6027 13.5631 9.4377 0.5963 13.5599 9.4389 22.285 -33.427 4.623
23000500000050 49906073600 64.575 24.0583 17.3868 20.0147 24.0627 17.3922 20.0168 18.207 -34.541 5.126
23000600000053 49754030080 64.506 10.9463 20.6996 15.8144 10.9464 20.6970 15.8146 7.634 16.358 -6.703
23000600000007 49732431872 64.499 17.0045 8.7718 22.7383 17.0020 8.7730 22.7402 19.118 30.849 4.621
23000600000064 49259147264 64.293 20.6449 13.1686 21.5697 20.6440 13.1677 21.5706 -8.196 9.705 -5.980
23000400000031 49170128896 64.253 22.5313 11.1056 22.0487 22.5434 11.1026 22.0408 -11.465 -50.433 39.817
23000600000016 48495505408 63.960 11.0682 17.9922 19.7558 11.0612 17.9903 19.7580 -4.677 34.230 -32.755
23000600000034 48261750784 63.855 21.2543 17.4802 18.0627 21.2520 17.4806 18.0623 -1.461 15.521 -20.896
23000600000045 48227373056 63.844 12.0489 6.6781 4.3922 12.0455 6.6813 4.3899 -4.748 -8.347 -5.826
23000600000031 48004542464 63.741 7.4067 10.2499 13.1471 7.4094 10.2537 13.1547 -38.946 25.652 32.523
23000500000053 47761874944 63.638 7.7333 12.3107 0.7494 7.7333 12.3106 0.7474 47.795 -26.450 -27.991
23000500000060 47164407808 63.368 4.3831 23.0317 12.0889 4.3799 23.0340 12.0860 14.634 41.154 38.551
23000700000006 46963920896 63.282 18.9875 1.2602 18.0168 18.9891 1.2596 18.0152 -8.595 -1.011 -8.287
23000600000061 46897729536 63.247 7.8748 0.8774 11.4787 7.8726 0.8753 11.4818 -20.644 29.587 -10.836
23000600000044 46754422784 63.187 16.0269 24.7772 4.6893 16.0269 24.7808 4.6935 0.866 -31.284 13.850
23000700000015 46500282368 63.069 7.3225 5.0223 12.7440 7.3207 5.0228 12.7413 19.152 28.910 3.776
23000600000046 46410674176 63.032 20.4012 10.4532 16.9089 20.4011 10.4548 16.9067 -22.557 22.093 -39.170
23000700000013 46197837824 62.935 6.2685 15.0606 13.0396 6.2714 15.0575 13.0372 23.171 -25.871 -39.389
23000600000022 46159163392 62.916 3.9734 22.9200 12.0960 3.9707 22.9159 12.0988 5.974 10.986 23.554
23000600000062 46069436416 62.877 15.6666 20.7192 14.8683 15.6630 20.7186 14.8691 13.057 29.144 19.756
23000600000038 46030098432 62.857 18.2722 19.8977 14.8077 18.2694 19.8966 14.8076 -5.693 64.063 65.742
23000600000024 45880954880 62.788 11.8537 4.4690 8.2536 11.8523 4.4709 8.2582 74.604 5.208 -18.616
23000600000033 45249925120 62.499 15.3966 14.6230 19.8077 15.4017 14.6279 19.8074 10.964 -6.715 15.523
23000700000029 45163741184 62.462 7.0413 11.0801 9.1478 7.0431 11.0815 9.1488 2.729 -34.161 47.965
23000200000004 45147230208 62.452 9.3014 2.5107 13.5258 9.3126 2.5128 13.5312 -100.071 -17.445 24.546
23000600000005 44909256704 62.343 12.7280 16.6237 0.4254 12.7242 16.6191 0.4201 -34.593 8.136 -0.652
23000500000066 44734357504 62.263 15.1326 24.3742 10.3512 15.1367 24.3656 10.3516 -31.957 -2.667 11.866
23000600000000 44673396736 62.232 15.3889 24.7919 20.2397 15.3950 24.7939 20.2379 44.675 -9.931 -55.756
23000700000012 44646735872 62.220 10.9650 19.9289 8.6585 10.9638 19.9276 8.6552 -19.116 52.923 -23.178
23000700000024 44456747008 62.131 2.8031 20.7565 21.0281 2.8021 20.7561 21.0283 -3.835 11.686 12.747
23000700000034 44208484352 62.018 12.8916 13.1750 16.5744 12.8926 13.1748 16.5749 -45.033 -68.552 -49.602
23000700000000 43783020544 61.815 10.7599 17.9953 20.8026 10.7603 17.9945 20.8057 2.407 74.417 13.222
23000700000019 43696926720 61.776 4.4983 14.3941 10.0375 4.4976 14.3947 10.0366 -14.955 20.603 5.759
23000600000029 43099504640 61.495 19.6141 1.3378 17.8245 19.6113 1.3404 17.8237 -6.683 -26.997 94.623
23000700000010 42285518848 61.105 3.8720 13.5844 23.1256 3.8694 13.5829 23.1275 -13.193 -12.449 34.182
23000600000055 42138951680 61.033 15.5120 20.9514 9.3774 15.5109 20.9521 9.3829 -39.085 17.465 -18.173
23000600000052 42091249664 61.010 14.8364 16.1602 8.9749 14.8332 16.1575 8.9754 -18.985 33.469 41.483
23000700000039 41523867648 60.737 0.5182 19.5119 18.0520 0.5158 19.5110 18.0567 -44.932 12.721 15.572
23000700000040 41483137024 60.714 7.4552 18.8944 11.2678 7.4559 18.8850 11.2646 5.760 -17.856 73.890
23000700000043 41448259584 60.700 14.7797 14.0030 23.3707 14.7800 14.0016 23.3705 -10.493 -6.005 -6.916
23000700000047 41365397504 60.659 10.2189 20.3159 7.0249 10.2190 20.3181 7.0270 -4.499 9.100 -2.678
23000700000031 41333276672 60.644 3.6764 20.4025 20.9838 3.6763 20.4015 20.9797 17.984 2.152 -10.839
23000700000060 41215770624 60.587 1.8095 23.1140 17.2406 1.8089 23.1158 17.2410 -8.988 22.749 -11.022
23000700000059 40827691008 60.396 18.8412 20.3065 14.6178 18.8441 20.3040 14.6185 3.200 -0.345 -1.868
23000700000045 40504492032 60.234 24.6198 17.8339 22.8790 24.6169 17.8340 22.8792 18.122 41.228 -6.966
23000500000003 40446230528 60.207 6.9939 3.2879 9.6295 6.9932 3.2870 9.6316 -5.411 15.169 0.915
23000700000046 40162439168 60.065 23.9661 16.8303 7.0309 23.9659 16.8294 7.0313 14.224 2.399 13.647
23000600000039 39427162112 59.696 7.3072 2.9826 9.7988 7.3057 2.9860 9.7959 26.464 26.521 -76.550
23000700000011 39331684352 59.649 17.0992 0.5298 24.6028 17.1006 0.5265 24.6058 16.289 -24.220 -8.409
23000700000064 39100514304 59.531 19.3552 15.6531 12.2370 19.3552 15.6537 12.2370 -4.150 -3.184 14.687
23000500000008 38201704448 59.069 12.5621 6.3962 10.5980 12.5650 6.4004 10.6106 -48.281 15.936 9.726
23000700000055 37647826944 58.785 21.0958 20.7499 16.0395 21.0990 20.7505 16.0421 -9.400 20.986 -4.794
23000700000063 37627764736 58.772 5.0269 4.2672 14.0063 5.0285 4.2665 14.0085 -15.372 -2.450 -8.021
23000800000002 37597413376 58.755 6.7582 12.3416 24.4081 6.7590 12.3440 24.4068 -46.558 23.463 34.572
23000600000018 37292900352 58.596 7.9022 13.5166 8.3833 7.9102 13.5135 8.3789 -14.620 5.316 -17.807
23000700000053 36996587520 58.442 8.3440 19.3128 18.7883 8.3412 19.3122 18.7878 -3.794 -37.188 -0.534
23000800000029 36391964672 58.122 4.9764 17.2514 23.4216 4.9766 17.2531 23.4197 -5.947 17.934 33.097
23000800000028 36361863168 58.108 13.9344 20.2199 14.4977 13.9328 20.2201 14.4989 -6.877 3.171 13.518
23000700000062 36283420672 58.066 12.2362 6.9470 5.8285 12.2344 6.9455 5.8274 -8.455 5.201 8.208
23000800000010 35783778304 57.796 16.1848 14.1615 19.8934 16.1846 14.1636 19.8931 1.280 2.220 -2.099
23000500000030 35459698688 57.622 11.2395 19.9578 8.8511 11.2386 19.9630 8.8475 -35.455 48.780 71.829
23000600000051 35429605376 57.604 12.8266 6.7975 4.0048 12.8264 6.7980 4.0030 9.716 0.988 4.443
23000600000026 34685734912 57.197 16.4852 8.4422 24.1190 16.4777 8.4444 24.1163 18.533 -58.924 -16.521
23000700000067 34678853632 57.194 23.1302 21.9455 21.4175 23.1288 21.9426 21.4192 -59.632 -12.634 -57.900
23000800000045 34616692736 57.161 3.0025 11.4006 22.0129 3.0022 11.3995 22.0121 7.777 2.660 -2.334
23000800000015 34326153216 56.999 0.3897 22.1741 16.3364 0.3902 22.1769 16.3384 -67.908 -49.168 59.018
23000900000000 34324240384 57.001 7.4455 24.8544 9.6804 7.4491 24.8536 9.6801 10.906 -5.438 10.467
23000800000025 34267574272 56.967 2.6375 24.8257 14.9835 2.6378 24.8291 14.9810 -3.029 20.955 13.229
23000800000034 34185494528 56.924 24.1137 1.4818 12.7384 24.1109 1.4736 12.7335 -62.262 -31.975 77.682
23000800000055 34110117888 56.881 1.9406 24.7337 15.1167 1.9411 24.7346 15.1140 -1.358 -19.245 -3.926
23000800000009 33621837824 56.607 16.9962 12.3330 9.7978 16.9943 12.3330 9.7970 8.350 2.978 -33.015
23000800000031 33490606080 56.536 14.3689 6.3782 13.8526 14.3678 6.3803 13.8528 -4.608 -3.727 -37.696
23000700000003 32654542848 56.063 7.2408 5.4116 9.2363 7.2407 5.4060 9.2404 28.827 -17.670 8.460
23000800000058 32563615744 56.010 14.3773 9.6966 3.5129 14.3780 9.7003 3.5131 -24.772 3.275 -4.379
23000900000003 32507252736 55.978 19.4907 20.3070 15.4598 19.4902 20.3067 15.4572 -15.381 -6.487 -3.124
23000900000021 32357339136 55.889 11.9446 6.7364 5.6580 11.9452 6.7365 5.6577 31.264 -23.548 15.174
23000800000020 31215675392 55.223 20.0637 20.6123 15.7913 20.0648 20.6128 15.7935 7.953 -22.419 -14.569
23000900000063 30457440256 54.775 24.1892 1.3706 13.0615 24.1886 1.3721 13.0609 5.668 1.552 0.241
23001000000001 30027220992 54.514 21.2702 0.6812 17.5627 21.2701 0.6813 17.5637 3.256 4.607 4.254
23000900000028 29900314624 54.439 22.4768 23.0579 19.3544 22.4763 23.0588 19.3539 -4.448 -8.155 -14.185
23000900000018 29791338496 54.371 23.0051 23.9382 17.3427 23.0060 23.9363 17.3423 -17.823 -8.820 -0.334
23001000000002 28593268736 53.634 14.6722 12.8110 0.6153 14.6718 12.8090 0.6171 9.924 -9.694 -11.321
23000800000000 28269213696 53.430 20.0598 12.8385 11.8997 20.0590 12.8399 11.8978 16.286 -25.959 -5.009
23001000000008 27658070016 53.041 5.3173 23.5648 16.0038 5.3155 23.5665 16.0011 -42.329 10.436 42.704
23001100000008 26873141248 52.536 14.4404 16.5016 8.4793 14.4404 16.4992 8.4792 -11.556 5.634 -14.261
23001000000034 26639011840 52.381 21.8724 6.4371 15.7561 21.8717 6.4352 15.7554 -4.628 2.788 12.736
23000700000054 25405353984 51.561 21.0466 0.1899 17.2743 21.0469 0.1881 17.2705 13.566 42.215 -4.694
23001100000033 25322995712 51.505 11.5283 20.4528 11.8124 11.5300 20.4540 11.8127 10.096 -4.043 0.559
23001000000067 25214601216 51.430 1.9693 11.6423 21.7399 1.9676 11.6407 21.7400 6.562 -1.472 -29.268
23001000000029 24641429504 51.038 15.0827 24.4673 17.8987 15.0833 24.4701 17.8985 18.334 13.278 11.237
23000800000060 16755571712 44.883 16.0818 24.1278 18.9225 16.0809 24.1280 18.9226 -4.997 20.505 -0.129
23002400000062 4367497728 28.670 22.7618 23.1985 16.1436 22.7602 23.1984 16.1471 -1.445 -13.014 -0.944
