haloID mh rh halo_x halo_y halo_z gal_x gal_y gal_z spin_x spin_y spin_z
19000000000000 7811594977280 284.863 15.8673 24.9231 18.3618 15.8886 24.9496 18.3782 -345.135 445.303 -324.981
19000000000001 3889824530432 225.789 23.5967 1.1422 15.3355 23.6138 1.1740 15.3313 332.708 231.004 168.361
19000000000002 3149914177536 210.454 12.0599 19.1952 17.0395 12.0722 19.1974 17.0259 91.397 -515.130 386.455
19000000000003 2783167381504 201.950 17.2925 4.5242 20.7637 17.3097 4.5993 20.8138 -637.726 600.166 -1733.065
19000000000007 2373028675584 191.500 10.2008 15.2326 4.9536 10.1950 15.1867 4.9799 -94.184 -164.195 -184.889
19000000000004 2363096039424 191.230 4.9629 13.5617 10.5732 4.9489 13.5835 10.5766 387.625 -389.170 16.955
19000000000006 2219541790720 187.277 5.7644 24.1213 10.1779 5.7765 24.1429 10.1735 53.297 -138.587 -157.435
19000000000012 2122572890112 184.515 14.5410 10.9771 5.4949 14.5377 10.9653 5.5174 338.014 -35.118 75.403
19000000000008 2015739641856 181.362 24.7503 22.1577 16.7320 24.7448 22.1533 16.7208 85.782 127.603 -59.770
19000000000011 2013177315328 181.284 9.1504 12.9084 2.3239 9.1761 12.9214 2.3199 105.645 120.145 -183.341
19000000000010 1970943557632 180.010 13.7598 20.1696 15.0446 13.7577 20.1721 15.0373 297.381 110.546 -244.293
19000000000015 1932949716992 178.842 10.8246 17.7713 3.4054 10.8154 17.7661 3.4128 162.082 -29.766 -217.011
19000000000014 1736762195968 172.579 11.3785 20.5869 10.0800 11.3842 20.5995 10.1174 192.492 -573.382 -80.793
19000000000005 1734290833408 172.498 22.8107 23.3850 15.2334 22.8302 23.3979 15.2245 55.704 -148.626 396.012
19000000000013 1627188887552 168.868 22.1055 24.9746 17.8871 22.1516 24.9221 17.8947 -499.010 -246.940 309.333
19000000000021 1526948429824 165.322 23.7035 22.2994 21.1233 23.7014 22.3054 21.1266 265.771 -66.342 1.259
19000000000016 1494872227840 164.157 4.8749 14.5856 12.7624 4.8091 14.5759 12.7749 -118.196 -37.908 -179.438
19000000000018 1467211317248 163.142 20.8210 12.8538 11.4049 20.8496 12.8469 11.4289 -22.826 -871.814 -236.421
19000000000009 1457141055488 162.768 19.7959 13.2214 10.9730 19.7021 13.2125 10.9189 178.727 815.424 180.864
19000000000019 1367998201856 159.376 8.4336 9.6009 4.2513 8.4306 9.6086 4.2548 908.219 -101.327 -561.910
19000000000024 1271410458624 155.531 7.7680 12.0559 1.2383 7.7907 12.0397 1.2473 112.221 678.149 313.275
19000000000026 1179346272256 151.683 7.2316 19.3243 20.5666 7.2198 19.3340 20.5655 -441.289 193.935 -9.295
19000000000020 1163928666112 151.021 22.1633 4.3919 15.2419 22.1628 4.4206 15.2208 918.589 152.589 -216.092
19000000000017 1140001996800 149.983 7.1638 9.5162 8.0067 7.1852 9.5186 7.9835 -103.710 -239.335 -146.466
19000000000028 1097246638080 148.079 5.7299 14.4395 11.3662 5.7308 14.4439 11.3587 -458.507 -23.309 -50.350
19000000000027 1076620558336 147.146 12.5811 6.8508 4.0745 12.5511 6.8684 4.0623 249.154 301.911 351.321
19000000000023 1042822266880 145.592 18.9841 2.6984 18.2924 18.9712 2.6880 18.3370 -329.578 122.477 -29.812
19000000000029 997539774464 143.451 11.0493 17.4764 5.8341 11.0417 17.4683 5.8431 135.117 -404.698 581.152
19000000000025 970061316096 142.121 20.7412 4.7083 16.6537 20.7580 4.7301 16.6065 60.729 116.050 -67.373
19000000000034 947142590464 140.997 21.0893 5.9813 13.8150 21.0897 5.9772 13.8189 -121.975 -145.508 -35.446
19000000000030 914291818496 139.342 23.1014 15.7485 13.2182 23.0959 15.7494 13.2192 199.415 -40.806 34.882
19000000000032 890895007744 138.143 10.3825 3.1922 14.0302 10.3700 3.2059 14.0444 168.303 108.356 -34.451
19000000000033 823434543104 134.568 21.6161 20.3030 15.2515 21.6176 20.3044 15.2422 240.510 -45.765 -101.970
19000000000037 817830428672 134.262 20.3355 1.0574 17.8986 20.3328 1.0670 17.8960 -352.004 242.036 -476.408
19000000000036 808680292352 133.763 14.9190 11.3178 7.9369 14.9115 11.3248 7.9298 211.779 185.453 -278.225
19000000000040 777495248896 132.018 7.1751 23.7338 12.7997 7.1785 23.7386 12.8273 -10.957 167.373 177.489
19000000000039 730577829888 129.305 15.0755 23.0970 19.6625 15.0796 23.0989 19.6611 -9.187 -53.592 -195.943
19000000000041 725789769728 129.021 23.8063 4.4474 14.8424 23.8161 4.4689 14.8324 -373.000 93.833 -348.850
19000000000046 721458757632 128.768 20.9583 16.0202 19.4119 20.9442 16.0394 19.4254 -483.798 287.113 -66.075
19000000000031 713675243520 128.298 13.0181 14.6482 18.0128 13.0211 14.6732 18.0624 460.898 40.534 83.715
19000000000044 712813510656 128.252 14.7968 13.6516 0.0441 14.7963 13.6460 0.0409 800.228 -69.890 217.577
19000000000045 680342847488 126.272 6.0070 0.5996 9.7240 6.0096 0.5992 9.7287 -122.395 -16.965 -293.072
19000000000043 663694671872 125.235 17.1498 9.7586 23.1397 17.1572 9.7514 23.1364 183.331 91.906 255.714
19000000000050 645540020224 124.082 20.3539 20.7449 16.4574 20.3463 20.7503 16.4526 -14.329 -50.093 -10.708
19000000000049 644788912128 124.034 1.4142 17.4650 3.9559 1.4222 17.4538 3.9570 37.234 9.739 172.615
19000000000051 629881307136 123.072 14.4435 24.8077 17.3609 14.4483 24.8135 17.3557 2.597 236.845 -405.448
19000000000048 606681366528 121.542 23.9556 22.7926 19.8093 23.9476 22.7647 19.8243 -321.019 -49.185 -203.882
19000000000038 581237669888 119.814 13.1474 6.9248 10.3022 13.1378 6.9520 10.2951 302.193 130.063 202.786
19000000000053 527842246656 116.029 10.5068 20.3051 6.3134 10.5104 20.3009 6.3055 -117.673 44.771 -49.430
19000000000060 520173060096 115.463 13.6465 21.3084 10.2117 13.6518 21.3080 10.2157 66.420 -22.081 11.242
19000000000055 508316909568 114.583 18.4698 10.5590 19.3104 18.4821 10.5554 19.3164 -9.320 256.465 291.569
19000000000056 507863302144 114.544 9.6234 2.9425 13.7491 9.6477 2.9396 13.7362 121.947 8.284 355.405
19000000000064 505348358144 114.360 5.8658 3.0881 14.2522 5.8627 3.0847 14.2525 -44.096 -216.955 -164.920
19000000000057 492370690048 113.366 1.4077 15.6849 7.6551 1.4250 15.6810 7.6573 42.402 -33.917 61.610
19000000000063 490416308224 113.223 12.8567 10.5783 7.5149 12.8583 10.5749 7.5216 -14.844 181.665 197.555
19000000000069 476269314048 112.122 3.6241 13.3540 10.6830 3.6293 13.3524 10.6781 30.671 -274.031 17.310
19000000000035 471162880000 111.718 4.9768 21.8417 11.9929 4.9212 21.7990 12.0610 5.631 -412.023 -150.588
19000000000065 459997413376 110.828 12.9721 11.2341 15.4707 12.9826 11.2182 15.4775 167.108 18.187 31.436
19000000000022 458480680960 110.709 13.0035 7.8203 4.7036 12.9519 7.7620 4.7182 306.398 -417.709 -146.379
19000000000058 453524979712 110.309 15.7497 23.9421 17.7497 15.7476 23.9431 17.7455 18.765 117.767 121.291
19000000000071 450339864576 110.048 16.7352 21.4064 13.6726 16.7466 21.4063 13.6661 53.083 -167.542 -180.979
19000000000052 445910056960 109.683 16.5992 8.5422 23.9547 16.5798 8.5310 23.9720 -17.594 10.921 37.939
19000000000061 444620996608 109.580 9.3104 21.8334 12.6884 9.3041 21.8459 12.6854 138.191 248.041 73.802
19000000000067 440960811008 109.275 5.3200 21.2634 13.7633 5.3208 21.2650 13.7758 81.465 41.648 18.380
19000000000047 430236008448 108.388 1.7895 8.7826 14.9787 1.7916 8.7837 14.9994 86.603 -129.286 -20.220
19000000000062 420948606976 107.598 2.4586 13.2734 10.6372 2.4514 13.2770 10.6340 243.412 293.672 -154.571
19000000000068 420244553728 107.541 19.7433 4.1604 17.4211 19.7359 4.1673 17.4291 68.692 -114.508 30.242
19000000000070 404462927872 106.178 15.8022 23.5256 17.2076 15.7989 23.5337 17.2102 96.831 -6.819 -226.306
19000100000009 401991565312 105.958 7.6224 23.3837 8.8608 7.6239 23.3841 8.8611 -201.383 184.104 -261.137
19000100000006 394139631616 105.266 9.5468 16.6637 24.9518 9.5479 16.6588 24.9627 132.846 97.903 22.364
19000100000005 392219361280 105.096 21.8989 10.7904 22.5354 21.8994 10.7985 22.5297 62.805 18.339 -393.437
19000000000066 390641123328 104.950 8.2222 11.2453 2.6766 8.2228 11.2411 2.6759 183.955 -387.752 74.692
19000100000001 389861834752 104.886 21.8719 19.2734 14.9115 21.8391 19.2508 14.9336 -143.341 -440.564 -577.821
19000000000042 385606942720 104.499 16.7281 12.6172 9.2449 16.6971 12.6276 9.2367 4.748 1.948 -116.898
19000100000002 379999879168 103.993 5.8430 11.2067 9.4640 5.8459 11.2032 9.4541 -89.093 -36.054 -28.768
19000100000000 375466885120 103.575 21.3802 17.9874 18.6850 21.3906 17.9909 18.6909 59.111 -211.011 -432.181
19000000000072 375416258560 103.570 5.4203 12.2371 9.8512 5.4071 12.2383 9.8481 -61.777 27.948 34.489
19000000000054 371838976000 103.244 15.5083 24.9727 19.3131 15.5009 24.9672 19.3544 26.034 107.694 -16.825
19000100000003 366283522048 102.723 18.0834 20.2223 14.8258 18.0826 20.2175 14.8114 -149.517 16.290 -210.008
19000100000013 363116560384 102.427 8.9008 18.4875 19.3095 8.8988 18.4810 19.3146 30.537 -26.385 37.404
19000100000008 361267560448 102.252 10.6133 4.0776 11.8178 10.6130 4.0679 11.8178 -143.720 -34.909 39.102
19000100000016 348905832448 101.071 24.9573 22.0386 20.4640 24.9601 22.0300 20.4747 103.793 -88.349 -60.081
19000100000017 348565307392 101.038 20.2850 18.6876 14.3986 20.2885 18.6895 14.3940 -147.754 -206.025 -234.608
19000100000007 336571498496 99.865 14.8420 16.8113 19.0548 14.8205 16.8213 19.0511 -104.672 -225.286 39.085
19000100000021 335266447360 99.736 2.6364 20.2453 14.1014 2.6309 20.2490 14.0989 -20.331 7.248 -47.257
19000100000012 329579397120 99.170 4.8688 20.7221 14.7133 4.8743 20.7339 14.6971 8.169 -87.017 -110.290
19000100000019 328774975488 99.089 12.3789 20.8216 9.8901 12.3718 20.8292 9.9004 192.729 -10.884 120.354
19000100000014 328390967296 99.051 6.6573 2.4719 9.2977 6.6578 2.4802 9.2939 -22.565 14.407 10.699
19000100000011 321980235776 98.405 6.4346 4.4905 13.7607 6.4172 4.4852 13.7635 54.531 -51.773 -65.753
19000100000018 318645174272 98.061 24.8059 16.8957 0.0265 24.7990 16.8961 0.0379 222.193 13.474 44.464
19000100000023 318208835584 98.015 14.3344 13.0551 11.8414 14.3131 13.0505 11.8453 -116.429 -598.253 -852.259
19000100000025 315747893248 97.766 12.9995 5.0990 2.0881 13.0014 5.1092 2.1098 109.132 -198.422 -11.238
19000100000010 305450942464 96.691 6.3356 1.5397 9.4698 6.3317 1.5362 9.4711 -40.034 11.348 -238.012
19000100000028 304588029952 96.596 11.8386 4.7551 10.5325 11.8111 4.7535 10.5323 39.569 -67.840 -94.289
19000100000031 303501410304 96.484 12.7185 5.2935 11.7457 12.7164 5.2874 11.7390 7.817 1.933 -32.232
19000100000041 303288680448 96.463 2.3385 22.1511 15.7418 2.3311 22.1493 15.7505 -27.499 -204.710 194.225
19000100000015 299794104320 96.089 21.9392 20.7038 15.6005 21.9461 20.7287 15.5939 5.843 -38.182 -98.177
19000100000043 285144907776 94.501 0.8592 21.6981 19.7648 0.8557 21.6990 19.7717 -38.006 6.245 -6.046
19000100000034 281176178688 94.058 24.0034 23.1208 18.8137 24.0046 23.1363 18.8258 0.391 -139.485 165.215
19000100000033 280577343488 93.991 6.8916 2.0800 14.1078 6.8998 2.0885 14.1127 154.321 -113.049 -49.117
19000100000029 279482662912 93.869 13.7140 10.4732 7.7596 13.7040 10.4690 7.7473 48.151 -4.797 -18.617
19000100000026 279290347520 93.845 1.0873 16.7539 22.2047 1.0851 16.7558 22.1996 26.196 38.158 -4.596
19000100000044 276175159296 93.499 8.3798 3.5316 13.5275 8.3735 3.5271 13.5266 139.029 198.604 -115.178
19000100000035 274760515584 93.336 6.6279 10.1768 6.3494 6.6356 10.1788 6.3442 -144.797 168.876 -46.195
19000100000027 270941044736 92.901 19.7650 15.7359 12.2811 19.7616 15.7292 12.2761 180.431 150.263 184.172
19000100000024 269153583104 92.698 15.0133 13.9195 24.2048 15.0094 13.9038 24.2208 -371.922 99.944 60.639
19000100000049 266470277120 92.391 11.7526 3.6657 8.7444 11.7555 3.6704 8.7483 -35.502 24.446 13.067
19000100000039 265316827136 92.255 5.8520 14.6072 13.1542 5.8441 14.6015 13.1545 40.760 -12.343 71.211
19000100000038 264782888960 92.191 11.1230 7.2801 11.9606 11.1261 7.2623 11.9639 -0.082 -33.944 -46.079
19000100000045 264380645376 92.148 9.1399 17.8233 22.8406 9.1477 17.8100 22.8252 12.496 -279.919 -43.447
19000100000040 263740227584 92.073 14.7116 13.2626 0.8777 14.6951 13.2864 0.8417 668.114 584.962 -226.348
19000100000032 260228956160 91.661 6.1297 21.4955 13.2917 6.1575 21.5061 13.2986 95.010 -31.072 -77.694
19000100000048 258041528320 91.401 3.5502 6.6678 14.6150 3.5493 6.6642 14.6075 132.538 -21.467 152.204
19000100000036 256709984256 91.249 15.3429 3.4709 5.7801 15.3402 3.4764 5.8032 -38.122 -58.995 1.992
19000100000047 255053119488 91.049 17.9509 12.8270 10.0597 17.9513 12.8256 10.0620 -33.444 -32.286 44.463
19000100000037 254704959488 91.008 20.5669 18.9023 17.8121 20.5666 18.9038 17.8262 5.906 -62.006 -41.544
19000100000046 241832411136 89.447 15.9251 14.5101 20.1301 15.9286 14.5157 20.1264 -8.997 -73.274 -3.890
19000100000051 235497537536 88.659 6.3319 23.8670 12.5566 6.3154 23.8830 12.5370 -126.091 -23.596 101.947
19000100000056 227231956992 87.612 10.8995 18.5423 1.6810 10.8994 18.5409 1.6927 250.015 -114.849 -77.394
19000100000055 222015897600 86.936 6.5159 0.7174 9.8208 6.5149 0.7192 9.8168 18.283 225.563 58.739
19000100000054 220777906176 86.771 9.9255 9.5404 13.4540 9.9237 9.5329 13.4430 30.952 109.691 -46.567
19000100000065 218613792768 86.491 6.6560 21.8421 18.9538 6.6549 21.8425 18.9563 -24.789 -89.225 85.975
19000100000059 215966662656 86.136 8.9866 13.1249 14.6639 8.9819 13.1252 14.6570 15.587 -16.204 -16.094
19000100000066 213856124928 85.856 16.4643 11.1314 9.8947 16.4643 11.1352 9.8898 -21.975 53.608 65.209
19000100000042 210037637120 85.342 15.9350 8.3057 0.1931 15.9295 8.2952 0.1969 -4.626 -180.521 44.571
19000100000060 208542105600 85.138 8.3464 20.1595 21.4998 8.3525 20.1643 21.5099 20.433 39.601 -19.981
19000100000063 208433889280 85.127 17.8513 0.2544 5.4300 17.8573 0.2562 5.4335 -38.990 11.103 -2.612
19000100000061 208299343872 85.104 7.0047 6.4221 8.3401 7.0028 6.4273 8.3328 -90.423 0.575 78.034
19000100000058 208259465216 85.102 12.2308 1.5397 15.8149 12.2353 1.5475 15.8134 45.236 -52.510 486.321
19000100000071 207381151744 84.981 15.1393 13.5415 11.3352 15.1232 13.5540 11.3378 87.533 11.328 10.783
19000100000057 206391771136 84.847 7.3985 21.9507 12.9068 7.3924 21.9619 12.8973 290.535 49.452 -57.074
19000200000004 204376064000 84.568 6.2044 19.1455 19.3966 6.2058 19.1471 19.3996 -39.306 -40.085 -10.119
19000200000000 203235131392 84.410 23.7037 15.6986 2.4488 23.7054 15.7133 2.4293 -130.803 66.808 33.400
19000100000072 192533757952 82.902 6.0217 20.0819 19.5741 6.0177 20.0871 19.5783 54.877 -20.169 -51.109
19000100000068 190636539904 82.630 18.2560 18.4023 13.7881 18.2497 18.4015 13.7851 -3.468 44.587 -19.373
19000100000053 190137401344 82.557 13.8069 9.0703 8.7281 13.8008 9.0704 8.7239 120.430 62.908 -97.853
19000100000022 186494058496 82.028 13.5169 21.2831 23.7915 13.5147 21.2773 23.7909 36.779 32.858 -15.488
19000200000005 183169482752 81.536 0.4712 7.0007 13.5110 0.4795 7.0110 13.5072 24.651 96.231 48.855
19000200000002 177001709568 80.610 1.4471 21.9510 18.0525 1.4392 21.9507 18.0399 -89.915 -23.405 27.846
19000100000070 175702736896 80.412 23.0651 20.2317 19.5081 23.0597 20.2214 19.4995 -92.679 21.744 40.588
19000100000064 174941257728 80.296 11.0054 18.9436 17.1203 10.9966 18.9414 17.1427 3.556 185.956 -136.452
19000200000010 171500929024 79.765 7.6270 23.6732 12.9238 7.6328 23.6735 12.9249 -64.477 5.013 126.100
19000000000059 169049800704 79.385 3.5198 20.4313 13.7234 3.5619 20.4575 13.7841 308.258 -264.258 -69.267
19000200000014 168586772480 79.315 15.4811 15.6473 19.6638 15.4763 15.6410 19.6623 -122.469 -6.252 136.325
19000100000069 168067170304 79.232 19.1451 2.1404 18.4037 19.1404 2.1598 18.4285 -332.492 216.084 -228.397
19000200000020 167904509952 79.204 15.6677 15.4568 8.7849 15.6683 15.4811 8.7713 -208.170 38.490 86.520
19000200000011 166006489088 78.905 15.1548 8.0773 1.8797 15.1537 8.0814 1.8845 -0.179 25.842 -60.689
19000100000050 165403115520 78.809 16.9245 1.7572 19.0851 16.9308 1.7662 19.0998 -22.630 10.488 -47.728
19000200000019 164508024832 78.666 16.2649 11.2414 3.8153 16.2465 11.2301 3.7993 -218.962 -39.098 -10.941
19000100000052 163357556736 78.481 10.1330 3.6821 12.6991 10.1151 3.6539 12.6417 -394.992 -437.721 331.851
19000200000006 163032645632 78.431 11.2658 17.4379 20.8981 11.2820 17.4246 20.8903 -29.436 88.535 -133.069
19000200000018 162348105728 78.323 15.5262 11.9318 6.2030 15.5281 11.9320 6.2064 6.240 -49.250 29.405
19000200000012 161392721920 78.166 15.5795 10.0280 9.6779 15.5871 10.0494 9.6698 -131.251 66.088 167.260
19000200000017 161260797952 78.147 7.0257 10.3002 5.7876 7.0264 10.3011 5.7846 -177.742 -25.677 35.876
19000200000036 156653453312 77.397 4.2878 18.2132 1.5880 4.2906 18.2190 1.5881 53.484 -4.301 152.862
19000100000062 155282522112 77.167 12.8224 10.8847 12.1322 12.7991 10.8745 12.1171 -53.899 -7.897 93.663
19000200000008 152301617152 76.672 22.6071 3.9003 15.2020 22.6106 3.8937 15.2091 -45.418 110.808 -103.338
19000200000024 152160141312 76.648 23.3767 2.7689 15.3392 23.3743 2.7694 15.3355 -4.564 -9.923 7.404
19000200000031 149337620480 76.172 16.9589 19.1313 14.0051 16.9599 19.1341 14.0073 -28.102 0.389 -6.525
19000200000009 147666960384 75.884 16.5039 16.7128 10.0430 16.5137 16.7066 10.0366 4.013 52.293 107.413
19000200000003 144384081920 75.319 2.3966 16.6518 7.7105 2.4014 16.6576 7.6769 -258.306 12.594 -81.077
19000200000015 143443378176 75.153 3.2640 13.7850 11.6854 3.2782 13.7876 11.6878 -44.611 23.446 2.985
19000200000029 141043957760 74.733 11.6100 20.6164 13.6837 11.6028 20.6231 13.6843 61.118 28.911 32.770
19000200000027 139847417856 74.521 18.2871 19.1297 11.5986 18.2895 19.1299 11.5916 60.023 56.654 -44.575
19000200000040 138119299072 74.212 17.9218 23.9615 19.2136 17.9268 23.9619 19.2152 30.290 13.033 -97.589
19000200000016 138100391936 74.208 7.1897 13.1977 14.0379 7.1887 13.1876 14.0406 58.868 12.184 -26.279
19000200000037 137933651968 74.183 11.3285 16.6557 22.1038 11.3204 16.6510 22.1058 -6.176 22.085 25.961
19000200000038 137203195904 74.051 18.9419 12.1948 19.4920 18.9342 12.1990 19.5011 -53.914 -29.527 -17.682
19000200000047 136509267968 73.923 14.3423 1.6588 10.2686 14.3378 1.6520 10.2696 -142.969 52.496 -88.105
19000200000041 134577299456 73.572 17.6702 3.5429 20.2677 17.6686 3.5405 20.2655 6.861 46.274 -11.943
19000200000044 132582752256 73.207 17.4480 23.2563 17.6471 17.4477 23.2569 17.6424 13.020 18.617 -4.281
19000200000025 130999967744 72.915 18.7407 11.3953 19.3116 18.7366 11.4031 19.3158 15.840 -12.669 30.908
19000100000030 130883084288 72.892 16.5812 0.9585 18.5750 16.5931 0.9565 18.5804 -63.614 -41.291 14.320
19000200000013 129190502400 72.579 22.3161 16.7506 12.5190 22.3075 16.7227 12.5213 -33.002 10.917 12.315
19000200000039 127467167744 72.253 11.7649 6.1259 12.8348 11.7681 6.1295 12.8287 3.413 -27.328 6.208
19000100000004 127243837440 72.211 6.4219 1.2297 14.0205 6.4260 1.2296 14.0286 -24.788 -0.681 28.227
19000200000023 127138856960 72.192 8.1444 13.0593 4.2611 8.1429 13.0474 4.2454 -1.586 -30.341 -24.925
19000200000034 126733099008 72.117 8.5280 17.8766 7.1738 8.5157 17.8843 7.1803 62.334 72.152 -46.156
19000200000021 126536253440 72.080 7.6982 1.7784 13.9167 7.7088 1.7690 13.9138 53.371 -117.469 -12.941
19000200000032 126430953472 72.058 10.5092 17.2835 2.3281 10.5013 17.2839 2.3244 -20.711 41.199 -63.277
19000200000026 125933682688 71.962 8.4181 19.2357 18.8708 8.4289 19.2393 18.8644 -8.883 18.673 -63.256
19000200000068 125575323648 71.897 17.4803 17.5284 13.1422 17.4805 17.5266 13.1414 -8.638 -17.487 10.387
19000200000049 125084852224 71.804 9.9001 19.3508 22.9715 9.8984 19.3581 22.9642 -38.141 1.820 58.472
19000200000042 123810070528 71.555 8.2332 14.9763 13.2098 8.2208 14.9763 13.2046 -15.864 -6.673 40.967
19000200000007 123539447808 71.506 13.5529 6.9995 2.9350 13.5450 7.0318 2.9579 86.048 28.951 -73.388
19000200000050 122470875136 71.297 19.1538 3.3541 17.8854 19.1522 3.3533 17.8853 -10.417 -23.454 -7.346
19000200000028 120950849536 71.002 15.3732 11.7311 8.4108 15.3791 11.7469 8.4086 49.932 71.977 -64.111
19000200000056 120939634688 70.999 4.4807 23.5114 16.9485 4.4920 23.5277 16.9494 -29.226 -0.763 27.926
19000200000061 120675811328 70.946 1.2901 11.1130 21.5599 1.2951 11.1125 21.5522 14.665 54.452 49.990
19000200000057 119382507520 70.692 2.0422 18.8227 4.5062 2.0366 18.8151 4.5021 17.720 13.298 -9.901
19000200000064 119255220224 70.669 16.9334 0.0891 18.3984 16.9377 0.0921 18.3964 2.562 -0.018 -0.098
19000200000065 118834241536 70.586 11.0182 7.8296 4.8029 11.0211 7.8254 4.8048 -24.209 -15.806 1.834
19000300000004 118709936128 70.562 1.4197 9.7695 7.5432 1.4259 9.7604 7.5332 -34.322 -61.300 56.126
19000200000062 118360449024 70.490 10.9911 10.5716 10.8779 10.9898 10.5780 10.8792 26.387 -3.089 24.650
19000200000067 117674352640 70.356 2.2266 22.7731 16.6403 2.2224 22.7694 16.6357 3.515 -41.614 18.435
19000200000069 116813488128 70.183 2.9115 11.5220 11.7863 2.9138 11.5228 11.7845 12.506 5.794 18.954
19000300000001 116394967040 70.098 0.1142 13.5130 8.7016 0.1094 13.5149 8.7077 73.013 -21.102 86.782
19000200000051 115835002880 69.984 0.3531 23.1593 20.9560 0.3734 23.1612 20.9524 -40.216 -37.776 -189.396
19000200000045 115767459840 69.973 3.4193 23.0761 16.4022 3.4226 23.0847 16.4011 -1.507 36.148 50.667
19000300000007 115752943616 69.972 23.3755 18.1919 19.1178 23.3741 18.1932 19.1234 41.286 35.859 -6.442
19000200000022 115720937472 69.963 11.0119 19.1875 4.1016 10.9988 19.2062 4.1080 -87.916 -121.362 -223.409
19000300000009 113968775168 69.610 8.3220 12.6226 2.3294 8.3252 12.6255 2.3316 25.218 -32.595 10.084
19000300000011 113016061952 69.413 20.9379 21.1927 16.3505 20.9362 21.1913 16.3494 26.587 -7.505 -34.088
19000200000035 110265303040 68.847 9.3763 18.3843 19.0343 9.3801 18.3798 19.0370 27.062 26.586 -20.255
19000300000000 109424377856 68.669 5.3153 22.2550 11.5013 5.3110 22.2568 11.4973 47.106 32.159 -74.641
19000300000013 108987768832 68.577 18.5661 21.9680 15.3871 18.5545 21.9789 15.3865 12.574 -9.274 -58.174
19000200000072 108743106560 68.528 13.0227 10.7569 14.0654 13.0155 10.7531 14.0682 -11.195 48.974 -14.967
19000200000033 108265037824 68.425 10.4311 16.3186 2.6137 10.4301 16.2992 2.6161 29.149 15.207 218.054
19000300000012 107286642688 68.221 11.9619 19.8310 10.8050 11.9615 19.8320 10.8094 66.648 102.669 -66.460
19000300000024 106603962368 68.076 13.8230 24.8113 22.6059 13.8054 24.8133 22.6000 25.322 -10.883 32.690
19000100000020 105239175168 67.782 15.5183 8.2758 0.6788 15.6043 8.2513 0.6760 264.163 889.146 -683.741
19000200000048 104324399104 67.585 12.7969 6.2793 3.4850 12.7936 6.2630 3.4812 -43.197 9.682 -44.083
19000300000027 103969587200 67.510 7.8948 21.4030 22.8913 7.8932 21.4013 22.8825 -9.176 -149.738 32.442
19000200000059 103775682560 67.469 23.6163 23.4458 18.7023 23.6148 23.4466 18.7058 -21.984 -49.619 18.178
19000300000023 103108329472 67.321 3.4832 21.0110 19.1801 3.4848 21.0119 19.1755 67.767 20.277 41.147
19000300000003 102879387648 67.271 12.3039 14.8798 21.2770 12.2784 14.8742 21.2676 -3.956 -166.413 140.928
19000300000006 102403661824 67.168 6.3064 23.8428 9.5197 6.3006 23.8408 9.5171 -31.352 13.609 -30.687
19000200000030 101826650112 67.042 10.3781 14.1484 6.1740 10.3632 14.1421 6.1613 3.541 87.470 62.657
19000200000052 101226217472 66.910 24.2868 4.9612 15.0000 24.2809 4.9562 15.0020 -1.964 -3.434 -15.855
19000300000002 101201379328 66.904 20.4344 19.3169 17.5315 20.4310 19.3151 17.5341 46.984 9.751 -54.393
19000300000026 100698251264 66.793 3.5539 20.9919 14.2634 3.5515 20.9857 14.2704 55.513 -105.586 -66.083
19000200000060 100230619136 66.692 21.6048 9.9463 16.3554 21.6030 9.9364 16.3493 43.193 -4.098 -68.146
19000300000031 99149873152 66.449 9.4712 20.4660 11.9795 9.4718 20.4678 11.9751 -86.431 58.977 -42.701
19000300000018 99125002240 66.446 4.5769 23.4968 10.9923 4.5800 23.4968 10.9869 15.324 15.470 37.182
19000200000054 99044368384 66.427 11.0369 18.5467 3.5752 11.0336 18.5494 3.5797 64.494 7.392 -10.961
19000300000005 98810560512 66.373 17.0037 1.2286 23.0984 17.0061 1.2385 23.0978 -235.728 -23.696 130.914
19000300000008 98562441216 66.321 14.5075 20.9408 15.6915 14.5098 20.9448 15.6869 43.156 180.357 16.303
19000300000015 96416342016 65.832 4.4305 21.5347 14.9926 4.4378 21.5282 14.9798 -64.037 -44.985 -23.773
19000300000038 96388259840 65.828 5.7052 22.1376 8.3715 5.7044 22.1308 8.3546 -52.038 17.184 6.659
19000200000071 96304013312 65.810 24.8631 16.9194 24.1542 24.8502 16.9197 24.1659 -39.176 -193.316 -76.831
19000300000025 95956230144 65.731 15.4872 11.9414 0.3087 15.4856 11.9438 0.3075 -126.842 51.781 74.363
19000300000053 95796699136 65.693 12.7189 17.0800 7.5045 12.7164 17.0774 7.5049 -6.009 8.399 16.657
19000300000046 95730868224 65.679 17.6740 22.7798 17.3026 17.6745 22.7796 17.3045 -67.507 -69.361 94.318
19000300000019 95265275904 65.569 6.5872 10.4396 8.8217 6.5923 10.4318 8.8185 -42.298 -47.502 -65.681
19000300000010 93375225856 65.135 6.6242 19.6587 10.8534 6.6307 19.6834 10.8366 140.514 88.170 148.899
19000300000040 93277184000 65.110 15.2180 2.8903 11.2480 15.2212 2.8897 11.2524 21.447 -29.897 -5.913
19000200000046 93193428992 65.093 13.8358 9.9811 8.7309 13.8343 9.9581 8.7327 -22.538 -1.072 -37.661
19000300000042 92827328512 65.008 12.3837 6.7725 5.6776 12.3839 6.7749 5.6788 7.603 -16.437 15.411
19000200000001 92393119744 64.902 9.9455 17.7000 21.9039 9.9548 17.6986 21.8749 30.575 48.758 -41.173
19000300000022 91652300800 64.731 17.1061 23.9166 7.3259 17.1191 23.9083 7.3374 101.017 -11.990 6.604
19000300000039 90537385984 64.467 1.7493 13.2442 13.8645 1.7494 13.2556 13.8643 20.973 -3.270 29.346
19000400000002 90000449536 64.338 15.8280 4.6273 1.2375 15.8259 4.6341 1.2388 36.176 19.361 16.564
19000300000033 89845104640 64.302 17.1618 12.1929 10.1180 17.1788 12.2094 10.1079 520.533 -466.780 98.758
19000300000036 89002459136 64.101 11.3605 19.9497 8.6689 11.3581 19.9454 8.6712 11.241 -4.841 -1.058
19000300000017 88800321536 64.053 16.3732 10.7399 24.1658 16.3669 10.7344 24.1621 -42.664 47.595 66.237
19000300000034 88539389952 63.988 11.0856 1.6393 15.2251 11.0899 1.6401 15.2260 32.332 -43.880 4.921
19000300000045 88337088512 63.941 24.2931 18.1916 2.0184 24.2874 18.1947 2.0201 -45.880 -24.345 -3.278
19000300000030 88044011520 63.869 11.4919 3.5608 9.2877 11.4956 3.5581 9.2819 40.682 -44.640 -4.365
19000300000052 87791558656 63.808 21.7492 23.6627 15.3882 21.7449 23.6716 15.3800 15.020 -26.470 -25.905
19000200000055 87643922432 63.772 10.5807 20.2736 6.9703 10.6019 20.2580 6.9639 113.301 112.756 160.282
19000400000009 87541129216 63.749 15.2564 15.7808 12.4819 15.2550 15.7805 12.4816 -18.938 7.534 14.437
19000300000032 87186817024 63.662 17.8963 1.7645 18.5336 17.8944 1.7536 18.5314 -2.540 36.720 -206.436
19000300000014 87000064000 63.616 4.7183 11.5598 23.1695 4.7235 11.5647 23.1723 -40.702 -32.279 25.976
19000300000043 86962864128 63.607 24.0586 20.1723 18.2603 24.0598 20.1594 18.2557 -79.146 5.291 -16.213
19000300000048 86782894080 63.565 15.1433 12.9439 8.4839 15.1272 12.9492 8.4881 29.680 26.830 19.376
19000200000070 86586449920 63.516 8.7770 22.1497 12.7570 8.7779 22.1425 12.7570 25.619 -46.341 0.364
19000300000047 86566133760 63.510 5.6539 12.3773 15.3371 5.6510 12.3699 15.3399 -29.969 117.139 -27.348
19000200000058 86470590464 63.486 7.6404 1.0109 13.5901 7.6380 1.0183 13.5946 47.544 -91.539 58.850
19000300000056 85111898112 63.155 5.5486 13.9883 10.7713 5.5499 13.9828 10.7734 -52.732 -14.362 14.388
19000300000058 84172881920 62.919 24.8624 16.7712 1.2448 24.8649 16.7703 1.2432 -44.752 -12.299 34.678
19000400000014 83632070656 62.785 1.6518 3.8612 20.1683 1.6521 3.8598 20.1695 -29.598 6.824 -13.965
19000400000003 83175284736 62.670 17.6702 1.1420 18.6239 17.6649 1.1419 18.6199 1.982 -9.691 -13.253
19000300000020 82955886592 62.614 2.3775 14.0704 13.6635 2.3759 14.0630 13.6680 -50.652 -21.840 -12.885
19000400000007 81868152832 62.342 20.1603 20.5528 15.9812 20.1603 20.5505 15.9788 3.010 -10.003 0.896
19000400000001 81443979264 62.234 21.7613 9.0101 16.1813 21.7583 9.0167 16.1821 31.282 -36.096 104.212
19000400000000 80181608448 61.910 11.6901 18.1603 19.2530 11.6917 18.1568 19.2512 28.797 71.479 41.384
19000400000005 79635775488 61.767 15.5591 13.9508 11.3394 15.5601 13.9539 11.3434 19.934 -7.054 23.234
19000300000016 79314190336 61.685 6.0248 22.1495 18.6182 6.0212 22.1524 18.6107 37.030 -53.368 24.594
19000300000067 79255781376 61.672 7.8873 18.4531 3.9597 7.8867 18.4463 3.9535 60.370 20.810 -12.378
19000300000068 78790418432 61.549 20.2318 12.0033 13.0741 20.2282 12.0013 13.0801 9.182 -38.519 -6.368
19000300000061 78712438784 61.530 3.6355 11.9041 11.1828 3.6297 11.9082 11.1770 -28.773 20.371 17.300
19000400000004 78378287104 61.443 16.3662 8.0306 24.8183 16.3498 8.0257 24.8207 4.731 63.262 179.220
19000400000021 78352572416 61.435 23.1395 7.4843 23.1839 23.1375 7.4853 23.1827 -3.818 -11.519 0.349
19000300000050 78133985280 61.379 5.7529 14.6899 12.2489 5.7596 14.6894 12.2550 4.189 -43.893 -14.343
19000300000069 77993574400 61.343 10.3750 17.2228 3.7613 10.3820 17.2263 3.7603 -1.707 -19.245 38.833
19000400000011 77727596544 61.272 15.2145 2.3946 0.1186 15.2188 2.3997 0.1170 6.903 5.313 -20.697
19000300000064 76898344960 61.055 19.7081 12.7048 21.7978 19.7034 12.6964 21.8138 20.020 -90.693 -59.110
19000200000063 76574089216 60.968 21.0308 7.0535 13.0993 21.0442 7.0616 13.1180 40.116 151.495 -94.943
19000400000022 76429680640 60.929 10.6873 5.2242 7.7026 10.6874 5.2257 7.7013 2.212 -1.500 -10.866
19000300000063 76344983552 60.907 15.7051 2.1237 12.3720 15.7010 2.1166 12.3741 -4.525 -20.133 -47.238
19000400000010 76087648256 60.836 6.3203 9.9889 7.0600 6.3213 9.9911 7.0565 1.374 -5.655 12.850
19000400000046 75818688512 60.766 15.2097 22.4123 5.3750 15.2078 22.4209 5.3631 -85.487 23.012 59.096
19000400000037 75190059008 60.597 18.5978 16.4159 12.2989 18.5949 16.3967 12.3011 -31.700 -99.051 -30.812
19000300000035 75189067776 60.599 14.2392 10.9691 7.4281 14.2417 10.9704 7.4316 23.427 -51.815 -66.815
19000400000028 74762567680 60.483 22.9851 23.1410 17.3637 22.9887 23.1417 17.3627 14.953 25.900 3.828
19000400000015 73790201856 60.220 10.1524 2.0224 14.4163 10.1515 2.0255 14.4113 -5.402 50.460 -42.809
19000300000054 73782124544 60.218 15.2821 7.7880 1.0784 15.2841 7.7920 1.0860 -41.218 5.410 43.095
19000400000008 73641959424 60.181 7.7063 4.3556 10.3335 7.7086 4.3512 10.3294 -15.123 -17.098 18.377
19000300000037 73420111872 60.120 7.2776 1.8380 13.8146 7.2607 1.8514 13.8250 168.116 192.585 44.623
19000300000041 73384853504 60.110 21.7034 19.9968 18.8098 21.7130 20.0050 18.8155 39.825 -0.401 -50.428
19000400000017 73230491648 60.066 2.5957 12.4781 22.4324 2.6016 12.4632 22.4489 -171.681 -203.828 -67.966
19000400000036 72307417088 59.811 2.8504 21.0789 23.1850 2.8542 21.0772 23.1886 52.800 72.504 -3.875
19000300000066 72224366592 59.792 4.0838 8.9621 6.8623 4.0967 8.9729 6.8596 12.209 -20.457 -31.971
19000300000060 71564943360 59.608 1.8070 3.2417 20.0522 1.8078 3.2528 20.0521 -11.752 6.350 4.365
19000400000012 71475765248 59.582 6.0105 11.5447 9.6886 6.0107 11.5410 9.6904 -21.449 -15.149 3.932
19000400000044 70880313344 59.419 19.4183 12.7122 18.1442 19.4128 12.7066 18.1366 53.068 2.636 -58.316
19000400000035 70474170368 59.302 7.7814 17.4648 8.9012 7.7801 17.4614 8.9034 -25.409 -35.539 -19.748
19000400000026 70290669568 59.249 12.2925 8.4091 8.4021 12.2984 8.4218 8.4016 -72.089 29.559 -16.056
19000300000028 70145081344 59.209 12.6698 4.7964 2.2122 12.6547 4.7748 2.2064 38.360 -4.666 16.804
19000300000070 69906276352 59.143 18.1531 19.7197 14.7151 18.1554 19.7199 14.7205 50.471 -48.571 -23.613
19000400000055 69634719744 59.066 4.7891 11.0912 10.4736 4.7914 11.0926 10.4732 37.665 -15.524 14.010
19000400000062 68886396928 58.855 6.8739 11.9597 23.1572 6.8768 11.9662 23.1661 24.323 46.919 -22.756
19000300000044 68664430592 58.789 21.0050 16.7520 12.5784 21.0165 16.7340 12.5658 -96.335 26.303 -79.510
19000400000061 68635365376 58.782 21.3863 11.3222 16.7956 21.3835 11.3215 16.7972 15.779 -2.309 22.121
19000400000024 68355833856 58.701 16.4178 9.1162 15.1186 16.4138 9.1082 15.1062 -49.724 -4.865 33.131
19000400000059 68066840576 58.619 19.8950 23.8764 0.6421 19.8912 23.8791 0.6432 -11.415 12.744 -5.815
19000400000053 67874889728 58.563 18.3334 6.2313 17.0141 18.3241 6.2359 17.0098 4.891 54.372 -8.553
19000400000054 67846430720 58.556 23.9785 23.2340 19.3806 23.9787 23.2360 19.3798 -28.726 28.580 -14.598
19000300000057 67469443072 58.447 18.6152 13.3118 10.5071 18.6340 13.3208 10.5000 -23.609 75.052 184.412
19000200000053 67084156928 58.336 16.0370 24.8347 17.5266 16.0215 24.8447 17.5164 5.011 -8.836 5.935
19000500000000 66712551424 58.228 20.5689 14.0955 20.8373 20.5732 14.1091 20.8419 15.510 39.069 -33.594
19000400000013 65783971840 57.958 6.9928 6.0055 8.2851 6.9893 5.9972 8.2920 17.874 -17.384 37.002
19000400000052 65559576576 57.892 15.8522 9.7046 10.7209 15.8564 9.7056 10.7182 -29.315 19.626 -21.031
19000500000001 65470717952 57.865 15.0356 1.3818 10.0178 15.0364 1.3868 10.0159 -12.684 28.324 -59.209
19000400000034 65457881088 57.863 3.8767 21.7150 5.9503 3.8708 21.7135 5.9559 -12.954 10.264 -27.438
19000300000051 65362968576 57.831 15.3111 2.8611 23.4287 15.3072 2.8628 23.4293 -29.845 73.499 53.674
19000400000071 65201364992 57.787 20.6853 23.2928 19.6439 20.6884 23.2920 19.6467 17.853 -8.396 8.592
19000500000002 65143812096 57.770 10.8428 19.3126 22.4520 10.8400 19.3060 22.4555 -27.577 37.354 1.603
19000400000048 64888631296 57.693 6.2453 14.6675 10.0952 6.2447 14.6687 10.0943 -37.824 -22.505 -22.336
19000300000029 64401182720 57.548 14.7707 8.2417 1.8644 14.7737 8.2404 1.8562 23.097 -9.695 29.028
19000400000016 63727091712 57.346 0.6986 13.1909 9.0769 0.7230 13.1891 9.0812 3.208 -56.982 -13.340
19000500000043 63664107520 57.329 11.3571 18.7994 16.7706 11.3478 18.7973 16.7766 58.872 -81.592 -6.617
19000500000010 63521943552 57.286 0.8786 22.8425 18.4885 0.8827 22.8419 18.4863 -5.175 6.681 -3.728
19000400000033 63515033600 57.284 6.0119 14.5147 11.6823 6.0094 14.5099 11.6806 -3.954 19.963 -3.776
19000400000041 63426383872 57.256 24.1193 22.9048 20.2071 24.1157 22.9052 20.2073 -7.758 22.286 -14.059
19000500000008 63313137664 57.222 16.9578 0.3983 19.0726 16.9460 0.3923 19.0834 -57.699 47.145 -52.194
19000400000047 62420754432 56.952 16.0208 24.5811 8.2138 16.0207 24.5793 8.2262 26.018 -16.789 -28.183
19000400000066 61887811584 56.789 14.8544 9.3839 9.6204 14.8554 9.3780 9.6210 52.744 -2.671 -15.949
19000500000012 61810835456 56.766 1.2765 4.5098 20.1997 1.2804 4.5076 20.2031 13.119 19.222 53.769
19000500000039 61178195968 56.571 17.0594 21.7288 12.7093 17.0598 21.7335 12.7066 23.906 -23.057 -4.798
19000500000026 60692922368 56.422 9.9855 18.3900 24.9704 9.9877 18.3861 24.9742 23.096 15.164 7.525
19000500000038 60690079744 56.421 13.5726 10.0762 7.5838 13.5733 10.0762 7.5795 9.566 16.876 -0.359
19000500000013 60367212544 56.321 12.6453 9.9799 13.6357 12.6466 9.9827 13.6337 -16.263 12.237 -15.453
19000500000020 60117921792 56.244 14.8272 11.3114 4.9454 14.8269 11.3107 4.9454 -14.124 7.323 26.307
19000500000016 59767832576 56.133 21.9347 7.7382 16.1245 21.9417 7.7410 16.1289 -10.799 -11.617 -30.543
19000500000033 59576147968 56.074 1.4575 1.9358 19.7056 1.4548 1.9342 19.7097 18.728 8.739 9.079
19000500000029 59138150400 55.935 12.5692 20.5236 8.8052 12.5687 20.5235 8.8081 -24.543 63.479 -17.212
19000400000030 58979995648 55.885 12.6813 6.0444 10.6258 12.6808 6.0477 10.6208 19.753 26.032 21.982
19000400000058 58969567232 55.884 10.8911 19.6226 4.9656 10.8841 19.6222 4.9637 40.872 -4.274 60.011
19000500000014 58873905152 55.852 24.6173 18.0535 3.1356 24.6089 18.0553 3.1261 48.431 26.083 -65.486
19000500000011 58807762944 55.832 21.1202 9.7772 15.4454 21.1228 9.7771 15.4555 11.402 44.105 -8.016
19000400000019 58699554816 55.798 19.3405 11.7300 18.1922 19.3392 11.7203 18.1961 -0.247 -2.542 -15.939
19000500000006 58683346944 55.793 6.9199 15.9722 9.7039 6.9255 15.9789 9.6998 -34.595 -41.702 8.036
19000500000027 58565459968 55.756 8.3891 17.9721 7.7868 8.3904 17.9692 7.7834 -36.610 -19.302 1.536
19000400000067 58313662464 55.675 12.4649 16.1184 17.2406 12.4719 16.1154 17.2528 -65.068 6.775 42.527
19000400000020 58125131776 55.615 19.0899 19.5337 14.7453 19.0741 19.5294 14.7469 20.276 57.583 -31.861
19000400000072 58012499968 55.579 20.2980 16.8156 12.5769 20.3047 16.8140 12.5795 14.307 27.682 12.252
19000300000065 57978998784 55.567 7.0127 12.7619 6.3398 7.0137 12.7495 6.3344 14.450 -12.689 33.836
19000500000052 57664737280 55.468 1.6829 20.7154 6.4038 1.6821 20.7153 6.4037 33.756 13.313 7.576
19000500000005 57350000640 55.365 6.3744 9.5209 7.6365 6.3655 9.5179 7.6420 71.567 35.618 54.672
19000500000021 57349365760 55.365 0.4345 6.6731 14.8557 0.4346 6.6740 14.8519 25.290 9.233 -12.463
19000500000049 57047425024 55.270 0.3586 14.5430 12.3873 0.3664 14.5347 12.3981 -57.209 -58.317 -36.878
19000500000058 57022488576 55.262 3.0106 19.3981 4.7206 3.0170 19.4018 4.7164 -42.744 32.150 50.177
19000500000015 56695021568 55.155 16.6870 8.2741 0.5024 16.6753 8.2696 0.4880 -21.796 99.782 -9.382
19000500000044 56536051712 55.102 17.6056 8.8125 3.7344 17.6049 8.8112 3.7353 -3.287 -23.501 -4.373
19000500000032 56360357888 55.045 23.7227 1.9380 14.9765 23.7245 1.9329 14.9812 13.826 -21.631 -12.683
19000600000010 55960465408 54.915 9.5628 15.0213 5.8127 9.5621 15.0262 5.8142 3.529 -8.783 4.505
19000400000045 55816597504 54.870 13.4252 23.7993 9.2968 13.4133 23.7937 9.2982 -17.728 21.898 -3.094
19000300000021 55692189696 54.828 16.3996 0.2447 17.3721 16.4107 0.2619 17.3732 -14.744 25.346 78.717
19000300000055 55570427904 54.787 3.5252 0.7365 14.9968 3.5369 0.7372 14.9956 -0.360 -1.965 -19.784
19000500000050 55441821696 54.746 3.0429 22.9372 11.8448 3.0417 22.9422 11.8425 -11.222 6.554 -27.801
19000500000041 54793986048 54.532 8.6648 16.4544 11.1310 8.6674 16.4468 11.1298 3.885 34.751 -92.802
19000400000027 54739378176 54.511 21.3416 22.7744 15.2687 21.3322 22.7783 15.2610 -4.800 -24.062 -7.766
19000500000065 54492225536 54.431 9.3068 3.4989 13.4348 9.3011 3.4984 13.4355 1.177 2.438 6.151
19000500000062 53936164864 54.244 23.7562 1.0890 13.6021 23.7582 1.0879 13.6078 -7.407 -22.261 -10.953
19000500000071 53853245440 54.217 2.2527 24.4773 21.9358 2.2522 24.4745 21.9362 6.628 -13.436 2.159
19000400000060 53712461824 54.169 6.2818 10.5996 8.9934 6.2816 10.6021 8.9990 0.785 -1.234 15.293
19000600000020 53324312576 54.040 1.2662 14.2519 11.9102 1.2637 14.2547 11.9130 9.532 19.091 -8.220
19000600000024 53016227840 53.934 23.8519 13.3427 9.2290 23.8544 13.3409 9.2317 -27.822 -2.438 27.208
19000600000014 52968284160 53.918 19.4158 9.5329 23.0433 19.4121 9.5328 23.0402 0.976 4.033 8.421
19000500000069 52890005504 53.891 11.3200 10.9997 15.1630 11.3213 10.9958 15.1580 65.725 53.358 6.976
19000500000035 52743979008 53.843 16.3715 5.3797 23.1607 16.3768 5.3808 23.1689 -10.446 15.067 7.194
19000500000053 52667617280 53.815 16.6856 8.9694 13.5263 16.6871 8.9694 13.5173 -71.950 -33.390 -21.483
19000500000042 52388958208 53.722 8.6054 1.6182 13.8163 8.6033 1.6203 13.8223 -68.879 42.944 -50.136
19000500000022 52310786048 53.696 23.9811 22.0375 20.5943 23.9751 22.0359 20.5994 8.769 -11.857 -22.768
19000500000025 52216610816 53.663 23.0494 10.9937 22.2566 23.0421 10.9901 22.2617 27.353 -13.766 -8.993
19000500000024 52139986944 53.638 8.9484 3.4344 3.9130 8.9465 3.4324 3.9051 8.738 -4.193 -12.058
19000500000034 52062867456 53.610 4.9759 24.5629 3.0201 4.9770 24.5496 3.0309 -14.797 -36.490 -29.059
19000600000004 51497439232 53.415 23.2729 13.3131 9.3812 23.2695 13.3133 9.3786 2.824 -12.943 29.391
19000600000001 51403755520 53.381 2.4822 22.7689 12.5194 2.4809 22.7714 12.5208 -52.323 10.175 -66.778
19000600000019 51194826752 53.312 15.9275 8.5691 0.5690 15.9237 8.5727 0.5679 4.280 -7.364 32.335
19000400000043 50997456896 53.240 2.2692 23.9420 10.9445 2.2612 23.9442 10.9481 -10.740 -13.241 13.686
19000600000056 50868453376 53.197 21.0588 22.4142 15.0854 21.0513 22.4142 15.0843 15.885 3.682 -9.276
19000600000002 50784489472 53.166 7.2857 12.6229 7.1875 7.2871 12.6223 7.1874 -0.167 19.679 3.315
19000500000017 50356420608 53.017 18.0738 18.3357 11.9547 18.0778 18.3515 11.9619 24.349 20.316 -38.980
19000600000018 50337476608 53.009 15.8380 22.2268 15.9015 15.8345 22.2293 15.9046 -14.162 -2.795 6.594
19000600000070 50242224128 52.979 23.7821 19.3053 18.6366 23.7849 19.3055 18.6378 -0.805 15.496 22.051
19000600000011 50063806464 52.916 12.7282 12.9445 16.1465 12.7275 12.9484 16.1541 39.217 28.753 -7.166
19000700000000 49875324928 52.848 21.8604 14.7258 20.9001 21.8617 14.7258 20.9026 8.034 7.919 -21.104
19000500000061 49082908672 52.565 7.0830 12.0853 22.8917 7.0864 12.0920 22.8892 9.345 16.928 0.793
19000600000045 48826179584 52.475 12.4633 17.1556 0.8636 12.4623 17.1602 0.8641 0.144 5.890 4.798
19000400000025 48544210944 52.373 24.4429 13.6268 8.6960 24.4368 13.6246 8.6915 20.159 25.380 13.917
19000200000043 48371322880 52.313 14.2147 8.2796 3.2050 14.2020 8.2838 3.2100 -14.984 -81.510 12.800
19000500000007 48128372736 52.222 1.3745 22.9504 18.3034 1.3711 22.9414 18.2975 0.668 9.003 33.271
19000400000023 47438995456 51.974 0.6621 22.9012 13.5875 0.6665 22.9180 13.5950 85.041 6.139 -141.605
19000600000052 47385931776 51.953 13.5787 17.0382 18.5975 13.5809 17.0384 18.5972 -0.831 -3.054 -4.848
19000500000072 47057321984 51.833 0.7502 22.4892 13.0085 0.7474 22.5110 13.0282 4.857 -173.800 177.908
19000600000051 46981705728 51.807 4.0900 22.5422 16.6304 4.0933 22.5448 16.6307 11.133 -4.158 -7.254
19000600000021 46950821888 51.792 3.2671 19.1953 4.5408 3.2668 19.1945 4.5459 6.732 14.622 -0.077
19000700000001 46892085248 51.773 7.0142 14.7550 12.8968 7.0206 14.7552 12.8965 -6.857 -9.752 -11.313
19000600000005 46724263936 51.709 23.3669 24.1041 18.5159 23.3644 24.1061 18.5142 -7.091 4.515 -5.901
19000600000064 46547828736 51.646 14.8236 11.1574 19.6109 14.8268 11.1608 19.6105 16.952 -0.425 6.597
19000600000067 46455439360 51.612 6.6362 18.0484 23.3124 6.6404 18.0512 23.3129 14.042 38.428 11.058
19000600000062 46355611648 51.574 22.0651 24.9384 17.4094 22.0628 24.9411 17.4071 19.661 6.545 -22.387
19000500000051 46197284864 51.517 1.3261 13.0852 9.4582 1.3302 13.0756 9.4572 -58.909 48.415 0.341
19000600000041 46170787840 51.507 9.0885 2.5887 13.7687 9.0903 2.5864 13.7671 -8.889 -8.576 1.087
19000600000054 46159499264 51.500 24.8173 14.0198 8.2621 24.8214 14.0231 8.2672 6.316 -7.138 -4.959
19000500000028 46071152640 51.468 24.0301 21.7435 23.5208 24.0289 21.7454 23.5126 -4.447 -92.012 -73.364
19000600000023 45753417728 51.348 19.3831 7.0389 12.7583 19.3826 7.0305 12.7559 15.461 7.288 -1.829
19000600000025 45665374208 51.317 9.8920 20.9045 6.7193 9.8972 20.9022 6.7181 -11.953 18.493 -27.244
19000600000059 45333655552 51.193 24.4013 18.0708 19.4164 24.4004 18.0656 19.4102 -13.335 11.537 -23.098
19000600000006 45248524288 51.161 4.1213 22.0310 5.9396 4.1340 22.0278 5.9483 -13.889 23.329 40.653
19000600000033 45103853568 51.107 8.2731 14.6489 13.2005 8.2731 14.6470 13.2034 -12.884 -0.738 22.847
19000700000004 44990648320 51.063 3.1399 0.8091 22.1695 3.1379 0.8111 22.1678 6.696 10.985 6.305
19000600000009 44960718848 51.053 11.0241 18.3014 2.5096 11.0240 18.3021 2.5085 16.248 8.330 -10.418
19000500000045 44882186240 51.022 10.4742 16.9618 3.4145 10.4763 16.9683 3.4190 15.779 12.658 -12.469
19000700000007 44703232000 50.955 10.5309 21.0788 15.9356 10.5282 21.0845 15.9339 27.773 25.348 -10.679
19000600000035 44549971968 50.896 16.9048 9.4423 16.2168 16.9106 9.4468 16.2241 33.191 32.653 -25.915
19000600000015 44011417600 50.690 24.3119 17.5185 5.3169 24.3117 17.5206 5.3080 -2.566 -9.859 0.403
19000600000040 43220717568 50.383 18.5751 6.0616 19.4357 18.5742 6.0605 19.4376 -16.789 36.765 -5.161
19000700000038 42478989312 50.094 21.9080 16.0016 12.3641 21.9059 16.0022 12.3670 9.591 -14.284 7.036
19000600000048 42400079872 50.064 7.4685 12.1059 24.9476 7.4667 12.1014 24.9561 -18.827 35.835 -7.741
19000700000006 42302107648 50.026 20.0384 0.8533 7.7007 20.0459 0.8473 7.6994 9.444 12.667 34.106
19000600000038 42025156608 49.915 4.4732 21.1794 12.8654 4.4749 21.1770 12.8702 20.456 -22.417 3.621
19000700000014 41998249984 49.905 10.5270 17.7792 20.9750 10.5277 17.7797 20.9826 -15.529 4.013 10.171
19000500000070 41201819648 49.588 9.7889 8.9795 13.9604 9.7938 8.9752 13.9533 -21.628 11.044 -29.380
19000700000058 41032863744 49.519 6.4207 15.3465 13.7122 6.4190 15.3421 13.7147 22.298 -42.006 -13.938
19000700000037 40768974848 49.413 15.8117 20.5916 14.7445 15.8143 20.5854 14.7487 6.764 8.806 3.474
19000600000058 40532250624 49.317 19.1007 0.9683 18.3660 19.0916 0.9711 18.3685 -8.027 -24.110 -13.622
19000500000023 40483598336 49.297 14.6375 2.3436 11.2123 14.6370 2.3411 11.2142 -15.124 -20.332 48.605
19000700000043 40166445056 49.169 16.1109 24.7993 4.6119 16.1106 24.8033 4.6128 -5.318 2.549 20.910
19000700000059 40037249024 49.117 15.0407 15.9405 12.8262 15.0472 15.9434 12.8262 -33.614 12.381 14.845
19000200000066 40003252224 49.104 1.0691 22.7926 13.0163 1.0675 22.7918 13.0368 -6.051 0.051 3.000
19000500000037 39993765888 49.096 7.5246 11.9908 0.4042 7.5254 11.9874 0.4031 -11.738 0.304 7.055
19000700000022 39900995584 49.061 18.0234 19.2855 14.4527 18.0262 19.2854 14.4564 -6.128 22.461 34.779
19000700000065 38836457472 48.621 9.3743 13.2292 6.6411 9.3737 13.2339 6.6405 -24.224 3.890 6.429
19000700000069 38598586368 48.522 9.0680 23.8548 8.6425 9.0684 23.8499 8.6425 1.361 -14.533 17.655
19000300000071 38448345088 48.459 17.1725 0.8476 24.3806 17.1759 0.8318 24.4071 282.189 -186.873 -148.622
19000800000024 38345314304 48.415 7.0482 5.3675 12.6264 7.0467 5.3694 12.6254 19.701 27.045 12.869
19000700000063 38210490368 48.358 4.2079 15.0321 9.3982 4.2068 15.0275 9.3986 6.687 17.549 -13.337
19000400000006 37903769600 48.227 24.2629 21.2890 0.2992 24.2431 21.2713 0.2885 12.754 -12.616 -162.483
19000400000050 37712191488 48.146 16.2407 8.6692 14.4115 16.2385 8.6777 14.4345 -52.644 -48.140 20.993
19000700000015 37396676608 48.012 3.6984 20.3873 21.6268 3.6988 20.3903 21.6317 0.324 39.223 20.783
19000400000065 37344870400 47.989 19.7926 20.1564 15.4628 19.7963 20.1619 15.4586 2.751 -37.306 -16.303
19000800000016 36917456896 47.804 15.0929 13.9666 23.1532 15.0930 13.9684 23.1530 -1.416 -1.325 -30.885
19000800000017 36847706112 47.775 24.4600 17.8072 23.2747 24.4613 17.8064 23.2694 16.950 -5.952 17.540
19000800000026 36014477312 47.414 3.6721 13.4824 23.2069 3.6765 13.4859 23.2090 3.225 -16.815 25.002
19000800000041 35962007552 47.389 18.8177 19.9643 14.5266 18.8175 19.9656 14.5257 -11.763 4.947 2.523
19000800000023 35772448768 47.306 8.1361 1.1319 11.1838 8.1362 1.1368 11.1852 -34.377 31.692 18.979
19000800000002 35219107840 47.062 15.3416 14.1545 19.7840 15.3449 14.1600 19.7846 -7.829 9.009 8.995
19000600000029 35044016128 46.982 1.6285 15.4880 8.1978 1.6277 15.4838 8.1972 24.293 -34.515 48.316
19000700000051 34734800896 46.846 0.3080 7.2481 15.2039 0.3111 7.2535 15.2000 24.955 -16.712 40.898
19000900000005 34483212288 46.732 15.4143 24.5485 9.9857 15.4144 24.5471 9.9829 -7.541 7.780 -0.942
19000600000042 33805012992 46.423 3.5270 22.9693 11.6422 3.5138 22.9748 11.6337 4.316 72.549 40.565
19000800000028 33746061312 46.397 16.0026 0.4258 20.2196 16.0001 0.4255 20.2209 31.111 -4.067 -10.520
19000800000029 33378179072 46.225 7.9909 13.5543 8.3376 7.9889 13.5587 8.3357 -13.690 3.652 -0.374
19000700000039 33042552832 46.070 21.5090 19.0505 14.8143 21.5042 19.0568 14.8115 -29.612 -20.569 -16.182
19000700000061 33010153472 46.056 12.5485 6.0883 3.1438 12.5459 6.0921 3.1485 31.019 -16.639 39.512
19000900000012 32729702400 45.926 23.7829 17.0133 6.8443 23.7832 17.0147 6.8451 -15.550 -6.937 13.283
19000900000010 32447535104 45.792 20.8466 20.7944 15.5633 20.8475 20.7977 15.5634 1.184 -2.248 -8.725
19000900000022 32439058432 45.787 13.9914 20.4588 13.6751 13.9933 20.4595 13.6754 -2.866 8.522 5.670
19000700000064 32260644864 45.705 20.9109 13.1422 10.9505 20.9125 13.1453 10.9468 25.690 8.375 -1.749
19000900000038 32005517312 45.584 2.1774 24.9917 15.1093 2.1744 24.9921 15.1094 8.111 3.192 -16.690
19000900000002 31930839040 45.548 12.6236 6.3862 6.1537 12.6256 6.3877 6.1543 -15.367 7.938 -10.005
19000900000027 31526766592 45.355 24.3488 23.1309 18.7445 24.3529 23.1299 18.7442 -3.437 0.624 26.715
19000900000051 30401409024 44.809 22.7841 23.6469 17.5486 22.7854 23.6454 17.5463 3.225 -43.817 69.935
19000600000049 30343301120 44.782 21.0204 0.4472 17.8215 21.0154 0.4579 17.8286 48.477 71.793 -23.967
19000900000057 29941338112 44.582 10.4548 16.9295 2.2920 10.4573 16.9268 2.2906 32.102 -4.516 4.082
19000900000033 29654958080 44.440 4.9588 4.7506 14.2410 4.9594 4.7501 14.2370 -10.272 -25.545 11.111
19000900000046 29520961536 44.374 1.0324 22.1701 16.2230 1.0331 22.1684 16.2266 -62.357 -60.022 45.885
19000900000069 29509627904 44.368 24.1046 1.5672 12.1243 24.1060 1.5659 12.1249 8.588 9.812 -2.038
19001000000002 28858269696 44.038 11.3741 6.0306 5.5031 11.3749 6.0313 5.5052 29.494 -31.661 14.889
19000900000072 28764182528 43.990 22.5451 15.5930 12.6600 22.5461 15.5918 12.6610 -3.104 14.819 -15.151
19000800000072 28626778112 43.921 14.4007 17.1243 18.9827 14.4005 17.1232 18.9793 -13.304 6.484 27.664
19001000000023 28137949184 43.669 2.9782 11.0465 22.1885 2.9779 11.0413 22.1866 2.918 -20.109 28.864
19000900000009 26932324352 43.036 24.0439 1.6785 11.7406 24.0507 1.6732 11.7407 -12.880 -35.741 11.136
19001000000006 25002831872 41.983 19.8663 19.0366 14.5942 19.8684 19.0367 14.5934 -26.496 -10.691 -21.898
19001000000040 24701306880 41.812 13.7706 24.9672 17.3165 13.7709 24.9714 17.3200 42.819 9.653 -5.888
19001100000006 23335780352 41.028 1.9128 11.5339 21.9213 1.9159 11.5381 21.9233 11.736 11.217 -12.616
19001100000018 22737043456 40.674 15.5258 15.9400 12.4485 15.5202 15.9368 12.4486 13.261 6.653 -9.841
19001100000054 22726391808 40.668 23.1291 13.2880 9.6459 23.1287 13.2884 9.6477 -4.523 4.037 8.969
19001100000053 21754839040 40.080 22.0088 6.9560 16.1379 22.0079 6.9548 16.1392 3.279 -0.761 0.679
19001900000023 13028599808 33.783 23.5818 21.8670 21.1377 23.5814 21.8658 21.1375 18.837 -4.714 12.885
