haloID mh rh halo_x halo_y halo_z gal_x gal_y gal_z spin_x spin_y spin_z
17000000000000 3892425523200 188.824 15.5762 24.9157 18.5899 15.5669 24.8970 18.5973 150.984 -62.309 87.498
17000000000001 3010428403712 173.323 23.7882 1.2711 15.3324 23.8097 1.2834 15.2859 -853.500 829.983 -30.290
17000000000002 2663613988864 166.398 5.5492 24.0883 9.7915 5.5598 24.1045 9.7906 45.968 -486.697 -586.031
17000000000003 2514924339200 163.240 12.1247 19.0713 17.1417 12.1040 19.0849 17.1550 -705.985 -199.413 -615.561
17000000000005 1992996683776 151.064 13.7907 20.0648 14.8599 13.8013 20.0695 14.8548 616.396 88.549 -34.237
17000000000004 1933218545664 149.534 9.2075 12.8637 2.0977 9.2125 12.8735 2.0792 72.084 111.061 -213.930
17000000000007 1847035428864 147.277 4.8037 13.4186 10.5124 4.8157 13.4332 10.4984 307.078 -188.525 37.196
17000000000006 1788207562752 145.701 10.9655 17.8911 3.3663 10.9527 17.8941 3.3484 300.704 -80.055 -151.959
17000000000008 1760910901248 144.956 14.6637 10.9145 5.3543 14.6570 10.9172 5.3719 340.762 -384.828 427.954
17000000000010 1662029398016 142.188 24.8586 21.9631 16.7466 24.9025 21.9844 16.7702 185.387 529.742 -646.258
17000000000009 1495074471936 137.258 22.2872 0.2487 18.3140 22.3304 0.1982 18.2975 -8.843 225.889 -532.521
17000000000011 1423684403200 135.037 11.3657 20.7067 10.0321 11.3501 20.6893 10.0059 208.338 -106.872 -64.025
17000000000013 1421309247488 134.963 19.8835 13.2077 10.8555 19.8997 13.2246 10.7990 277.846 1108.246 546.096
17000000000015 1326835433472 131.902 23.6011 22.2910 21.7937 23.6078 22.2848 21.7977 126.856 42.969 -15.020
17000000000021 1232254140416 128.694 22.6658 23.4173 14.8724 22.6659 23.4226 14.8670 -30.529 -207.034 109.209
17000000000014 1150685020160 125.786 4.5843 14.4652 13.0999 4.6041 14.4754 13.1002 -170.754 -226.634 -634.414
17000000000016 1141318877184 125.449 22.1084 4.7010 14.9913 22.1050 4.6932 14.9929 357.809 140.645 -221.626
17000000000018 1111786520576 124.356 7.2903 9.3764 7.9156 7.2881 9.3914 7.9117 0.661 40.634 59.961
17000000000017 1109156167680 124.255 8.1817 9.2985 3.9655 8.1895 9.2990 3.9607 497.624 -105.326 -363.633
17000000000020 1108650622976 124.237 7.0722 19.2909 20.8589 7.0696 19.2879 20.8618 -309.394 -212.420 -40.890
17000000000019 1050468286464 122.025 17.2621 4.9757 21.4137 17.2663 4.9735 21.4132 887.752 -232.261 -292.545
17000000000023 1000200339456 120.045 12.3705 6.6679 3.7567 12.3870 6.6521 3.7419 -16.823 -63.364 -73.136
17000000000028 792491065344 111.087 23.7027 23.6906 14.4728 23.7000 23.6937 14.4842 -165.298 198.663 -131.423
17000000000026 785676632064 110.767 11.1389 17.4785 5.8059 11.1347 17.4914 5.8169 -43.856 -431.023 145.045
17000000000027 780276137984 110.510 5.9886 14.5716 11.3811 5.9927 14.5551 11.3964 -68.703 83.597 -7.213
17000000000024 774324092928 110.231 17.3951 4.6349 20.8663 17.4354 4.6482 20.8783 124.768 -160.627 -71.972
17000000000031 737201618944 108.441 21.6638 19.9471 15.1258 21.6537 19.9506 15.1317 -5.831 261.432 -268.810
17000000000012 734205247488 108.289 10.0088 14.9002 5.1317 10.0191 14.9393 5.0887 -82.143 -52.298 39.890
17000000000033 729279692800 108.050 20.9429 6.1239 13.3560 20.9349 6.1199 13.3663 -126.758 -192.150 -5.843
17000000000022 711147716608 107.144 19.0573 3.2082 18.6312 19.0233 3.1392 18.6136 1458.715 -1141.531 822.643
17000000000030 653809025024 104.186 20.5014 1.3189 18.3332 20.4981 1.3425 18.3435 -206.206 189.162 -271.787
17000000000025 633279283200 103.085 6.0603 0.7665 9.4109 6.0660 0.8088 9.3957 302.094 41.810 -8.290
17000000000036 620638633984 102.392 14.9241 13.6982 0.0505 14.9198 13.7007 0.0493 535.903 -60.578 180.834
17000000000039 591864725504 100.782 20.2434 20.5858 16.7562 20.2373 20.5911 16.7546 59.015 22.214 -12.883
17000000000044 591345352704 100.754 17.3988 9.8411 23.1503 17.3953 9.8467 23.1422 85.078 54.934 135.574
17000000000034 585143877632 100.402 23.1042 15.6607 13.2172 23.1550 15.6453 13.1976 142.700 22.332 99.517
17000000000041 580599087104 100.142 13.8227 0.0445 17.2087 13.8223 0.0482 17.2112 -59.452 185.911 -241.949
17000000000040 571292450816 99.602 15.0080 11.3125 7.9462 15.0066 11.2945 7.9277 83.392 83.302 -164.398
17000000000046 566528376832 99.324 14.9664 22.8170 20.3109 14.9826 22.8005 20.3175 -225.709 -466.975 -791.210
17000000000035 555336204288 98.667 7.4561 11.7135 0.8963 7.4764 11.7027 0.8955 -22.985 109.235 247.346
17000000000037 545352122368 98.073 21.0201 12.5284 11.7446 20.9989 12.5412 11.7284 139.040 -82.561 -247.564
17000000000045 519966195712 96.529 24.1646 4.8683 14.8046 24.1412 4.8536 14.8083 -23.123 14.659 -99.253
17000000000038 516129488896 96.291 21.0388 15.8930 19.7057 21.0071 15.8719 19.6894 -299.281 290.515 -215.719
17000000000050 514904981504 96.211 5.7261 3.3641 14.5273 5.7226 3.3686 14.5237 -42.487 -112.985 -102.156
17000000000043 503944806400 95.523 20.6179 5.0648 16.9392 20.6175 5.0771 16.9537 21.504 -109.233 -87.860
17000000000042 495798681600 95.005 24.1720 23.0251 20.3864 24.1887 23.0409 20.3453 -659.631 1.042 -201.706
17000000000051 473200001024 93.541 3.2535 13.1382 10.4377 3.2330 13.1442 10.4606 54.190 -359.852 137.227
17000000000053 469709324288 93.309 13.9864 21.4350 10.0002 13.9989 21.4383 10.0069 -7.924 50.725 32.531
17000000000057 457043509248 92.466 12.5993 10.5371 7.4516 12.5985 10.5372 7.4520 12.894 46.229 74.596
17000000000048 453323259904 92.215 7.2491 23.8999 12.8789 7.2352 23.8790 12.8776 -21.294 0.198 12.644
17000000000056 453228003328 92.207 18.4991 10.4571 19.4204 18.5010 10.4606 19.4183 29.082 133.567 164.973
17000000000052 448583532544 91.889 1.4079 17.4127 3.8547 1.4049 17.4140 3.8386 8.190 27.397 82.202
17000000000029 445532012544 91.684 10.3850 3.3971 14.5076 10.3995 3.3913 14.5074 -53.211 -54.549 142.793
17000000000058 442246430720 91.455 19.7544 4.6761 17.7289 19.7513 4.6794 17.7375 -135.583 -408.337 -65.459
17000000000054 423918796800 90.173 21.4892 12.4856 11.2148 21.4907 12.4842 11.2358 -150.543 -116.251 -114.245
17000000000061 420538875904 89.933 10.4808 20.5685 5.9821 10.4835 20.5778 5.9772 -76.740 56.024 -32.770
17000000000069 392171094016 87.862 8.6369 18.0881 19.4567 8.6545 18.0711 19.4663 137.428 38.081 -111.641
17000000000062 375456301056 86.600 15.8777 23.1709 16.9583 15.8831 23.1664 16.9553 -12.309 -42.977 -154.115
17000000000063 374498099200 86.524 15.8174 23.9827 17.0767 15.8220 23.9879 17.0899 -23.758 33.971 -3.870
17000000000067 373197570048 86.426 7.7413 23.4158 8.3931 7.7345 23.4141 8.3923 -172.297 81.745 -142.032
17000000000060 373003386880 86.407 2.0455 13.0693 10.4349 2.0686 13.0609 10.4295 69.138 164.646 -154.594
17000000000055 369417945088 86.131 16.2909 1.3163 18.3532 16.3206 1.3210 18.3497 12.551 332.121 346.200
17000000000068 354513125376 84.955 5.3941 21.0495 13.8556 5.4055 21.0544 13.8469 -8.125 20.094 -63.255
17000000000065 352163528704 84.771 1.2601 15.7438 7.4049 1.2607 15.7343 7.4054 -43.903 30.559 43.833
17000000000064 351453544448 84.713 9.3762 21.9159 12.6405 9.3937 21.9066 12.6358 -23.382 32.189 0.930
17000000000076 350215634944 84.615 13.2512 7.8776 4.5317 13.2550 7.8721 4.5346 -57.715 -76.768 -38.123
17000000000075 347783659520 84.414 16.0245 1.3708 17.6880 16.0009 1.3752 17.6832 236.554 171.168 -107.403
17000000000066 341127921664 83.872 13.0663 6.9288 10.4019 13.0878 6.9476 10.4095 276.730 -172.179 -352.594
17000000000073 327376142336 82.732 16.8351 12.9597 9.1314 16.8287 12.9515 9.1263 -17.529 56.634 -17.353
17000100000002 323058106368 82.368 5.9065 10.9365 9.3054 5.8992 10.9482 9.3076 -37.690 -25.613 27.536
17000000000074 319241093120 82.042 9.6704 2.9300 13.5795 9.6408 2.9189 13.5874 41.044 67.943 75.078
17000100000001 315912945664 81.755 14.9788 0.0714 20.1873 14.9817 0.0725 20.1767 -29.172 -87.365 40.218
17000000000072 315424800768 81.714 4.9163 21.8485 11.6306 4.9047 21.8292 11.6535 -15.921 28.937 101.266
17000100000007 311908925440 81.408 10.6970 4.0959 11.6351 10.7067 4.0917 11.6256 -49.955 69.297 -6.965
17000100000003 311657398272 81.387 17.9933 20.1200 14.7033 17.9746 20.1089 14.6970 -81.262 -80.312 -212.798
17000100000010 311147036672 81.339 22.1853 10.6741 22.7560 22.1947 10.6833 22.7565 53.726 71.482 -71.868
17000100000009 311001874432 81.329 21.4054 17.8053 19.0990 21.4071 17.8021 19.1005 -9.365 -132.717 -317.727
17000100000000 310351331328 81.274 9.2875 16.5461 24.8819 9.2903 16.5513 24.8648 38.691 60.747 -8.427
17000100000014 307476267008 81.018 20.3616 18.4114 14.2106 20.3580 18.4045 14.2095 -70.065 -7.661 -112.960
17000100000015 293033902080 79.730 4.8972 20.4263 14.9995 4.9074 20.4313 15.0149 -7.463 -7.705 -8.092
17000100000019 287852527616 79.257 15.1085 16.7174 19.2016 15.1101 16.7136 19.2115 -51.104 -135.382 41.632
17000000000049 281900056576 78.709 16.0819 0.8354 18.6516 16.0924 0.8321 18.6389 31.217 32.572 56.627
17000100000013 270023655424 77.586 5.3361 12.0061 9.8060 5.3422 12.0063 9.8061 -62.488 -35.048 -78.969
17000000000047 267780112384 77.371 12.9435 14.4276 18.2826 12.9523 14.3819 18.2433 76.218 -141.597 169.785
17000100000006 262312640512 76.841 6.2262 1.9401 9.1473 6.2591 1.9323 9.1423 17.697 54.850 -73.996
17000100000018 260252139520 76.642 0.2289 22.0073 21.0110 0.2319 21.9748 20.9998 12.287 149.455 -511.698
17000100000021 258557591552 76.471 2.4092 19.8960 14.0223 2.4207 19.8881 14.0264 0.347 -19.694 -79.832
17000100000011 257945026560 76.412 15.1871 13.8360 24.0680 15.2001 13.8307 24.0978 -324.043 12.296 159.126
17000000000059 253177675776 75.941 7.8360 10.9631 2.4144 7.8175 10.9274 2.4070 182.986 -202.182 -426.507
17000100000017 251945975808 75.816 2.1626 8.5062 15.1249 2.1680 8.5122 15.1324 -210.898 29.824 87.537
17000100000020 250452443136 75.664 16.8336 21.5819 13.3046 16.8376 21.5849 13.3068 54.879 59.601 -22.454
17000000000032 250089390080 75.629 18.7428 13.2234 10.2352 18.7729 13.2163 10.2496 -83.340 170.973 247.330
17000100000008 248799477760 75.501 16.8639 8.5021 23.9765 16.8866 8.5079 23.9936 -144.413 3.736 204.077
17000100000031 240151674880 74.615 19.6860 15.6524 12.1894 19.7042 15.6666 12.1947 -124.629 190.863 181.133
17000100000004 233842409472 73.956 21.1528 5.1028 16.2361 21.1526 5.1120 16.2488 1.067 -144.512 85.742
17000100000047 232563081216 73.818 2.4340 22.1371 15.7509 2.4317 22.1345 15.7491 -63.104 -117.318 168.177
17000100000023 225957986304 73.113 12.9677 5.1589 11.8091 12.9638 5.1714 11.7957 -170.551 -103.471 3.004
17000100000053 224813793280 72.990 6.7209 22.1638 19.2350 6.7123 22.1657 19.2422 -70.115 -95.076 125.471
17000100000033 219894333440 72.452 4.6007 14.2891 9.5506 4.6142 14.2908 9.5626 -202.909 79.743 208.677
17000100000035 219837022208 72.450 11.0270 7.3729 12.0530 10.9989 7.3867 12.0712 90.020 -63.417 170.622
17000100000026 219567390720 72.418 6.1207 10.1413 5.9934 6.1192 10.1420 5.9923 -165.741 86.193 -55.199
17000100000037 215803969536 72.000 15.9717 8.0348 0.1270 15.9667 8.0564 0.1161 -135.947 26.974 181.182
17000100000036 215748788224 71.994 20.4837 18.5921 18.1691 20.4435 18.6113 18.1317 662.177 -109.321 -719.264
17000100000038 212391657472 71.621 15.6192 3.3851 5.6933 15.6166 3.3919 5.6986 -56.276 -4.354 -3.790
17000100000054 211811270656 71.555 8.2513 3.8567 13.6339 8.2455 3.8589 13.6316 150.271 56.996 5.110
17000100000041 211780321280 71.549 16.0095 14.3899 20.2350 16.0117 14.3783 20.2271 242.168 29.299 -12.998
17000100000039 210101534720 71.362 16.6269 2.5331 19.4504 16.6134 2.4801 19.4609 -61.345 -64.279 -242.788
17000100000049 208956604416 71.231 18.0240 12.4993 9.9339 18.0211 12.4946 9.9317 -31.439 -8.448 58.397
17000100000044 208697311232 71.201 6.3432 4.8190 13.7893 6.3468 4.8141 13.7866 30.796 -9.382 -41.625
17000100000040 207619358720 71.079 6.2904 21.2818 13.2019 6.2748 21.2864 13.2073 -11.003 -128.485 -161.394
17000100000043 207286747136 71.040 5.9657 14.4182 13.6886 5.9821 14.4402 13.7044 35.522 -144.275 276.246
17000100000028 206294482944 70.929 6.4070 2.9104 8.9401 6.4036 2.8950 8.9432 33.923 -18.433 -38.752
17000100000051 205886554112 70.882 3.6682 6.7684 14.8098 3.6722 6.7647 14.8060 135.507 2.369 71.364
17000100000045 205551714304 70.843 11.8727 3.5419 8.4080 11.8811 3.5536 8.3992 -80.681 -20.903 -110.607
17000100000048 196838457344 69.829 1.0404 21.5190 20.1713 1.0422 21.5219 20.1646 -31.035 -4.326 12.479
17000100000042 196338384896 69.767 11.9355 4.6915 10.3031 11.9372 4.6925 10.3017 15.684 10.953 -14.403
17000100000034 192183517184 69.274 6.8664 6.3363 8.0222 6.8835 6.3200 8.0425 -297.749 117.738 453.502
17000100000065 191505039360 69.189 18.1584 18.0350 13.7881 18.1657 18.0526 13.7849 10.521 47.907 11.569
17000100000050 190024564736 69.012 21.0493 5.3116 16.7295 21.0500 5.3044 16.7191 -68.928 -126.013 271.894
17000100000056 188983115776 68.886 16.7199 10.8263 9.9340 16.7190 10.8272 9.9331 -12.737 17.562 10.361
17000100000060 188397305856 68.813 12.0568 1.8584 16.0935 12.0427 1.8537 16.0944 32.725 -68.404 349.729
17000100000052 187690942464 68.729 8.9757 17.6951 22.8875 8.9673 17.7022 22.8861 -24.099 -254.821 -54.419
17000100000030 185145016320 68.417 12.5999 21.0753 9.6516 12.6114 21.0846 9.6557 11.113 -8.877 -30.737
17000100000025 184078548992 68.286 1.6408 8.9826 15.3847 1.6580 8.9854 15.3855 98.579 44.308 36.442
17000100000057 184028905472 68.280 6.8563 2.4084 14.4172 6.8559 2.4092 14.4257 -30.648 -76.103 14.064
17000100000066 183183458304 68.173 10.7116 18.8950 1.4171 10.7116 18.8950 1.4250 199.234 -123.336 -33.602
17000100000055 181415936000 67.954 13.5725 21.3211 24.0394 13.5713 21.3187 24.0464 42.235 11.211 -3.981
17000100000068 177885069312 67.512 8.3512 20.4606 21.7478 8.3468 20.4605 21.7374 74.622 -24.422 -37.756
17000100000027 175908356096 67.261 24.7668 16.8222 0.0645 24.7709 16.7942 0.0808 50.305 -100.825 -306.730
17000100000071 174382252032 67.066 5.8770 18.7339 19.4439 5.8782 18.7365 19.4459 -41.083 -16.385 -25.873
17000100000063 172421857280 66.810 13.5617 10.3940 7.9503 13.5599 10.3930 7.9520 20.249 -16.323 7.578
17000100000072 171266719744 66.663 15.9908 12.1987 5.9469 16.0055 12.2046 5.9659 97.171 -320.107 105.200
17000100000067 171254743040 66.662 18.1200 0.2857 5.3644 18.1318 0.2888 5.3835 123.802 -61.355 -84.459
17000100000029 170748346368 66.595 13.0093 4.8328 1.9159 13.0028 4.8409 1.9212 125.297 -21.249 -26.602
17000100000062 168571584512 66.310 5.8125 20.2023 19.6934 5.8121 20.1942 19.6990 19.879 0.218 -20.574
17000100000076 167012450304 66.104 8.9514 12.8929 14.9104 8.9663 12.8886 14.9165 -26.570 -29.998 20.994
17000100000075 166083805184 65.983 16.6918 12.5502 8.8450 16.6750 12.5457 8.8437 64.483 -129.106 20.344
17000100000022 165318787072 65.882 1.1498 16.4452 22.3546 1.1604 16.4691 22.3717 -8.849 -88.161 146.594
17000200000002 160237748224 65.201 15.6377 15.5269 19.7868 15.6304 15.5126 19.7890 -49.122 30.408 172.704
17000000000071 158833147904 65.008 22.1824 20.8945 15.2074 22.1817 20.8893 15.2128 13.710 -22.493 38.150
17000100000046 158375641088 64.944 12.7695 7.3666 4.9698 12.7569 7.3388 4.9824 -97.286 43.201 -11.592
17000100000059 157706846208 64.852 24.3569 23.3697 19.1392 24.3517 23.3634 19.1439 -115.248 6.714 -9.967
17000100000070 154437550080 64.401 11.8546 6.6132 4.9452 11.8531 6.6151 4.9508 25.506 33.090 0.780
17000100000012 154055327744 64.351 22.1417 18.7026 14.7337 22.1173 18.7442 14.7321 -406.611 -180.447 -156.676
17000100000073 153556975616 64.279 13.8693 8.8104 8.7750 13.8814 8.8209 8.7821 130.290 -34.901 -146.762
17000200000017 153053413376 64.210 16.5847 16.8433 9.8409 16.6046 16.8297 9.8530 -44.797 252.398 392.878
17000200000009 151427514368 63.983 23.0119 19.9638 19.9054 23.0165 19.9692 19.9037 -58.918 0.427 15.981
17000200000000 150461513728 63.847 7.5769 21.8616 12.9418 7.5689 21.8747 12.9406 89.286 89.415 23.050
17000200000006 149682634752 63.734 6.6222 10.2057 5.3459 6.6223 10.2060 5.3544 -110.718 21.547 1.530
17000200000004 148395802624 63.551 10.2793 15.6952 5.0010 10.2734 15.6972 4.9948 45.848 -9.637 -21.543
17000000000070 145276190720 63.104 6.3844 8.5870 8.0456 6.3451 8.6342 8.0338 -240.283 -119.701 202.213
17000200000011 144818028544 63.038 15.0371 8.1631 1.6962 15.0296 8.1570 1.7026 0.823 -0.982 -10.457
17000200000010 144742727680 63.024 18.7964 11.4927 19.4406 18.8022 11.4955 19.4396 -5.360 3.857 70.188
17000200000016 142083227648 62.638 0.5750 7.0333 13.2245 0.5714 7.0348 13.2243 -23.999 109.497 18.442
17000200000007 141343506432 62.529 4.5184 21.3828 12.2988 4.5156 21.3920 12.2959 -37.388 -10.156 41.670
17000200000025 141029621760 62.483 9.8019 19.5420 23.1133 9.7972 19.5532 23.1083 -95.325 -27.808 -36.679
17000200000022 139221368832 62.213 6.0745 0.9634 14.2000 6.0939 0.9767 14.1824 12.895 -226.832 -117.055
17000200000014 137526378496 61.962 3.8249 20.3535 13.6065 3.8274 20.3555 13.6093 1.347 59.235 -1.015
17000200000018 135156924416 61.603 22.9579 24.1943 18.0019 22.9492 24.1782 17.9924 -34.857 -11.299 72.013
17000100000005 135149584384 61.602 12.8498 11.0473 15.6303 12.8555 11.0348 15.6640 -329.164 -524.662 -102.505
17000200000003 132468621312 61.192 11.4400 17.1881 21.0303 11.4385 17.1907 21.0589 -174.972 -154.462 4.424
17000200000023 130277572608 60.853 11.4193 20.7743 13.6560 11.4203 20.7744 13.6537 6.970 10.874 8.617
17000200000032 128862183424 60.631 17.6952 23.0620 17.8109 17.7001 23.0657 17.8099 20.165 80.976 -32.511
17000100000024 128384901120 60.558 14.0824 12.9589 11.9391 14.1269 12.9603 11.9217 -153.583 111.196 -183.297
17000200000027 126692335616 60.288 19.6254 3.7167 17.9261 19.6213 3.7156 17.9300 -9.068 0.930 -15.278
17000100000032 125298786304 60.066 14.7910 13.2823 0.9323 14.8020 13.2675 0.9610 185.211 111.006 -255.940
17000200000037 125056024576 60.028 16.8537 18.9248 13.7900 16.8548 18.9254 13.7914 -8.629 -0.164 1.855
17000200000021 125029048320 60.024 17.3087 3.6614 20.4198 17.3115 3.6623 20.4243 33.322 47.353 -13.542
17000200000046 124681281536 59.967 8.4050 14.9470 13.3098 8.4085 14.9469 13.3143 -25.085 -65.688 59.797
17000200000047 124211355648 59.893 11.2926 16.3807 22.2555 11.2944 16.3821 22.2547 -19.819 12.586 -2.864
17000200000035 120683536384 59.322 7.1693 12.8525 14.3240 7.1815 12.8748 14.3210 -1.253 30.503 235.835
17000100000069 120337432576 59.263 6.0605 24.1471 12.3612 6.0689 24.1674 12.3762 -142.421 40.039 52.090
17000100000064 119931256832 59.197 10.4828 18.8526 17.0951 10.4840 18.8221 17.0682 238.900 294.633 -310.593
17000200000013 119692484608 59.157 15.1852 13.6217 11.3288 15.1822 13.6301 11.3114 145.083 120.845 -12.175
17000100000058 117970591744 58.872 3.4281 20.2074 13.8405 3.4163 20.2028 13.8342 30.810 18.920 -29.972
17000200000041 117323767808 58.766 5.3183 22.0082 11.0019 5.3074 21.9959 10.9823 32.045 187.611 -204.844
17000200000038 116553203712 58.638 11.8085 6.2753 13.0538 11.7946 6.2526 13.0474 198.823 -119.951 166.037
17000100000061 116501897216 58.625 10.0255 3.7020 12.4246 10.0382 3.7010 12.4465 0.283 -116.941 -9.389
17000200000029 115178848256 58.405 7.0142 12.1933 1.0476 7.0416 12.2081 1.0393 -163.387 329.137 21.316
17000200000053 114376171520 58.269 17.4565 24.8497 18.5257 17.4660 24.8546 18.5236 22.730 -21.719 80.344
17000200000039 113830289408 58.177 14.8051 0.0418 20.7133 14.8049 0.0418 20.7065 15.930 20.914 17.035
17000200000048 113185669120 58.067 10.3839 17.2709 1.9749 10.3881 17.2723 1.9541 -290.812 97.524 -60.923
17000200000008 112440360960 57.939 22.9020 3.9677 15.1661 22.9007 3.9679 15.1600 16.011 36.156 -60.870
17000200000072 112335945728 57.921 10.9346 10.4875 10.9017 10.9306 10.5096 10.9138 -262.239 -156.095 253.511
17000200000051 111664332800 57.805 22.4790 17.0084 12.1545 22.4786 17.0065 12.1540 -0.368 -0.336 -4.627
17000200000065 110321557504 57.572 23.7222 3.1676 15.2863 23.7239 3.1677 15.2851 -5.093 -18.285 19.867
17000200000070 109899767808 57.497 17.3659 17.2703 13.0957 17.3622 17.2670 13.0945 -6.874 -17.078 -1.412
17000200000028 109250207744 57.385 6.1964 1.3601 14.4924 6.2024 1.3666 14.4905 -11.522 85.049 166.058
17000200000049 108760817664 57.299 13.9333 7.0361 9.9967 13.9331 7.0346 9.9960 -20.802 9.992 41.929
17000200000045 108539822080 57.260 23.7645 2.0800 14.5095 23.7671 2.0801 14.5140 10.051 -37.497 -3.779
17000200000015 108069347328 57.176 12.9925 14.9480 18.3422 12.9946 14.9652 18.3353 -40.688 18.557 0.279
17000200000033 107616116736 57.097 0.2329 22.2540 17.3288 0.2300 22.2524 17.3124 18.207 126.255 -26.110
17000200000071 106119192576 56.831 21.0092 21.2311 16.6002 21.0182 21.2330 16.6011 19.954 13.327 20.646
17000200000055 106104741888 56.830 5.1514 0.0658 9.3860 5.1408 0.0499 9.3851 314.984 -232.101 -31.317
17000200000026 105590554624 56.736 2.9623 13.7107 11.9287 2.9404 13.7076 11.9169 -147.889 69.642 193.537
17000200000044 105084551168 56.645 7.7927 13.0969 4.2031 7.7653 13.0893 4.1790 138.495 -560.987 -77.003
17000100000016 104821186560 56.599 15.6207 8.3462 0.6171 15.6616 8.3490 0.6606 20.095 -64.423 39.366
17000200000050 104518434816 56.546 1.9238 18.9963 4.4575 1.9280 18.9972 4.4527 11.878 -46.133 -13.605
17000200000019 104086577152 56.467 8.0700 23.8291 12.8104 8.0688 23.8183 12.8135 -35.853 -1.134 53.527
17000200000034 102423404544 56.162 12.7473 10.8965 12.1878 12.7511 10.9011 12.1891 31.039 -19.763 2.324
17000200000064 102014763008 56.088 7.7873 21.7286 23.2746 7.7916 21.7178 23.2829 -11.728 -13.697 -29.728
17000300000022 101976072192 56.083 6.3913 1.5435 14.1482 6.3850 1.5393 14.1447 12.502 56.721 18.793
17000300000004 100949704704 55.894 9.3494 17.9684 19.1351 9.3496 17.9663 19.1308 -39.482 -8.004 -1.062
17000200000069 100928618496 55.888 8.3427 19.3121 18.8960 8.3453 19.3059 18.8961 8.599 3.989 -63.279
17000200000024 97424752640 55.235 14.4901 21.0508 15.8185 14.4960 21.0601 15.8380 -113.771 233.424 -52.989
17000200000012 97129078784 55.179 1.6917 21.8067 18.2843 1.7013 21.7991 18.2785 -45.226 26.216 -20.628
17000200000060 96237658112 55.011 9.9562 9.4849 13.6852 9.9532 9.4932 13.6797 -20.617 -25.227 33.844
17000200000005 96063750144 54.978 12.5781 5.9470 3.0223 12.5682 5.9399 3.0132 -28.102 -0.691 32.607
17000200000068 95820177408 54.929 21.7428 10.0867 16.5391 21.7575 10.0829 16.5355 -3.535 7.218 -83.825
17000200000066 95209496576 54.814 11.1372 19.2802 3.4123 11.1292 19.2829 3.4110 65.356 26.406 -80.074
17000200000054 94925758464 54.757 22.0205 22.6778 14.8543 22.0257 22.6822 14.8548 9.721 1.959 9.216
17000300000005 94484602880 54.674 2.7343 11.2545 11.9154 2.7375 11.2610 11.9077 0.325 18.142 30.589
17000300000006 94240997376 54.627 1.2763 10.9843 21.7018 1.2774 10.9887 21.6920 121.711 -177.258 -8.939
17000200000067 94035861504 54.587 2.4195 16.8586 7.4672 2.4154 16.8320 7.4673 -145.393 29.316 -510.826
17000300000002 93598359552 54.501 6.5697 23.8561 8.9459 6.5756 23.8588 8.9458 -0.400 12.026 25.094
17000300000003 93369344000 54.457 12.1939 19.4716 10.7713 12.1770 19.4781 10.7726 48.148 64.593 2.893
17000200000059 92966371328 54.378 20.9425 13.1106 10.6833 20.9458 13.1111 10.6809 -1.951 5.419 -10.448
17000300000008 92712484864 54.331 13.5651 6.9334 2.6808 13.5635 6.9339 2.6820 19.802 -12.664 -1.094
17000300000012 92172533760 54.222 24.9262 2.1763 15.0740 24.9299 2.1774 15.0758 30.596 162.101 -232.427
17000300000007 91594350592 54.111 17.3935 23.9217 7.2373 17.3995 23.9191 7.2263 91.333 62.410 42.382
17000300000014 90957955072 53.983 19.1719 12.2298 19.7558 19.1709 12.2308 19.7530 7.524 -3.944 4.182
17000200000075 90428383232 53.881 24.9495 13.3017 8.2387 24.9435 13.3096 8.2313 46.197 -19.984 18.633
17000200000073 90344226816 53.862 3.6135 20.9363 19.4060 3.6216 20.9350 19.4110 126.335 23.549 8.917
17000300000033 90163757056 53.825 17.8365 22.5473 17.3032 17.8367 22.5472 17.3048 -47.064 -54.421 62.995
17000300000009 89844113408 53.764 2.4213 23.0148 16.8052 2.4107 23.0143 16.8103 7.508 -26.686 4.137
17000300000018 89251954688 53.646 15.8315 2.2243 12.2044 15.8409 2.2131 12.2142 70.229 69.265 -19.665
17000300000055 89099501568 53.615 22.8591 22.9202 17.6622 22.8804 22.9006 17.6605 -55.271 -43.898 -104.243
17000200000074 89001943040 53.594 17.2160 1.2174 23.5228 17.2145 1.2220 23.5187 -122.150 83.530 104.738
17000200000076 87203086336 53.231 24.8904 16.8067 24.2202 24.9033 16.8083 24.2149 -49.400 -128.799 -28.706
17000300000016 86641025024 53.118 17.1977 0.9593 18.7414 17.2061 0.9559 18.7506 -108.442 20.816 -18.695
17000200000057 86228410368 53.031 5.5112 0.2538 9.5824 5.4841 0.2210 9.5671 -242.218 452.223 -673.993
17000300000034 85577277440 52.898 23.4999 17.8872 19.2758 23.4967 17.9007 19.2670 29.562 36.788 142.345
17000300000000 85457641472 52.874 4.1196 23.5509 10.7473 4.1243 23.5488 10.7550 16.501 -7.641 18.641
17000200000030 85209243648 52.823 24.6048 5.5271 14.7367 24.5898 5.5236 14.7393 -8.535 20.536 39.381
17000300000023 85178531840 52.815 6.1912 10.2035 8.6439 6.1915 10.2085 8.6402 -43.500 -22.646 -86.031
17000300000029 84907630592 52.760 18.1520 23.7391 19.9607 18.1575 23.7375 19.9562 50.987 11.037 -37.966
17000300000017 84495474688 52.676 4.7183 23.9049 17.3216 4.7090 23.9037 17.3331 -90.261 -5.494 -66.164
17000300000030 84346363904 52.642 1.2732 9.5439 7.1886 1.2767 9.5398 7.1882 3.284 -12.690 6.490
17000200000001 83283894272 52.421 19.1698 2.0345 18.7405 19.1852 2.0499 18.7532 -25.965 -2.451 46.008
17000300000045 82782371840 52.315 15.2604 15.6212 12.5430 15.2620 15.6253 12.5415 -21.823 6.433 18.229
17000300000051 82592546816 52.274 12.9843 17.0795 7.4661 12.9825 17.0799 7.4620 -8.167 5.055 17.769
17000300000036 81640275968 52.073 12.6928 6.3961 5.8233 12.6864 6.3866 5.8242 4.562 -4.725 65.679
17000200000061 81591148544 52.065 0.5807 23.5645 21.4931 0.6140 23.5920 21.5079 17.129 33.076 -99.957
17000300000039 81578672128 52.061 16.5460 8.6093 24.4528 16.5433 8.6071 24.4538 22.908 -8.788 24.897
17000300000049 81221877760 51.986 16.1016 4.5823 1.3868 16.1009 4.5810 1.3940 67.845 -10.546 -38.782
17000300000037 80664698880 51.867 24.0997 18.2109 2.0033 24.1089 18.2034 1.9876 -89.070 -95.768 16.987
17000200000063 80437944320 51.816 15.7167 9.7919 9.6162 15.7099 9.7878 9.6211 -12.768 5.410 13.781
17000300000010 80323190784 51.793 7.7149 0.9874 13.7247 7.7245 0.9844 13.7282 45.073 -66.713 18.033
17000300000026 80207568896 51.769 15.4869 3.0040 11.0018 15.4997 3.0036 11.0069 15.733 48.814 -15.836
17000300000043 79904628736 51.702 24.7873 16.6750 1.3864 24.7916 16.6724 1.3842 -22.404 -16.476 8.145
17000300000046 79595806720 51.636 3.4069 21.0134 14.2999 3.3861 21.0045 14.2954 66.867 -58.586 -131.858
17000400000012 78980431872 51.504 5.8424 14.2709 10.2708 5.8387 14.2560 10.2849 -100.579 69.262 51.317
17000300000031 78761836544 51.456 9.3010 20.2593 11.9364 9.2955 20.2554 11.9291 -88.537 49.613 -0.253
17000300000020 78536671232 51.407 23.6995 23.7518 19.3245 23.6967 23.7567 19.3254 2.948 -46.237 49.297
17000300000048 76863283200 51.037 24.3640 21.2033 16.2339 24.3573 21.2012 16.2364 13.564 -61.357 -30.900
17000300000058 76735913984 51.011 10.6241 13.9973 6.3317 10.6183 13.9926 6.3250 34.156 -40.544 70.574
17000300000042 76600082432 50.980 13.7508 9.9832 9.0092 13.7492 9.9730 9.0148 80.321 -0.190 -7.343
17000300000025 76340772864 50.921 9.7175 17.5049 22.0580 9.7187 17.5058 22.0555 -76.050 41.011 -94.627
17000300000013 75113857024 50.647 18.0481 1.8989 18.6751 18.0542 1.9157 18.6736 28.696 -19.076 -102.629
17000300000060 74930749440 50.608 1.6492 13.0821 14.1752 1.6563 13.0865 14.1728 12.338 4.169 -25.171
17000200000056 74493665280 50.510 18.4880 19.2963 11.1417 18.4889 19.3117 11.1768 136.498 -129.528 75.893
17000200000036 74208919552 50.443 15.7106 11.8325 8.4626 15.7096 11.8496 8.4686 29.516 59.471 -51.557
17000400000003 74147545088 50.429 21.2723 23.9590 15.1806 21.2717 23.9634 15.1810 8.115 -9.952 -5.555
17000400000039 73364013056 50.253 10.8688 19.4646 22.6276 10.8712 19.4574 22.6254 100.437 57.400 -64.172
17000300000021 73156296704 50.204 20.4741 19.1793 17.8082 20.4764 19.1712 17.8091 82.470 11.264 -62.617
17000300000063 71584325632 49.843 3.5281 11.5453 11.3661 3.5291 11.5530 11.3594 -8.911 -34.431 -44.365
17000300000056 71476994048 49.817 5.4858 11.2122 9.4676 5.4882 11.2163 9.4672 -60.435 -13.323 15.767
17000300000047 71396286464 49.800 4.1796 18.2326 1.5101 4.1870 18.2316 1.5095 18.971 -14.981 27.768
17000400000004 71356416000 49.788 10.7478 7.7646 4.4699 10.7462 7.7666 4.4636 0.252 -37.887 -16.521
17000300000076 71007903744 49.709 21.9663 9.1301 16.4191 21.9675 9.1317 16.4184 41.003 -52.453 131.575
17000300000069 70613934080 49.616 15.7726 15.7169 8.5098 15.7970 15.7189 8.5071 -2.715 -44.742 -287.262
17000400000010 70516531200 49.594 4.4961 21.5359 15.2704 4.5063 21.5295 15.2639 4.505 -23.020 7.371
17000300000038 70303047680 49.542 16.5448 10.8597 24.2751 16.5448 10.8594 24.2797 9.585 -23.106 56.489
17000200000020 69739479040 49.411 10.9757 19.8254 4.0936 10.9716 19.8049 4.0917 -10.810 10.267 -235.564
17000300000024 69444222976 49.340 5.4377 22.0171 7.8469 5.4460 22.0238 7.8608 -81.780 11.120 26.433
17000300000050 69253046272 49.296 2.2392 14.0659 14.1118 2.2383 14.0409 14.1023 -152.370 -5.748 -16.957
17000300000064 69238472704 49.291 11.8231 17.9318 19.5440 11.8282 17.9317 19.5471 27.372 40.325 27.517
17000400000031 69172576256 49.276 14.4170 1.6288 10.0173 14.4157 1.6268 10.0204 -31.195 6.953 3.320
17000300000062 69167095808 49.273 17.6292 5.6194 20.8298 17.6294 5.6297 20.8365 -31.800 -8.344 -8.858
17000400000016 69005041664 49.236 11.0062 1.6180 15.3999 11.0018 1.6171 15.3960 36.986 -26.885 2.668
17000400000022 68544823296 49.127 4.4873 10.6291 10.4386 4.4867 10.6237 10.4390 81.399 2.676 1.065
17000300000072 68535865344 49.123 5.2579 14.0231 10.8753 5.2564 14.0259 10.8743 15.028 21.245 -24.332
17000400000024 68489637888 49.114 6.5509 19.6108 10.5817 6.5519 19.6094 10.5808 -19.961 14.229 6.602
17000400000042 68375875584 49.086 18.0662 1.1547 19.3602 18.0673 1.1568 19.3577 -18.975 8.186 -0.675
17000400000025 68369956864 49.083 12.1561 8.3477 8.3738 12.1553 8.3384 8.3763 -35.608 -2.774 -22.933
17000400000006 67761491968 48.940 15.7077 11.9585 0.3452 15.7057 11.9533 0.3456 -105.034 39.816 31.901
17000300000075 67617165312 48.902 8.8247 22.5219 12.6863 8.8434 22.5127 12.6761 87.984 185.426 -99.642
17000400000015 66403713024 48.608 15.1507 7.4643 0.9284 15.1513 7.4610 0.9360 -13.484 15.539 34.395
17000400000005 66247729152 48.571 7.6786 17.4534 8.7285 7.6791 17.4458 8.7281 -42.477 -12.241 -24.875
17000400000013 65616035840 48.416 4.5173 11.3177 23.1932 4.5211 11.3148 23.1909 -32.198 -16.783 3.654
17000400000019 65565716480 48.403 1.8584 4.1789 20.5269 1.8605 4.1799 20.5257 -5.424 13.114 -8.102
17000400000047 65360289792 48.353 23.3497 7.4300 23.4472 23.3496 7.4278 23.4463 -23.164 -8.811 -2.272
17000400000035 65215569920 48.319 10.5947 5.1132 7.5263 10.5880 5.1118 7.5211 3.233 -21.693 -16.541
17000400000034 64874561536 48.232 5.7823 9.7342 6.7179 5.7848 9.7300 6.7209 11.046 13.209 16.508
17000400000021 64853954560 48.228 20.0764 11.8914 13.4154 20.0856 11.8966 13.4118 42.154 -62.128 33.582
17000400000036 64502001664 48.140 20.0131 20.3369 15.9931 20.0098 20.3368 15.9954 -15.728 0.488 -16.218
17000300000071 63956398080 48.006 5.8763 4.7919 13.9840 5.8773 4.8094 13.9770 -49.837 51.250 75.615
17000300000070 63851249664 47.979 11.4650 3.3247 9.1460 11.4665 3.3261 9.1499 20.154 -15.890 -5.387
17000300000035 63842078720 47.975 4.7000 21.5616 11.9939 4.6996 21.5541 11.9889 -61.296 -79.279 -4.434
17000400000011 63314669568 47.845 6.7513 5.7739 8.1307 6.7543 5.7615 8.1239 -12.498 -17.853 47.419
17000400000038 63066988544 47.780 1.3487 4.7637 20.5943 1.3475 4.7471 20.5807 29.941 16.991 35.528
17000400000032 62541819904 47.647 15.6111 14.1926 11.3364 15.6097 14.1901 11.3343 16.058 12.080 2.320
17000300000015 62226997248 47.567 11.9101 6.4053 5.6898 11.9178 6.4119 5.6814 22.336 -45.288 -18.421
17000400000018 61968949248 47.503 18.0352 19.4065 14.4946 18.0324 19.3970 14.5058 21.717 -5.995 20.540
17000400000014 61935017984 47.493 14.2055 10.6490 7.4347 14.2069 10.6547 7.4355 1.541 -20.867 -76.680
17000400000054 61854691328 47.474 12.9848 15.3308 18.4344 12.9875 15.3432 18.4242 69.544 23.222 72.994
17000400000045 61618810880 47.414 24.3359 23.5003 19.7209 24.3351 23.4988 19.7214 -18.083 35.950 -17.159
17000400000001 61262344192 47.322 13.4863 24.0159 9.0474 13.4935 24.0215 9.0373 -30.393 -40.838 -23.853
17000200000052 60678873088 47.171 17.2295 1.5312 18.7620 17.2123 1.5355 18.7642 -33.081 -64.602 -91.734
17000400000050 60416081920 47.103 21.5408 19.8189 19.2634 21.5494 19.8172 19.2615 -11.729 0.103 -45.350
17000400000044 59932364800 46.976 11.3424 17.7903 6.0603 11.3421 17.7871 6.0661 -41.525 -56.557 -17.120
17000400000062 59872325632 46.962 12.0942 14.4670 21.2774 12.0920 14.4626 21.2807 12.669 4.719 18.034
17000200000058 59795435520 46.939 14.5557 16.8145 19.1501 14.5515 16.8161 19.1266 131.712 -347.222 -11.050
17000400000040 59790397440 46.939 6.2943 14.9389 9.6308 6.2907 14.9374 9.6309 -11.038 -40.794 -59.397
17000400000046 59204390912 46.784 0.6057 12.7846 8.6524 0.6064 12.7794 8.6571 12.243 22.814 34.094
17000400000053 58977406976 46.725 11.2890 20.0592 8.2939 11.2903 20.0593 8.2967 8.573 3.470 -0.962
17000500000008 58910187520 46.706 20.9950 22.9341 14.6642 20.9893 22.9407 14.6452 -53.156 -3.556 -7.381
17000400000007 58880872448 46.698 6.0857 14.6920 12.6096 6.0914 14.6847 12.6242 52.679 -26.042 -40.900
17000500000037 58840145920 46.688 15.9633 9.5859 10.9786 15.9640 9.5879 10.9782 -2.215 4.625 -33.237
17000500000017 58785247232 46.675 15.3060 1.4278 9.7332 15.3113 1.4236 9.7329 -7.973 6.345 -47.722
17000400000009 58431950848 46.580 10.1210 1.8660 14.6620 10.1187 1.8656 14.6663 50.906 111.297 -12.411
17000400000027 57619267584 46.365 2.0117 3.4679 20.4293 2.0194 3.4546 20.4331 15.526 -10.873 -29.325
17000400000060 57369808896 46.298 2.9234 21.1747 23.5715 2.9260 21.1770 23.5714 53.358 34.970 -20.600
17000400000057 57366499328 46.296 12.9154 10.6190 14.2907 12.9154 10.6160 14.2892 -1.626 18.823 -16.484
17000400000002 57355554816 46.294 5.9252 22.4202 18.9131 5.9325 22.4193 18.9132 34.858 29.043 -50.681
17000400000074 57315336192 46.283 12.6146 9.7959 13.7748 12.6179 9.8064 13.7682 37.068 23.296 47.353
17000400000041 56873865216 46.163 13.4883 7.0197 2.4322 13.4815 7.0234 2.4367 -89.579 -30.202 -8.922
17000300000027 55578341376 45.811 23.1275 24.5617 18.5160 23.1230 24.5636 18.5263 20.664 -12.230 8.798
17000400000075 55440687104 45.771 15.1016 9.0697 9.5961 15.1070 9.0750 9.6042 57.177 -18.663 -15.525
17000400000029 55254188032 45.721 9.7435 17.3336 3.6870 9.7444 17.3305 3.6866 3.992 10.568 0.925
17000400000065 55239258112 45.716 8.8143 16.3995 11.0660 8.8123 16.4091 11.0735 18.913 58.844 -53.102
17000500000028 55124836352 45.684 19.6052 2.6985 18.2780 19.6016 2.6977 18.2785 2.091 -14.461 -8.457
17000500000026 55090434048 45.676 21.5905 11.3655 17.0173 21.5876 11.3619 17.0162 -10.601 -3.093 18.746
17000400000058 54920024064 45.628 23.7652 22.9630 20.6204 23.7706 22.9610 20.6294 -5.745 16.885 -10.070
17000500000025 54877433856 45.617 1.4532 20.8645 6.2812 1.4484 20.8738 6.2824 0.760 -12.224 -13.424
17000500000004 54339510272 45.468 17.2922 21.9404 12.1891 17.2830 21.9441 12.1785 3.762 2.120 48.993
17000500000018 53151326208 45.132 20.0743 23.9651 0.8056 20.0773 23.9621 0.8083 15.188 10.957 6.429
17000500000010 52887867392 45.057 18.4487 22.2789 15.1052 18.4594 22.2752 15.1044 -6.209 -24.840 -19.921
17000400000049 51764473856 44.736 15.1616 2.3608 0.3372 15.1626 2.3525 0.3422 12.268 2.433 -17.829
17000300000073 51283038208 44.599 3.7179 8.7485 6.4554 3.7087 8.7529 6.4638 -35.428 84.452 -76.977
17000500000019 50420391936 44.346 19.3671 11.7366 18.1430 19.3741 11.7268 18.1498 -46.147 -39.504 -0.368
17000500000068 50348945408 44.325 11.7258 7.0473 5.4271 11.7315 7.0444 5.4326 20.049 34.744 -29.613
17000500000016 50191888384 44.280 2.7424 23.0087 11.5914 2.7442 23.0108 11.5922 3.826 -9.346 -15.479
17000400000043 50190667776 44.278 10.8434 20.0698 4.8173 10.8453 20.0669 4.8155 57.676 0.891 45.249
17000500000012 49971793920 44.214 9.7774 18.6016 24.9988 9.7788 18.6126 24.9957 33.801 -24.354 -54.584
17000600000000 49732542464 44.143 16.7569 8.9941 13.5524 16.7598 8.9957 13.5510 -7.312 -12.831 -8.440
17000500000035 49611984896 44.109 1.2074 23.2797 18.8857 1.2109 23.2821 18.8865 7.616 7.627 -45.686
17000600000010 49074196480 43.948 8.9866 15.1570 5.8331 8.9852 15.1557 5.8360 -3.641 -14.015 0.031
17000300000061 48978345984 43.919 14.8593 11.1570 4.7897 14.8604 11.1522 4.7725 -116.930 -79.941 81.811
17000500000040 48239812608 43.698 6.1926 15.1617 11.8367 6.1901 15.1605 11.8345 3.442 -1.260 1.587
17000500000060 48200626176 43.687 12.9058 20.5757 8.3409 12.9053 20.5734 8.3418 -7.258 51.017 -22.265
17000400000073 48073355264 43.647 20.3850 16.9212 12.1912 20.3821 16.9257 12.1931 5.724 12.122 -23.241
17000600000003 47322767360 43.418 13.7316 9.6027 7.4705 13.7334 9.6061 7.4693 13.312 1.057 -29.127
17000400000020 46992748544 43.319 14.9338 13.2715 8.4865 14.9408 13.2583 8.5077 -18.356 -3.798 -2.540
17000500000066 46991425536 43.319 12.5886 12.8302 16.2016 12.5863 12.8284 16.1990 21.572 -7.946 -11.088
17000500000074 46906617856 43.291 23.2329 13.2580 8.9686 23.2325 13.2557 8.9745 -0.040 -2.556 32.727
17000600000014 46757203968 43.245 1.1571 14.3889 11.8462 1.1567 14.3885 11.8440 15.877 -3.832 -6.004
17000500000045 46710525952 43.230 22.1338 7.9918 16.4039 22.1294 7.9947 16.4028 -33.619 -32.052 -11.195
17000500000061 46485811200 43.163 19.8143 9.4403 23.2121 19.8095 9.4430 23.2166 -0.254 2.682 0.689
17000600000033 46323134464 43.112 23.7149 13.3522 8.7330 23.7176 13.3520 8.7328 -10.981 -5.069 22.582
17000500000007 46076407808 43.033 20.6074 23.2580 20.2499 20.6245 23.2525 20.2518 18.771 38.027 7.399
17000500000064 45909798912 42.983 2.1734 22.9113 12.0701 2.1729 22.9102 12.0711 -82.604 -5.987 -112.216
17000600000039 45540638720 42.868 15.6054 11.3540 4.5974 15.5991 11.3520 4.6057 -17.909 8.771 -3.081
17000600000016 45351526400 42.808 2.4330 24.8418 22.4047 2.4363 24.8433 22.4056 35.156 -51.066 -8.651
17000500000023 44959002624 42.685 3.9960 21.7336 12.1696 3.9925 21.7416 12.1750 -2.957 10.146 -5.022
17000500000044 44883750912 42.659 3.5906 0.8894 15.1539 3.5971 0.8914 15.1604 -23.465 51.994 25.692
17000500000034 44810813440 42.636 0.6028 6.7518 14.9602 0.6046 6.7577 14.9679 -6.447 -11.345 -0.618
17000600000026 44585361408 42.565 15.7826 22.4134 15.4406 15.7804 22.4171 15.4471 -7.789 -41.612 1.852
17000500000051 44509671424 42.540 8.4957 14.3429 13.3073 8.4878 14.3404 13.3029 12.307 -3.017 -0.825
17000600000019 44475822080 42.531 21.9910 16.0323 11.9662 21.9893 16.0287 11.9607 -16.641 -17.408 6.271
17000600000049 44396384256 42.505 23.9111 18.9665 18.8016 23.9071 18.9663 18.8017 2.267 32.654 19.198
17000400000052 43819089920 42.319 15.4150 22.5140 5.2259 15.4049 22.4992 5.2299 -57.851 35.128 -45.759
17000500000071 43726282752 42.290 23.4515 2.2333 14.9824 23.4525 2.2332 14.9839 -41.352 -64.046 3.377
17000400000037 43568459776 42.238 10.2254 16.1844 2.3560 10.2224 16.1860 2.3429 12.463 11.392 -12.779
17000500000021 43491778560 42.213 0.7465 22.1253 16.4838 0.7545 22.1216 16.4805 -74.119 -32.190 4.384
17000300000065 43467960320 42.208 12.5617 10.6731 12.0108 12.5638 10.6701 12.0098 0.762 1.590 10.088
17000700000003 43441389568 42.198 7.2449 14.5467 13.1443 7.2418 14.5460 13.1418 8.227 -9.668 -15.955
17000600000058 43287506944 42.147 22.0505 14.4154 21.1672 22.0520 14.4155 21.1677 14.641 -6.154 -30.615
17000500000032 43207680000 42.123 7.0696 11.8757 22.6094 7.0740 11.8767 22.6096 -7.047 28.930 -0.943
17000500000013 42578378752 41.916 24.1431 19.7512 18.4576 24.1455 19.7570 18.4591 -22.577 10.652 -7.727
17000600000032 42470285312 41.882 3.2767 19.2285 4.4995 3.2782 19.2271 4.5012 42.923 -12.765 9.396
17000500000000 42355200000 41.842 12.9725 7.5818 4.8036 12.9756 7.5811 4.7976 24.607 26.458 19.025
17000500000039 41909542912 41.696 23.9657 21.8168 24.0707 23.9832 21.8166 24.0656 -20.823 -53.698 -32.745
17000500000076 41865273344 41.682 1.8829 24.1127 10.4370 1.8791 24.1192 10.4366 14.717 19.112 30.538
17000700000012 41707892736 41.629 5.6371 10.2021 8.8103 5.6307 10.2069 8.8166 -0.508 -15.253 16.399
17000600000060 41599623168 41.594 13.6636 16.7916 18.7256 13.6644 16.7888 18.7238 -15.301 -3.050 -10.582
17000600000059 41178333184 41.453 9.2026 3.9692 13.4820 9.2025 3.9625 13.4833 9.478 1.787 -14.926
17000200000040 39836426240 40.995 8.2459 17.9528 7.0030 8.2494 17.9582 7.0052 61.261 -35.623 -20.359
17000700000007 39620640768 40.922 23.5725 2.1747 15.4008 23.5792 2.1819 15.3989 -74.645 35.654 -117.755
17000600000004 39578165248 40.907 5.3567 14.4392 13.4147 5.3468 14.4382 13.4107 -3.258 -9.595 2.013
17000500000063 39554277376 40.900 5.7888 9.2245 7.3569 5.7861 9.2325 7.3515 -12.134 20.728 6.166
17000300000053 39447527424 40.864 7.6898 12.7569 2.1293 7.6903 12.7729 2.1640 23.988 -70.613 32.816
17000600000022 39430221824 40.858 16.3056 5.3463 23.5568 16.3094 5.3447 23.5535 14.234 -22.051 25.227
17000700000009 37669445632 40.240 10.2888 21.3173 16.0373 10.2827 21.3189 16.0353 -27.396 8.060 27.753
17000600000056 37221158912 40.079 15.9742 9.8021 9.8703 15.9723 9.8008 9.8653 1.790 6.567 4.255
17000700000044 37207486464 40.074 10.1190 13.9780 6.3394 10.1165 13.9783 6.3428 -1.179 -50.545 -13.972
17000700000027 36857389056 39.947 4.8954 24.7541 2.8376 4.8996 24.7580 2.8425 6.276 1.113 0.390
17000700000058 36582674432 39.848 20.8969 22.3595 14.3221 20.8947 22.3575 14.3194 21.331 0.227 -1.159
17000600000053 36210057216 39.713 0.7828 22.6866 12.5936 0.7805 22.6859 12.5910 0.541 8.049 10.752
17000500000065 36168388608 39.696 11.0214 18.2797 16.5649 11.0226 18.2710 16.5560 24.726 7.301 -49.979
17000700000035 35502329856 39.452 17.8958 18.9558 14.2120 17.8969 18.9583 14.2125 -17.134 16.914 14.761
17000800000001 35037044736 39.279 15.9251 20.5283 14.6781 15.9279 20.5316 14.6742 1.891 6.117 -2.322
17000600000021 34949644288 39.247 15.0336 13.4118 11.4422 15.0257 13.4102 11.4447 20.017 -20.612 21.495
17000800000045 34082078720 38.920 6.8628 5.5638 12.5173 6.8650 5.5625 12.5226 12.375 15.333 -12.721
17000600000063 33996167168 38.886 15.8180 15.4109 8.4805 15.8148 15.4279 8.4865 -8.183 0.858 2.571
17000700000062 33483712512 38.690 12.8613 5.8617 10.4084 12.8618 5.8629 10.4095 -23.756 3.170 1.896
17000700000010 33288876032 38.616 4.0112 22.2267 5.6077 4.0013 22.2254 5.6048 14.979 1.008 1.733
17000800000027 33015394304 38.508 10.7366 20.4439 6.8008 10.7364 20.4443 6.8037 7.278 4.537 1.204
17000800000000 33001170944 38.504 15.3899 14.0325 23.0540 15.3917 14.0336 23.0531 -4.301 -17.249 -70.947
17000600000007 32966416384 38.489 11.8246 18.8634 17.8478 11.8231 18.8592 17.8529 36.588 -2.746 -51.347
17000700000015 32935217152 38.478 23.6739 4.5677 14.8810 23.6728 4.5650 14.8813 13.852 49.199 9.255
17000700000060 32871489536 38.452 18.7334 19.6613 14.6730 18.7334 19.6643 14.6735 -13.741 -6.196 -7.361
17000600000044 32358350848 38.251 20.3269 0.8134 7.4999 20.3111 0.8142 7.4943 -16.757 8.135 26.789
17000700000065 31127162880 37.761 9.2702 24.0954 8.3312 9.2724 24.0883 8.3262 18.575 -16.214 43.832
17000700000059 30928932864 37.680 12.9589 6.8138 3.3654 12.9606 6.8157 3.3677 -1.222 0.952 24.595
17000900000020 29948436480 37.277 23.6487 17.1549 6.7226 23.6451 17.1542 6.7201 -19.406 9.305 17.529
17000800000032 29168400384 36.951 11.0053 18.7273 3.1902 11.0053 18.7272 3.1911 25.862 15.863 23.492
17000800000039 28828282880 36.807 15.3479 13.8627 19.7814 15.3475 13.8604 19.7857 -24.395 -3.846 8.204
17000900000050 28753444864 36.774 19.1817 0.8061 18.5520 19.1816 0.8036 18.5510 13.714 4.881 10.135
17000900000044 27829741568 36.376 12.8980 6.0557 6.2951 12.8987 6.0578 6.2951 -14.261 -7.846 1.024
17000900000073 27793891328 36.362 11.0386 5.6040 5.3402 11.0375 5.6032 5.3417 25.246 -32.883 17.021
17000600000065 27747018752 36.340 0.5070 22.1992 12.3373 0.5148 22.2056 12.3438 1.837 -5.604 5.294
17000600000054 27505293312 36.234 8.6664 1.5326 13.7147 8.6777 1.5376 13.7083 -37.766 -1.878 -57.960
17000900000030 27199234048 36.100 10.3021 16.8109 2.0146 10.3028 16.8116 2.0121 50.381 10.676 9.719
17001000000006 27008552960 36.015 22.4803 15.2971 12.7025 22.4819 15.2980 12.7011 -12.079 -6.634 -13.139
17001000000015 25680709632 35.416 23.9918 1.6718 11.5015 23.9910 1.6714 11.5029 9.258 22.027 -5.691
17000300000044 25665265664 35.408 23.2534 2.0708 15.1909 23.2515 2.0694 15.1997 18.106 34.687 -6.176
17000700000006 25628649472 35.392 14.9085 24.8468 17.8857 14.8973 24.8378 17.8903 24.936 -46.291 -4.049
17000900000031 25565489152 35.362 8.7381 3.3750 3.5583 8.7424 3.3760 3.5545 23.595 -5.430 14.159
17000900000056 24970254336 35.086 24.3637 18.1760 3.0537 24.3638 18.1788 3.0560 1.508 22.730 -2.669
17001000000017 24696238080 34.957 23.0333 13.2219 9.2907 23.0360 13.2185 9.2880 6.935 8.820 2.509
17000800000072 24690862080 34.955 19.7593 20.0361 15.1818 19.7604 20.0367 15.1857 -7.667 -19.319 -16.323
17000500000058 23491528704 34.380 21.0367 5.7946 13.8872 21.0641 5.7771 13.8868 17.617 9.827 -108.555
17000900000008 22564276224 33.921 24.3434 22.3010 21.2054 24.3477 22.2965 21.2010 34.361 37.559 -1.170
17001000000071 21484406784 33.370 10.4979 20.6628 6.7367 10.4963 20.6578 6.7418 -6.138 -15.603 -1.741
17001100000015 19956510720 32.559 11.1916 19.6249 4.0371 11.1905 19.6244 4.0432 14.330 -0.482 -0.666
