haloID mh rh halo_x halo_y halo_z gal_x gal_y gal_z spin_x spin_y spin_z
18000000000000 6040265424896 237.290 15.6426 24.8573 18.5177 15.7034 24.9378 18.4964 882.999 -568.533 -1627.185
18000000000001 3591926972416 199.539 23.6864 1.2341 15.2858 23.7109 1.2263 15.2964 22.355 902.899 798.573
18000000000002 2651259666432 180.330 12.0773 19.1214 17.1286 12.0833 19.1264 17.1175 -468.858 -450.898 -100.087
18000000000003 2531932766208 177.580 5.6387 24.0725 9.9696 5.6504 24.0995 9.9547 110.317 -199.149 60.774
18000000000005 2355652722688 173.363 13.7779 20.1224 14.9511 13.7708 20.1152 14.9429 262.196 128.310 -218.235
18000000000006 2121088499712 167.407 4.8990 13.4798 10.5228 4.8672 13.4792 10.5333 226.175 -189.549 116.193
18000000000009 2085913100288 166.475 24.8727 22.0725 16.7860 24.8578 22.0604 16.7658 83.437 56.749 6.097
18000000000007 2043837153280 165.349 9.1722 12.8818 2.1861 9.1889 12.8799 2.1766 197.755 81.115 57.752
18000000000008 1964066471936 163.172 10.1193 15.0726 4.9257 10.1195 15.1093 4.9534 2492.920 -767.981 891.385
18000000000012 1906546180096 161.561 10.9137 17.8556 3.3687 10.8967 17.8619 3.3653 315.602 116.231 -179.800
18000000000010 1889661747200 161.078 14.6266 10.9523 5.4315 14.6115 10.9494 5.4182 258.632 -3.053 363.921
18000000000013 1684296171520 155.024 11.3749 20.6522 10.0357 11.3653 20.6521 10.0382 226.274 -269.579 -155.662
18000000000004 1558588817408 151.067 17.3248 4.8537 21.1261 17.3323 4.8312 21.1036 884.135 -303.201 -415.740
18000000000011 1509938036736 149.477 22.1895 0.1275 18.1502 22.2384 0.0782 18.1260 -644.958 -432.642 -362.672
18000000000020 1433389498368 146.904 23.6505 22.2878 21.5196 23.6547 22.2909 21.5135 179.524 36.721 19.907
18000000000014 1423568535552 146.566 19.8804 13.2312 10.9001 19.8409 13.2260 10.8697 -269.003 1702.739 185.530
18000000000015 1416307277824 146.323 4.7348 14.5225 12.9560 4.7027 14.5207 12.9695 -111.715 -646.834 -548.012
18000000000016 1375623577600 144.907 22.7213 23.3983 15.0212 22.7047 23.3959 15.0251 -47.500 -147.785 337.137
18000000000019 1307839299584 142.485 8.3010 9.4325 4.0914 8.2998 9.4318 4.0851 786.828 -99.136 -413.754
18000000000017 1278747738112 141.420 22.1531 4.5642 15.1513 22.1409 4.5627 15.1158 552.827 44.927 -364.401
18000000000022 1178078281728 137.610 7.1629 19.3024 20.7355 7.1398 19.3046 20.7358 -418.811 -70.610 18.435
18000000000018 1167687286784 137.203 18.9708 2.9251 18.4986 19.0000 2.9321 18.4795 -121.983 -79.922 -128.781
18000000000024 1131272994816 135.761 7.2657 9.4578 7.9466 7.2462 9.4506 7.9511 80.079 -130.847 88.269
18000000000025 1073976115200 133.431 12.4599 6.7455 3.9495 12.4572 6.7474 3.8983 558.825 1.837 33.310
18000000000027 938170384384 127.551 5.9045 14.4750 11.3909 5.8841 14.4985 11.3915 -340.384 -55.743 -162.287
18000000000029 870426279936 124.400 11.1013 17.4708 5.8325 11.1072 17.4845 5.8325 -5.547 -389.515 279.305
18000000000032 838686801920 122.869 23.1652 15.6921 13.2029 23.1516 15.6799 13.2079 118.021 95.480 -104.843
18000000000026 826452279296 122.268 7.6120 11.8684 1.0159 7.6089 11.8662 1.0434 -27.513 234.523 328.373
18000000000030 809820094464 121.446 21.6177 20.0859 15.1600 21.6253 20.0890 15.1657 30.846 204.891 -258.599
18000000000035 732697919488 117.458 20.9977 6.0601 13.5506 21.0019 6.0657 13.5514 -94.034 -192.080 -30.440
18000000000034 702591598592 115.832 20.4325 1.2026 18.1438 20.4250 1.2104 18.1475 -251.014 212.681 -340.560
18000000000021 687144501248 114.977 20.8986 12.6561 11.5870 20.9148 12.6637 11.5850 43.084 -93.317 -299.094
18000000000041 674870657024 114.285 14.8698 13.6822 0.0495 14.8655 13.6784 0.0455 653.312 -64.943 213.912
18000000000028 662817538048 113.604 6.0298 0.7099 9.5365 6.0294 0.7249 9.5380 -166.824 16.795 -484.558
18000000000042 662426681344 113.582 7.2158 23.8132 12.8712 7.2079 23.7984 12.8564 -62.566 69.219 99.634
18000000000037 640632619008 112.317 23.5462 23.6871 14.7485 23.5472 23.6844 14.7524 -182.922 45.463 -162.201
18000000000044 637534273536 112.140 15.0639 22.9126 20.0256 15.0238 22.9115 20.0474 -197.933 286.772 -252.787
18000000000043 637343825920 112.127 20.9823 15.9555 19.5912 20.9613 15.9355 19.5756 -389.166 277.655 -97.961
18000000000045 628013989888 111.574 24.0287 4.6713 14.8058 24.0148 4.6657 14.8093 -30.736 -35.538 -181.278
18000000000033 614446858240 110.765 14.9798 11.3089 7.9501 14.9733 11.3053 7.9318 53.863 64.849 -183.668
18000000000049 608637091840 110.416 14.0736 24.9511 17.2581 14.0790 24.9484 17.2572 17.217 185.724 -302.827
18000000000048 599139549184 109.841 17.2780 9.8162 23.1438 17.2901 9.8113 23.1429 102.913 57.063 247.585
18000000000046 597521268736 109.743 20.3029 20.6448 16.6315 20.2831 20.6549 16.6267 -49.981 -53.411 1.837
18000000000039 589964509184 109.277 24.0748 22.9303 20.1370 24.0795 22.9229 20.1175 -273.275 59.830 -64.947
18000000000051 578112716800 108.537 1.4210 17.4215 3.8780 1.4199 17.4272 3.8790 109.110 82.989 161.276
18000000000023 555822809088 107.127 20.6368 4.9012 16.8251 20.6912 4.9255 16.7967 23.560 -31.252 -197.798
18000000000031 511713181696 104.213 10.4000 3.2798 14.2993 10.4129 3.2995 14.3027 188.633 -133.121 161.730
18000000000053 488210989056 102.592 18.4865 10.5011 19.3660 18.4931 10.5107 19.3639 -4.959 181.022 194.814
18000000000056 484963287040 102.368 5.7914 3.2461 14.4121 5.7818 3.2508 14.4044 -30.140 -154.536 -153.553
18000000000058 481777451008 102.142 13.8466 21.3841 10.0981 13.8550 21.3814 10.1004 30.326 -27.662 33.901
18000000000055 471694639104 101.423 19.7579 4.4428 17.6175 19.7418 4.4588 17.6013 -8.826 -65.942 223.174
18000000000061 467324698624 101.111 12.6954 10.5538 7.4807 12.7039 10.5516 7.4850 -9.063 91.447 151.548
18000000000057 447689719808 99.672 3.4264 13.2442 10.5693 3.3934 13.2360 10.5627 112.952 -338.922 155.272
18000000000067 443820736512 99.386 1.3151 15.7145 7.5028 1.3182 15.7118 7.5009 23.276 34.424 66.798
18000000000054 435338182656 98.749 10.4875 20.4602 6.1027 10.4913 20.4593 6.1160 -13.760 67.235 -39.513
18000000000072 434329845760 98.673 12.9479 11.0838 15.6440 12.9289 11.1072 15.6205 -270.550 -127.268 247.312
18000000000068 424019165184 97.887 9.6447 2.9333 13.6433 9.6441 2.9145 13.6659 165.173 76.004 135.740
18000000000066 403024183296 96.242 15.8349 23.3023 17.0234 15.8395 23.3054 17.0360 34.354 -51.330 -165.567
18000000000064 397422493696 95.793 5.3752 21.1427 13.8114 5.3711 21.1370 13.8149 0.090 10.271 -6.908
18000000000052 395887247360 95.671 13.0996 6.9753 10.3449 13.1055 6.9396 10.3545 271.892 -140.568 -716.569
18000100000002 393696378880 95.493 15.7943 23.9374 17.3447 15.7968 23.9385 17.3512 -4.294 49.532 15.628
18000000000059 386685829120 94.924 2.2247 13.1535 10.5309 2.2223 13.1515 10.5234 185.971 228.345 -141.055
18000000000073 380758261760 94.435 13.1554 7.8576 4.5984 13.1626 7.8627 4.6027 -20.807 -90.000 -128.922
18000000000071 380616441856 94.421 7.6815 23.4102 8.5960 7.6874 23.3941 8.5897 -191.231 123.388 -253.481
18000000000069 368800202752 93.435 9.3619 21.8786 12.6584 9.3553 21.8823 12.6646 29.605 70.565 58.763
18000100000004 363375067136 92.975 18.0245 20.1602 14.7614 18.0176 20.1564 14.7530 -185.162 -122.647 -80.582
18000100000005 362078109696 92.864 16.7644 8.5093 23.9772 16.7605 8.5208 23.9748 -62.346 22.360 159.429
18000000000038 360393605120 92.724 16.8207 12.8125 9.1742 16.7904 12.7988 9.1660 67.495 -33.530 -3.934
18000000000060 359749615616 92.666 5.8619 11.0528 9.3886 5.8702 11.0520 9.3775 -113.585 5.815 -28.618
18000100000009 353155121152 92.095 9.4063 16.5970 24.9065 9.4038 16.5987 24.9034 83.279 88.138 -11.474
18000100000003 352214646784 92.012 8.7633 18.2622 19.4040 8.7565 18.2522 19.4023 71.107 -9.790 -72.291
18000100000013 345773899776 91.451 21.3885 17.8779 18.9176 21.3983 17.8756 18.9230 0.531 -155.325 -365.863
18000100000012 343836852224 91.278 21.9219 19.0111 14.8262 21.9909 18.9988 14.8028 -879.778 -1079.994 -1949.507
18000100000008 339971047424 90.936 16.0954 1.1017 17.9750 16.0885 1.1015 17.9791 326.617 133.627 -104.130
18000100000015 337890541568 90.752 20.3309 18.5315 14.2839 20.3302 18.5244 14.2839 -111.676 -77.693 -168.426
18000100000010 330200154112 90.058 22.0723 10.7126 22.6662 22.0528 10.7265 22.6624 72.392 27.219 -216.296
18000000000040 328825110528 89.928 4.9297 21.8327 11.7793 4.9046 21.7980 11.8352 -774.674 195.150 -141.573
18000100000000 327468580864 89.804 6.5252 9.0196 8.0731 6.5281 8.9623 8.0867 -51.241 2.621 -394.733
18000000000062 321586036736 89.266 15.1930 0.0345 19.8422 15.1831 0.0294 19.8510 2.550 39.047 13.308
18000000000047 320934936576 89.205 12.9859 14.4941 18.2228 12.9947 14.4654 18.1625 -58.072 217.876 -64.765
18000100000007 316751052800 88.816 16.7860 21.5072 13.4663 16.7851 21.5008 13.4545 82.837 -20.993 -72.718
18000100000014 310606495744 88.239 10.6706 4.0967 11.7058 10.6680 4.0871 11.7066 -85.181 13.015 96.421
18000100000022 309006106624 88.083 0.1268 21.9775 20.7709 0.1206 22.0020 20.7786 333.051 39.272 -85.837
18000000000063 307966935040 87.988 8.0200 11.1032 2.5564 7.9939 11.0612 2.5415 505.222 -544.708 -52.673
18000100000019 306824347648 87.876 15.0037 16.7562 19.1561 14.9971 16.7588 19.1448 -85.025 -153.759 112.486
18000100000024 299110760448 87.135 1.1437 16.6122 22.3407 1.1513 16.6102 22.3214 107.197 -10.346 29.226
18000100000016 297944612864 87.021 4.8908 20.5543 14.8823 4.8924 20.5515 14.8911 -3.541 -4.667 -21.522
18000000000065 289906163712 86.234 5.3666 12.0922 9.8182 5.3788 12.0899 9.8146 -35.243 -3.518 -9.130
18000100000021 289393508352 86.181 6.5188 2.6917 9.0810 6.5162 2.7012 9.0851 -11.550 2.005 28.185
18000100000023 284760145920 85.717 12.8530 5.2275 11.7892 12.8544 5.2220 11.7865 -72.959 -48.062 -43.833
18000100000027 284739698688 85.717 24.7734 16.8208 0.1014 24.7843 16.8305 0.0797 619.052 15.766 211.696
18000100000018 281711738880 85.413 15.1244 13.8542 24.1356 15.1299 13.8606 24.1357 -82.771 25.218 -5.100
18000100000026 279377510400 85.173 20.4591 18.7515 17.9409 20.4838 18.7366 17.9870 -62.618 -488.969 -191.781
18000100000025 274848055296 84.713 2.5095 20.0417 14.0566 2.5134 20.0393 14.0580 -18.206 17.390 -73.199
18000100000033 272437608448 84.464 19.7481 15.7227 12.2317 19.7302 15.6980 12.2370 -46.838 234.054 284.204
18000100000006 267807555584 83.985 6.2558 1.7804 9.2710 6.2866 1.7728 9.2702 -55.802 -7.780 -184.350
18000100000035 267670257664 83.971 2.3797 22.1329 15.7446 2.3846 22.1328 15.7503 -74.743 -185.859 174.746
18000100000031 264025653248 83.586 13.0145 4.9461 2.0226 12.9954 4.9454 2.0049 275.686 -18.126 -210.498
18000100000038 258022981632 82.945 11.0480 7.3555 12.0164 11.0507 7.3474 12.0196 41.325 -21.323 -14.081
18000000000050 248589893632 81.924 2.0928 8.5319 15.0919 2.0966 8.5362 15.0952 -46.328 -20.304 4.818
18000100000032 248405442560 81.902 6.3255 10.1551 6.1430 6.3341 10.1554 6.1471 -106.423 133.311 -39.483
18000100000029 246877634560 81.737 14.7323 13.2895 0.9505 14.7565 13.2684 0.9405 606.401 719.764 -222.177
18000100000011 246759718912 81.721 22.1180 20.8170 15.3930 22.0961 20.7969 15.3924 47.136 -41.468 -318.041
18000000000070 244061372416 81.423 12.7027 7.3968 4.9240 12.6851 7.3610 4.9313 91.900 -78.738 -83.214
18000100000054 239304425472 80.892 3.6228 6.7189 14.7143 3.6163 6.7205 14.7136 156.702 -60.174 83.726
18000100000034 238160855040 80.762 5.9273 14.5277 13.4659 5.9376 14.5208 13.4703 -73.854 2.833 137.644
18000100000028 236700368896 80.595 11.8963 4.7222 10.4046 11.8905 4.7202 10.4062 15.119 11.718 -15.629
18000100000051 232082800640 80.068 8.3061 3.7236 13.5801 8.3064 3.7165 13.5843 186.085 39.067 -111.752
18000100000048 230020448256 79.831 17.9958 12.6367 9.9764 17.9939 12.6377 9.9772 -15.152 -30.326 60.287
18000100000036 229920260096 79.819 4.7145 14.1628 9.8170 4.7237 14.1678 9.8202 -79.273 -34.941 90.057
18000100000037 229907824640 79.819 6.3834 4.6685 13.7735 6.3907 4.6810 13.7716 82.066 -23.225 -82.835
18000100000052 229507858432 79.774 9.0397 17.7445 22.8851 9.0423 17.7374 22.8740 21.540 -240.455 -39.126
18000100000040 229094440960 79.726 15.4944 3.4218 5.7267 15.4985 3.4267 5.7376 -34.458 43.257 -2.292
18000100000039 227516858368 79.539 15.9590 8.1728 0.1291 15.9521 8.1564 0.1386 54.239 -18.272 186.481
18000100000049 224631046144 79.204 15.9771 14.4084 20.1947 15.9760 14.4341 20.1869 -9.546 -33.376 56.304
18000100000055 223142674432 79.027 10.0427 3.6981 12.5473 10.0579 3.6948 12.5523 5.872 -433.627 240.460
18000100000043 220820652032 78.754 6.8892 2.2842 14.3065 6.8722 2.2664 14.3010 80.993 -63.432 -120.210
18000100000044 213571682304 77.879 0.9699 21.5982 19.9872 0.9787 21.5973 19.9871 -43.670 34.085 28.432
18000100000042 212714831872 77.775 16.7636 2.1598 19.3065 16.7523 2.1823 19.3231 475.939 100.742 156.280
18000100000068 212204044288 77.714 8.9890 12.9914 14.8130 8.9782 12.9906 14.8072 2.649 -41.507 8.428
18000100000020 211697729536 77.655 12.5086 20.9572 9.7596 12.5283 20.9665 9.7533 -19.857 31.507 -116.936
18000100000046 209032970240 77.324 11.8197 3.6081 8.5417 11.8199 3.5930 8.5489 20.219 48.012 44.977
18000100000047 207459237888 77.131 6.2194 21.3860 13.2505 6.2152 21.3746 13.2549 32.968 -5.138 -170.606
18000100000059 203445354496 76.632 12.1297 1.7200 15.9667 12.1257 1.7181 15.9683 35.705 -79.166 401.475
18000100000066 201417981952 76.374 18.2054 18.2033 13.7927 18.2040 18.1969 13.7772 155.586 34.023 67.233
18000000000036 199247593472 76.101 18.8943 13.0597 10.4789 18.9007 13.1030 10.4639 -136.698 57.705 197.606
18000100000063 197590712320 75.889 16.6008 10.9611 9.9231 16.6056 10.9572 9.9219 32.892 28.530 50.215
18000100000064 195677667328 75.644 6.6863 22.0358 19.1168 6.6879 22.0272 19.1182 -39.774 -63.093 105.036
18000100000062 193503117312 75.359 13.6305 10.4205 7.8695 13.6190 10.4207 7.8679 7.584 -19.655 56.466
18000100000053 193490354176 75.358 6.9126 6.3633 8.1615 6.9263 6.3612 8.1715 -41.887 -33.524 170.149
18000100000072 191075942400 75.047 10.7986 18.7421 1.5169 10.8014 18.7469 1.5228 254.374 -103.317 -56.016
18000100000069 188989308928 74.772 8.3496 20.3220 21.6394 8.3418 20.3282 21.6355 39.847 3.539 -44.553
18000100000058 188789489664 74.743 13.8442 8.9387 8.7627 13.8502 8.9307 8.7652 163.175 18.905 -93.064
18000000000074 186870513664 74.490 3.4418 20.2958 13.7549 3.4532 20.3001 13.7627 2.884 48.506 -6.616
18000100000056 185009029120 74.239 6.1667 24.0428 12.4523 6.1921 24.0529 12.4713 -72.866 245.805 -7.629
18000100000061 184498782208 74.172 18.0069 0.2738 5.3934 18.0128 0.2714 5.4143 -51.759 -69.729 -6.174
18000200000002 182404857856 73.890 6.0169 18.9095 19.4174 6.0196 18.9123 19.4252 -30.748 -41.086 -10.764
18000100000057 181758803968 73.805 13.5554 21.3152 23.9312 13.5496 21.3080 23.9468 -37.554 66.514 -15.338
18000100000073 178488180736 73.358 19.2155 2.1298 18.6426 19.2083 2.1049 18.6294 -263.115 358.309 -537.371
18000200000009 175751512064 72.981 23.0364 20.0789 19.7341 23.0374 20.0745 19.7371 -55.701 26.031 28.766
18000100000074 173088948224 72.614 5.8905 20.1575 19.6398 5.8931 20.1541 19.6468 21.181 -13.791 -27.745
18000100000041 165638406144 71.555 24.2024 23.2566 18.9887 24.2011 23.2524 18.9973 -203.429 16.414 10.679
18000200000012 164382851072 71.376 15.5598 15.5633 19.7347 15.5651 15.5725 19.7343 -105.737 38.596 149.440
18000100000065 164253925376 71.356 7.5197 21.9010 12.9072 7.4901 21.9123 12.9148 110.458 76.474 126.968
18000100000060 164073979904 71.328 12.0115 6.7582 5.0055 12.0171 6.7596 5.0013 -16.901 11.977 -1.911
18000200000010 163767730176 71.282 15.8035 12.0933 6.0696 15.8059 12.0880 6.0716 19.123 -38.304 39.149
18000100000045 157077176320 70.300 15.1142 8.1213 1.7827 15.0984 8.1208 1.7932 -17.237 -18.322 -39.047
18000200000007 154779222016 69.956 16.5644 16.7990 9.9245 16.5665 16.7826 9.9293 12.991 47.476 250.246
18000100000030 154430062592 69.904 14.1639 13.0157 11.8788 14.2093 13.0139 11.8736 -76.718 -71.400 -243.407
18000200000003 153523879936 69.766 11.3424 17.3104 20.9898 11.3634 17.2989 20.9857 -117.938 -170.496 23.700
18000200000014 152910921728 69.671 6.8004 10.2463 5.5362 6.8011 10.2488 5.5370 -157.188 -24.504 28.266
18000200000016 152883216384 69.670 7.9070 23.7502 12.8666 7.9059 23.7512 12.8709 -48.710 -0.952 58.529
18000200000004 147888799744 68.902 0.5194 7.0176 13.3501 0.5346 7.0293 13.3477 36.316 80.445 -101.703
18000200000011 147796393984 68.886 1.5848 21.8411 18.1710 1.5960 21.8566 18.1775 -73.481 -9.028 162.525
18000100000017 146052366336 68.615 15.5651 8.2860 0.6467 15.6195 8.2961 0.6904 120.651 187.855 -152.384
18000200000019 144372514816 68.349 7.1947 13.0085 14.1891 7.1887 13.0198 14.2030 47.847 -47.425 59.300
18000100000070 143664201728 68.239 15.1610 13.6021 11.3290 15.1527 13.5902 11.3325 87.306 146.386 30.116
18000200000022 142778564608 68.100 9.8404 19.4832 23.0461 9.8409 19.4754 23.0411 19.681 -25.416 52.771
18000200000020 141299269632 67.861 11.4932 20.7032 13.6683 11.4967 20.7073 13.6649 19.489 33.213 -9.575
18000200000006 140975718400 67.811 22.7917 3.9378 15.1866 22.7871 3.9327 15.1810 -20.881 94.029 -55.993
18000200000000 140506824704 67.737 9.9335 9.5161 13.5767 9.9116 9.5242 13.5615 -36.600 84.573 111.945
18000200000036 138787094528 67.458 11.3182 16.5042 22.1911 11.3143 16.5029 22.1898 -37.268 44.875 9.478
18000200000030 134179766272 66.705 16.8974 19.0145 13.8824 16.8967 19.0126 13.8816 -16.568 -11.208 2.047
18000200000017 133785722880 66.636 18.7689 11.4541 19.3850 18.7727 11.4553 19.3865 21.721 4.760 18.316
18000200000037 133196316672 66.539 3.0722 13.7444 11.8310 3.0721 13.7484 11.8310 -6.944 -0.742 20.620
18000200000025 130800893952 66.137 7.9230 13.0800 4.2246 7.9283 13.0768 4.2168 -8.338 -212.180 -78.264
18000200000001 130456903680 66.082 23.7043 1.8894 14.9099 23.7024 1.8859 14.9152 16.308 28.019 27.259
18000200000029 129505427456 65.918 17.5910 23.1411 17.7346 17.6001 23.1434 17.7377 31.858 103.461 -42.730
18000200000044 129067106304 65.845 12.7860 10.8859 12.1796 12.7906 10.8916 12.1833 -16.409 11.219 16.015
18000200000031 128131145728 65.685 10.4427 17.2822 2.1178 10.4382 17.2777 2.1053 -107.991 29.608 -17.631
18000200000042 127616606208 65.597 10.9565 10.5456 10.8961 10.9580 10.5459 10.9004 0.552 -5.829 -7.094
18000200000028 127512092672 65.579 19.4079 3.5757 17.8863 19.4028 3.5768 17.8920 -3.818 -10.867 -2.113
18000200000043 127208022016 65.527 8.3455 14.9713 13.2826 8.3306 14.9639 13.2699 9.449 0.188 -2.837
18000200000038 127170600960 65.522 17.4774 3.5959 20.3724 17.4787 3.5946 20.3650 -8.943 96.790 -24.143
18000200000032 126973353984 65.488 13.7130 7.1066 10.0168 13.7301 7.1125 10.0182 -10.039 17.810 -131.603
18000200000039 126950957056 65.484 23.5773 3.0035 15.3057 23.5781 3.0088 15.3069 3.065 -15.751 14.167
18000200000051 122375692288 64.686 2.3765 16.7391 7.5946 2.4105 16.7454 7.5684 -246.102 565.505 -182.267
18000200000026 121404702720 64.514 22.9296 24.2875 17.9858 22.9243 24.2837 17.9838 -21.268 -13.580 63.287
18000200000053 119770406912 64.225 8.3788 19.2670 18.8771 8.3762 19.2722 18.8842 -9.462 21.600 -18.562
18000100000001 117852471296 63.879 6.2638 1.3200 14.2799 6.2830 1.3178 14.2745 37.824 -34.174 94.456
18000200000047 117201223680 63.761 11.7775 6.1932 12.9594 11.7860 6.1982 12.9532 28.278 30.120 124.987
18000200000033 116617822208 63.656 18.4037 19.2458 11.3538 18.4032 19.2406 11.3604 145.111 46.251 52.500
18000200000021 115371286528 63.429 22.2085 22.8743 14.9501 22.2108 22.8763 14.9514 18.179 15.698 32.021
18000200000059 115307577344 63.416 1.2799 11.0289 21.6092 1.2855 11.0388 21.6279 -41.044 49.565 -9.367
18000100000050 115137323008 63.388 5.4831 24.8613 9.6877 5.5171 24.8981 9.7024 162.797 -111.558 0.383
18000200000055 114848563200 63.332 1.9760 18.9224 4.4760 1.9758 18.9196 4.4748 -11.291 24.671 -8.185
18000200000065 114374254592 63.243 17.4143 17.3820 13.1126 17.4107 17.3775 13.1112 -17.124 -11.571 11.152
18000300000003 113991688192 63.175 12.0654 19.6354 10.7776 12.0788 19.6289 10.7886 108.259 134.686 -35.355
18000200000057 112979124224 62.986 17.2824 24.9579 18.4676 17.2808 24.9525 18.4693 1.528 4.678 27.746
18000200000061 111693979648 62.745 3.5669 23.2499 16.4781 3.5471 23.2365 16.4713 28.401 29.871 -116.975
18000200000013 111344648192 62.682 22.4013 16.8981 12.3162 22.4034 16.9003 12.3141 18.147 -25.270 1.114
18000200000072 111046549504 62.625 20.9836 21.2152 16.5004 20.9828 21.2188 16.4960 55.716 19.863 6.224
18000200000060 110219476992 62.471 4.6011 23.7475 17.1774 4.6066 23.7454 17.1696 -35.610 -61.026 17.042
18000200000062 110000078848 62.430 9.3666 18.1455 19.0817 9.3699 18.1433 19.0899 7.363 16.302 0.937
18000100000067 109396402176 62.314 10.7162 18.8971 17.1185 10.6925 18.8651 17.1011 -70.948 248.913 -215.442
18000200000063 107485151232 61.947 0.5494 23.4222 21.2751 0.5217 23.4085 21.2721 -33.000 44.966 -86.070
18000200000056 106938851328 61.843 18.0548 23.8236 19.6441 18.0507 23.8280 19.6378 49.069 -10.415 -110.411
18000200000067 106900758528 61.836 11.9485 6.5770 5.5884 11.9576 6.5826 5.5767 -1.949 -88.118 -42.527
18000200000048 105600032768 61.587 19.0717 12.2201 19.6527 19.0658 12.2202 19.6403 5.811 32.573 8.972
18000200000052 104473878528 61.365 5.3230 22.1203 11.2051 5.3098 22.1134 11.1935 94.274 94.736 -134.140
18000200000046 104371691520 61.346 20.7475 13.1319 10.9308 20.7514 13.1333 10.9314 -14.238 25.296 -20.833
18000200000050 103515889664 61.177 7.7423 1.7551 14.0485 7.7471 1.7535 14.0500 49.334 -75.727 43.212
18000200000070 103244349440 61.123 2.8180 11.3672 11.8610 2.8104 11.3702 11.8558 2.304 6.113 24.340
18000200000045 103113187328 61.096 24.4782 5.2912 14.8793 24.4772 5.2868 14.8766 3.307 -0.127 6.471
18000300000000 102707617792 61.019 2.3326 22.9115 16.7319 2.3261 22.9113 16.7329 5.794 -17.683 13.405
18000200000034 101658025984 60.809 14.5082 20.9960 15.7998 14.5125 21.0055 15.7862 61.834 242.520 146.521
18000300000006 100147265536 60.504 23.4510 18.0307 19.1986 23.4518 18.0246 19.2116 43.266 -18.298 14.870
18000200000008 99352444928 60.344 13.5747 6.9370 2.7931 13.5726 6.9508 2.7825 76.742 29.349 38.321
18000200000069 99023724544 60.279 6.4678 23.8453 9.1751 6.4660 23.8421 9.1703 -22.455 -1.312 18.236
18000200000054 98083053568 60.088 0.0061 13.3944 8.4365 0.0140 13.3975 8.4338 7.143 15.932 19.688
18000300000011 98058797056 60.083 16.9751 0.9808 18.6854 16.9736 0.9804 18.6839 -78.253 -17.939 -16.225
18000300000002 97975828480 60.064 24.6478 1.9341 15.0909 24.6506 1.9298 15.0897 47.314 142.962 -281.228
18000300000007 97936154624 60.057 3.5565 20.9746 19.3071 3.5630 20.9673 19.3117 76.559 32.343 54.241
18000200000015 97626742784 59.994 12.9493 14.9536 18.2839 12.9532 14.9668 18.2720 31.135 -38.055 -18.544
18000300000008 97591492608 59.988 17.1301 1.2577 23.3361 17.1254 1.2372 23.3411 -160.773 61.747 160.488
18000200000074 96903921664 59.845 17.2779 23.9211 7.2790 17.2826 23.9252 7.2658 26.141 -73.900 -30.768
18000200000068 96794861568 59.824 11.1062 18.9775 3.4977 11.1113 18.9765 3.5020 71.793 -5.615 -21.916
18000200000027 95893889024 59.639 15.7619 15.6399 8.6014 15.7503 15.5936 8.6094 -53.589 -132.070 -748.794
18000200000066 94842470400 59.419 24.8676 16.8588 24.1770 24.8729 16.8506 24.1886 -65.189 -184.726 -42.926
18000200000035 94329184256 59.312 12.6891 6.0833 3.2328 12.6840 6.0705 3.2237 -25.753 15.731 7.946
18000300000017 93952876544 59.232 17.7741 22.6438 17.3063 17.7733 22.6402 17.2995 -82.175 -42.969 92.262
18000300000015 93430431744 59.123 16.4664 8.5446 24.3630 16.4684 8.5444 24.3638 77.379 2.259 54.874
18000300000030 91819507712 58.779 13.7914 9.9958 8.8907 13.7877 9.9836 8.8945 43.556 -1.454 22.244
18000300000024 91518345216 58.717 11.0464 1.6273 15.3405 11.0408 1.6271 15.3379 30.048 -22.593 -0.571
18000300000012 91439513600 58.700 6.3877 10.3193 8.7303 6.3800 10.3109 8.7312 -19.387 14.853 -93.328
18000300000045 89912082432 58.368 12.8741 17.0827 7.4835 12.8706 17.0779 7.4816 -24.092 14.994 28.645
18000300000009 89769639936 58.341 7.8426 21.5891 23.1080 7.8339 21.5832 23.1159 2.535 -47.629 0.294
18000300000026 89273827328 58.230 6.5558 19.6424 10.6967 6.5683 19.6244 10.6965 80.908 79.663 129.505
18000300000001 89137283072 58.201 1.3338 9.6393 7.3343 1.3357 9.6357 7.3398 31.581 -1.366 -20.780
18000300000032 89069535232 58.187 9.3747 20.3508 11.9506 9.3695 20.3469 11.9505 -74.349 44.425 -18.446
18000200000024 87506657280 57.844 11.0092 19.5660 4.0865 11.0095 19.5542 4.0937 -49.634 -89.543 -117.284
18000200000018 86729736192 57.675 15.6536 9.8842 9.6454 15.6486 9.8833 9.6518 -39.840 -7.243 13.711
18000300000022 86274310144 57.572 5.7487 14.1516 10.4830 5.7441 14.1464 10.4874 -55.364 -26.743 -8.930
18000300000016 85823406080 57.472 4.3067 23.5310 10.8561 4.3158 23.5295 10.8544 14.098 16.632 8.060
18000300000036 85817573376 57.471 15.7776 2.1744 12.2795 15.7796 2.1734 12.2834 8.440 -44.628 -23.785
18000200000064 85628698624 57.428 21.6770 10.0287 16.4556 21.6916 10.0212 16.4581 31.422 -14.754 -56.589
18000300000044 85307613184 57.356 15.3700 2.9524 11.1094 15.3741 2.9547 11.1093 2.910 40.925 -6.118
18000300000035 84284170240 57.127 12.5633 6.5427 5.7791 12.5615 6.5441 5.7788 8.899 -6.788 45.602
18000300000027 83910262784 57.042 5.5451 22.0594 8.0800 5.5562 22.0684 8.0802 -59.794 10.422 12.483
18000300000059 83815030784 57.020 21.4627 23.8356 15.2615 21.4589 23.8368 15.2617 13.204 -20.529 -29.917
18000200000073 83409936384 56.928 23.6553 23.6232 19.0579 23.6556 23.6216 19.0572 -11.742 -43.362 29.256
18000300000033 82073534464 56.620 4.4668 21.5331 15.1654 4.4671 21.5363 15.1573 18.146 -12.834 4.116
18000300000046 82037735424 56.615 15.9818 4.6033 1.3206 15.9843 4.5990 1.3256 25.769 33.920 16.634
18000300000018 81452703744 56.477 9.8128 17.5907 21.9999 9.8097 17.5904 22.0020 -97.370 71.175 -118.554
18000300000065 81443004416 56.476 7.6914 18.5461 3.9051 7.6905 18.5382 3.9010 -3.901 -16.666 -49.336
18000300000056 81439694848 56.476 15.2523 15.6892 12.5119 15.2569 15.6939 12.5095 -41.239 16.482 -32.730
18000300000004 81311899648 56.447 7.6765 0.9973 13.6617 7.6804 0.9953 13.6615 50.172 -77.217 2.266
18000300000028 80936853504 56.360 20.4585 19.2504 17.6885 20.4604 19.2443 17.6878 53.535 41.983 -33.060
18000300000064 80577699840 56.276 10.5178 14.0520 6.2760 10.5208 14.0518 6.2699 65.030 -2.820 31.137
18000300000048 80242827264 56.199 24.1936 18.1953 2.0045 24.1867 18.2000 2.0024 -54.321 -33.302 -9.685
18000300000021 79939919872 56.128 16.4697 10.8063 24.2258 16.4637 10.8020 24.2361 -49.938 76.971 41.793
18000300000054 79694544896 56.070 19.7916 12.6772 21.9881 19.7934 12.6844 21.9849 50.723 33.871 49.981
18000300000037 79350095872 55.990 24.8232 16.7158 1.3211 24.8255 16.7158 1.3215 -43.911 11.973 16.511
18000200000049 79264571392 55.969 4.2266 18.2460 1.5366 4.2126 18.2276 1.5457 22.447 -14.321 -40.143
18000300000020 78950621184 55.896 3.4508 21.0046 14.2873 3.4607 21.0093 14.2884 60.635 -110.149 -77.620
18000300000069 78851989504 55.871 15.0109 13.1297 8.5075 15.0229 13.1218 8.5140 23.091 104.359 54.550
18000300000049 78844575744 55.870 1.6832 13.1422 14.0369 1.6903 13.1464 14.0398 10.120 -1.663 -18.386
18000300000062 78586748928 55.810 22.9129 23.0143 17.5317 22.9284 23.0016 17.5293 54.192 78.103 20.737
18000300000058 78255644672 55.729 17.4849 5.3323 20.7802 17.4869 5.3286 20.7789 -85.368 -18.505 -10.232
18000300000043 78232649728 55.726 11.4827 3.4287 9.2072 11.4816 3.4337 9.2142 61.992 -15.187 -41.522
18000300000038 78185373696 55.715 7.9385 12.7152 2.2393 7.9466 12.7257 2.2708 101.683 168.015 -74.851
18000300000051 77588430848 55.570 8.8106 22.3626 12.7136 8.8059 22.3639 12.7137 36.765 -43.801 22.458
18000400000019 77502193664 55.552 12.2126 8.3601 8.3848 12.2170 8.3669 8.3854 -39.478 31.806 -25.002
18000300000014 77353361408 55.514 17.9692 1.8408 18.6169 17.9833 1.8468 18.6142 -2.176 9.541 -122.027
18000300000023 76487114752 55.308 2.2959 14.0721 13.9054 2.2954 14.0468 13.9149 -164.365 -2.284 7.214
18000300000025 76135047168 55.221 15.6086 11.9568 0.3421 15.6059 11.9488 0.3287 -173.145 93.078 19.428
18000400000011 75676778496 55.111 20.0667 20.4161 15.9801 20.0644 20.4202 15.9782 -9.720 -16.674 -23.468
18000400000000 75512930304 55.072 11.7621 18.0258 19.4238 11.7701 18.0262 19.4235 22.567 54.060 49.777
18000300000067 75299282944 55.020 24.3319 21.4586 16.3231 24.3316 21.4590 16.3263 -6.307 -26.866 -14.928
18000300000072 74580942848 54.844 10.8514 7.7969 4.6148 10.8582 7.7958 4.6115 -4.376 -21.613 3.163
18000300000031 74010492928 54.703 4.6091 11.4093 23.1803 4.6063 11.4237 23.1783 -47.276 -38.453 15.217
18000300000061 73454837760 54.566 3.5635 11.6946 11.2869 3.5627 11.6987 11.2812 13.344 21.537 14.013
18000400000008 73261834240 54.519 1.7720 4.0441 20.3737 1.7725 4.0368 20.3724 -16.627 23.960 -27.015
18000400000004 73254445056 54.515 17.9094 1.1587 19.0399 17.9086 1.1529 19.0398 -13.428 -7.087 -30.421
18000200000058 73058123776 54.470 14.3852 1.6382 10.1295 14.3780 1.6372 10.1279 3.834 29.313 4.364
18000400000051 72289861632 54.277 19.4353 12.7115 18.1405 19.4272 12.7032 18.1281 46.597 9.407 -48.474
18000300000066 72242978816 54.265 7.6346 4.4120 10.2802 7.6396 4.4106 10.2761 41.743 8.811 84.050
18000300000013 72024858624 54.208 12.9697 10.6661 14.1955 12.9694 10.6713 14.1886 69.055 31.611 3.422
18000300000041 71876165632 54.172 18.4901 22.1724 15.2167 18.5135 22.1633 15.2253 -16.140 -127.879 -68.401
18000200000040 71444365312 54.065 15.5794 11.7735 8.4517 15.5757 11.7899 8.4541 -2.618 61.307 -23.458
18000400000021 71262134272 54.017 4.6175 10.8188 10.4596 4.6182 10.8199 10.4588 39.718 -3.528 -6.421
18000400000012 70279487488 53.770 6.0128 9.8485 6.8729 6.0119 9.8474 6.8696 1.691 -6.368 14.633
18000200000023 70231842816 53.758 8.3561 17.9300 7.0675 8.3626 17.9257 7.0747 67.327 -131.898 -24.886
18000300000029 69780881408 53.641 12.1983 14.6424 21.2768 12.1891 14.6439 21.2837 -5.787 -36.850 -16.588
18000300000060 69510627328 53.572 20.1352 11.9354 13.2723 20.1500 11.9405 13.2742 -0.330 -11.432 11.140
18000300000070 69420998656 53.548 21.8852 9.0750 16.3106 21.8775 9.0783 16.3149 32.622 -62.567 90.422
18000400000014 69325012992 53.522 15.1863 2.3713 0.2458 15.1886 2.3663 0.2486 14.460 12.948 14.310
18000400000007 68670939136 53.357 5.9698 22.2997 18.7815 5.9702 22.3038 18.7801 37.842 -9.985 13.334
18000400000009 68637200384 53.348 10.0024 17.2796 3.7354 10.0085 17.2751 3.7228 -17.244 36.895 -26.143
18000300000052 68204769280 53.236 18.0826 19.5200 14.6001 18.0843 19.5229 14.6018 49.202 -65.594 -39.919
18000400000030 67478654976 53.043 0.6475 12.9615 8.8439 0.6496 12.9589 8.8477 -13.495 1.455 24.311
18000400000002 67340169216 53.008 5.9851 4.6940 13.8930 5.9928 4.6875 13.8948 -31.146 32.101 71.359
18000400000016 67267452928 52.990 10.6325 5.1594 7.6042 10.6322 5.1585 7.5998 13.208 -18.315 -9.864
18000400000036 67220877312 52.978 15.6005 14.0936 11.3416 15.6014 14.0927 11.3398 11.362 0.921 5.923
18000300000050 66927403008 52.899 5.9426 14.7019 12.4589 5.9598 14.6985 12.4701 23.870 44.857 -31.854
18000300000063 66647379968 52.827 14.2218 10.7864 7.4231 14.2181 10.7919 7.4249 1.814 -30.664 -54.784
18000400000013 66620489728 52.818 1.9337 3.3605 20.2634 1.9305 3.3633 20.2662 1.987 14.802 -15.997
18000400000003 66330288128 52.741 24.1191 19.9146 18.3721 24.1133 19.9260 18.3726 -33.853 -22.658 128.868
18000400000037 65698787328 52.575 11.3130 20.0216 8.4458 11.3158 20.0138 8.4494 10.762 4.475 -15.160
18000400000023 65612365824 52.551 7.7222 17.4593 8.8031 7.7198 17.4541 8.8017 -20.538 -37.752 -13.523
18000400000033 65541013504 52.532 23.2589 7.4537 23.3345 23.2580 7.4548 23.3346 -3.526 9.682 8.726
18000400000006 65055092736 52.402 15.1990 7.5999 0.9897 15.2045 7.5948 1.0011 -53.958 -8.255 44.387
18000400000063 65028710400 52.394 21.6071 19.8901 19.0684 21.6115 19.8897 19.0669 -21.950 -16.140 10.387
18000400000010 64832294912 52.342 12.9627 15.2968 18.3628 12.9628 15.2957 18.3580 9.869 -20.134 20.657
18000400000050 64784785408 52.328 15.1893 1.4119 9.8523 15.1959 1.4085 9.8512 10.177 47.381 -6.075
18000300000073 64296857600 52.196 10.3219 16.2272 2.4728 10.3170 16.2340 2.4646 75.770 77.943 39.000
18000400000061 64103575552 52.145 19.9984 23.9238 0.7359 19.9962 23.9249 0.7368 5.281 -14.497 -2.608
18000400000039 64019513344 52.121 24.1891 23.4094 19.5826 24.1905 23.4103 19.5827 -15.915 23.129 -15.255
18000400000038 63718658048 52.041 1.3207 4.6498 20.4219 1.3227 4.6472 20.4162 7.383 -24.275 14.935
18000400000042 63278907392 51.919 2.8956 21.1264 23.4035 2.8963 21.1293 23.4064 34.809 53.869 -18.314
18000400000018 63141318656 51.881 10.1420 1.9289 14.5651 10.1416 1.9242 14.5653 52.520 71.749 -33.932
18000400000049 62974152704 51.837 15.3087 22.4750 5.2768 15.3065 22.4628 5.2815 -45.107 29.033 54.618
18000400000028 62391947264 51.678 6.2807 14.8275 9.8243 6.2796 14.8271 9.8261 -43.234 -33.270 4.859
18000400000068 62313271296 51.653 15.9193 9.6379 10.8689 15.9173 9.6362 10.8696 -7.500 -4.001 -12.776
18000400000060 62276460544 51.645 21.5068 11.3399 16.9184 21.5007 11.3411 16.9201 12.539 5.203 8.589
18000400000065 62044209152 51.581 21.0549 16.7464 12.3500 21.0617 16.7567 12.3551 -77.572 31.133 -25.727
18000300000053 61434658816 51.410 12.6025 10.7566 11.9776 12.6070 10.7317 11.9771 -7.020 -8.807 87.124
18000400000025 61254070272 51.362 6.8590 5.8665 8.1849 6.8582 5.8578 8.1840 8.709 -24.114 77.485
18000500000014 61037998080 51.300 12.6386 9.8813 13.7152 12.6324 9.8798 13.7109 15.886 1.355 0.739
18000400000045 60874899456 51.255 10.8556 19.4092 22.5619 10.8574 19.3920 22.5536 22.043 39.532 -28.295
18000400000040 60363014144 51.109 20.6460 14.0615 21.0125 20.6410 14.0587 21.0156 -7.515 32.847 -26.886
18000400000054 59866251264 50.970 19.2952 2.5770 18.2318 19.2971 2.5815 18.2311 -9.078 -1.597 -42.581
18000400000064 58403311616 50.552 1.5511 2.0629 19.9166 1.5489 2.0603 19.9230 -24.719 22.858 -39.054
18000500000007 58036547584 50.445 21.1292 9.7926 15.4828 21.1332 9.7958 15.4942 45.983 -2.960 -41.653
18000500000001 57995751424 50.433 6.8822 16.0621 9.5694 6.8871 16.0620 9.5689 -6.808 -44.985 8.434
18000500000021 57967136768 50.424 17.1894 21.8515 12.4064 17.1906 21.8529 12.4052 18.564 -11.428 9.843
18000300000068 57557884928 50.308 3.8646 8.8272 6.6377 3.8714 8.8420 6.6330 4.135 25.798 -9.402
18000400000047 57155432448 50.188 22.9675 24.5515 18.1886 22.9682 24.5446 18.1922 2.920 -4.281 8.875
18000400000032 57045516288 50.157 13.4531 23.9248 9.1452 13.4596 23.9255 9.1481 -3.473 -2.634 20.622
18000400000070 56973324288 50.136 8.7503 16.4190 11.0895 8.7468 16.4233 11.0951 41.439 59.734 -55.039
18000400000058 56751104000 50.070 21.0236 7.1684 12.8514 21.0357 7.1771 12.8463 -25.428 20.043 -24.255
18000500000002 56590102528 50.023 19.3696 11.7293 18.1670 19.3604 11.7260 18.1635 14.202 11.061 19.532
18000300000042 56509050880 49.997 13.5388 24.8123 22.8622 13.5845 24.8478 22.8651 175.493 -177.907 -205.986
18000500000004 56478711808 49.988 21.1268 22.8805 14.9105 21.1299 22.8726 14.9161 -30.799 8.942 1.531
18000500000008 56353996800 49.952 9.8634 18.5029 24.9795 9.8681 18.5138 24.9809 22.660 -5.796 -33.592
18000500000032 55940595712 49.830 12.7688 20.5536 8.5354 12.7649 20.5508 8.5367 -13.285 31.201 -16.501
18000400000074 55931375616 49.827 2.8615 22.9828 11.6937 2.8618 22.9812 11.6954 7.275 -8.571 -30.159
18000400000041 55773958144 49.780 3.7298 21.7419 5.8361 3.7339 21.7494 5.8283 73.060 -34.421 28.370
18000500000023 55536963584 49.711 1.5502 20.8012 6.3321 1.5505 20.8032 6.3372 11.067 7.759 11.889
18000500000030 55435972608 49.679 16.7224 8.9793 13.5418 16.7263 8.9799 13.5391 20.989 3.215 11.235
18000400000027 54987644928 49.545 10.8741 19.8804 4.8810 10.8721 19.8792 4.8800 54.908 4.047 58.783
18000500000024 54977294336 49.544 14.9961 9.2113 9.6207 14.9945 9.2113 9.6192 22.014 -49.452 -4.831
18000500000015 54690807808 49.457 6.7944 12.8128 6.2426 6.7925 12.8088 6.2401 -39.480 72.788 -13.364
18000500000005 53975429120 49.238 0.5306 6.7272 14.9122 0.5271 6.7222 14.9126 18.197 -23.488 -9.729
18000500000016 53819379712 49.191 22.0478 7.8877 16.2807 22.0463 7.8868 16.2803 -28.087 -21.280 -22.058
18000500000017 53725032448 49.163 20.3435 16.8797 12.3603 20.3438 16.8805 12.3588 4.007 -5.916 3.476
18000500000000 53031993344 48.951 20.6365 23.2681 19.9959 20.6482 23.2657 19.9961 15.174 10.106 -1.801
18000500000039 52777336832 48.872 13.6562 9.8008 7.5166 13.6563 9.7975 7.5104 -3.163 -0.832 3.967
18000500000054 52653088768 48.836 9.2273 15.0973 5.8420 9.2280 15.0960 5.8409 -13.819 2.435 -6.339
18000500000073 52586799104 48.813 6.7766 11.7417 23.0765 6.7763 11.7455 23.0702 75.793 21.243 26.006
18000500000060 52484087808 48.781 15.2776 11.3495 4.7316 15.2826 11.3565 4.7291 17.180 -18.994 24.191
18000500000037 52247187456 48.708 1.0696 23.0937 18.7147 1.0693 23.0913 18.7190 -0.850 12.381 8.979
18000500000033 52171083776 48.685 17.8606 8.7346 3.7202 17.8638 8.7360 3.7188 -0.509 -23.719 20.094
18000500000022 51776901120 48.561 18.0947 18.3389 11.7490 18.0976 18.3420 11.7580 41.981 24.483 -30.784
18000400000055 51642101760 48.518 6.1465 14.8979 11.7944 6.1471 14.8972 11.7947 13.961 -8.918 -1.664
18000500000066 51156307968 48.368 2.3637 24.6918 22.2023 2.3593 24.6868 22.2045 20.924 2.351 12.974
18000500000042 51059830784 48.338 23.6814 1.1051 13.1253 23.6754 1.1096 13.1251 3.968 -15.961 -32.483
18000300000019 50750595072 48.238 17.0528 1.2814 18.8072 17.0541 1.2914 18.7925 -60.185 -16.426 -19.268
18000600000005 50747359232 48.238 16.1292 24.6392 8.1257 16.1195 24.6428 8.1239 41.149 63.017 -63.147
18000500000046 50160832512 48.051 11.8574 7.0337 5.3829 11.8624 7.0362 5.3844 17.331 -13.555 -5.605
18000400000015 50150916096 48.049 23.5321 24.1120 18.6496 23.5332 24.1140 18.6492 -9.756 -5.468 10.679
18000400000043 50113646592 48.037 21.7897 20.4351 15.3552 21.7959 20.4416 15.3530 -6.722 -5.222 -21.287
18000500000019 50068885504 48.021 19.0800 19.3444 14.6820 19.0741 19.3448 14.6795 17.048 -22.038 -7.794
18000500000063 50039341056 48.011 8.3957 14.4688 13.2584 8.3961 14.4651 13.2592 -4.344 -0.118 7.595
18000500000068 49478623232 47.832 15.9450 8.8124 0.5438 15.9422 8.8093 0.5437 -2.798 7.310 24.371
18000600000010 49054670848 47.696 1.2040 14.3266 11.8784 1.1987 14.3278 11.8777 1.635 18.364 -10.795
18000500000050 48917327872 47.652 4.1721 21.7479 12.2515 4.1737 21.7483 12.2509 17.351 -11.002 -19.719
18000400000035 48789327872 47.608 18.2654 6.3525 16.9984 18.2531 6.3648 16.9873 -23.852 -10.072 -0.856
18000500000028 48615661568 47.553 3.5585 0.8207 15.0790 3.5672 0.8266 15.0827 2.359 20.422 15.152
18000500000053 48471826432 47.505 23.2515 13.2845 9.1437 23.2462 13.2829 9.1462 -14.337 5.645 19.230
18000600000001 48280739840 47.443 23.7796 13.3505 8.9550 23.7779 13.3458 8.9553 -25.036 20.949 20.887
18000400000029 48116559872 47.389 14.5455 16.8543 19.0958 14.5592 16.8560 19.0989 76.508 -99.704 -9.013
18000400000026 48097730560 47.383 15.2237 2.8771 23.5340 15.2134 2.8835 23.5334 3.520 72.192 34.480
18000600000002 48078131200 47.378 2.3122 22.8476 12.2706 2.3117 22.8486 12.2703 -55.257 11.294 -90.384
18000600000022 48031801344 47.362 7.1515 14.6390 13.0364 7.1470 14.6425 13.0365 4.384 3.686 2.781
18000400000020 47759622144 47.270 0.3495 14.5863 12.3359 0.3595 14.5859 12.3383 -19.191 -30.165 -38.851
18000500000052 47092424704 47.052 16.5710 0.4166 16.9506 16.5551 0.4127 16.9503 -2.995 35.435 -55.900
18000500000067 47067131904 47.042 12.6468 12.8762 16.1736 12.6492 12.8796 16.1782 -1.720 27.677 -12.728
18000600000011 46970691584 47.009 19.6432 9.4881 23.1441 19.6380 9.4839 23.1377 -29.119 28.356 17.502
18000500000043 46896361472 46.985 11.1921 10.9269 15.3564 11.1972 10.9238 15.3487 23.964 81.709 -12.583
18000500000058 46646153216 46.903 7.1984 12.6149 7.1173 7.1987 12.6127 7.1131 -21.185 3.951 19.040
18000500000062 46562160640 46.875 7.0706 11.9677 22.7280 7.0752 11.9727 22.7302 -3.216 -1.256 9.248
18000500000059 46534053888 46.864 9.2405 3.7695 13.4548 9.2429 3.7685 13.4563 -5.529 12.084 11.344
18000600000000 46517186560 46.858 12.6262 17.1962 0.8337 12.6239 17.1986 0.8424 28.008 38.544 10.097
18000600000007 46495719424 46.850 15.8120 22.3242 15.6380 15.8067 22.3301 15.6485 1.905 -23.027 5.413
18000500000025 46412132352 46.823 23.8027 2.2160 14.4108 23.8053 2.2141 14.4097 -6.336 18.870 -0.169
18000600000053 46068215808 46.706 23.8598 19.1107 18.7289 23.8560 19.1099 18.7298 1.153 13.259 16.532
18000300000039 45969866752 46.672 0.6432 22.8945 13.3408 0.6343 22.9024 13.3210 19.692 -66.580 -61.140
18000500000074 45238456320 46.424 3.2748 19.2132 4.5105 3.2758 19.2153 4.5156 -21.508 11.181 -7.882
18000600000061 44801679360 46.274 5.8969 10.3748 8.9001 5.9001 10.3719 8.8984 -11.709 -24.766 22.448
18000400000056 44686139392 46.236 24.0116 21.7896 23.8293 24.0135 21.7861 23.8278 9.974 -6.560 -29.082
18000300000040 44634005504 46.218 16.4684 11.2324 3.6054 16.4742 11.2198 3.6027 75.104 31.938 -9.701
18000700000006 44614078464 46.212 21.9743 14.5463 21.0509 21.9707 14.5500 21.0554 25.391 -19.857 -0.322
18000600000048 44382539776 46.131 0.8463 22.7753 12.8686 0.8458 22.7740 12.8694 9.869 4.461 -10.743
18000700000002 44234313728 46.080 16.4936 7.9357 24.7714 16.4919 7.9353 24.7737 11.577 -23.660 -4.158
18000500000029 44192694272 46.065 6.0305 9.3469 7.4717 6.0251 9.3556 7.4654 13.809 11.227 -5.593
18000500000041 44176683008 46.059 2.0524 24.0434 10.6583 2.0465 24.0409 10.6580 -1.643 23.290 -11.475
18000700000014 43937296384 45.976 20.9495 22.3828 14.6456 20.9566 22.3811 14.6506 22.613 5.047 -22.060
18000600000024 43675267072 45.884 13.6269 16.8976 18.6704 13.6276 16.8957 18.6728 0.041 5.873 -4.112
18000600000063 43374153728 45.779 24.7118 14.0962 8.0565 24.7156 14.0981 8.0575 -1.520 0.599 6.789
18000500000026 43051171840 45.666 16.3293 5.3667 23.3813 16.3337 5.3633 23.3845 13.090 6.921 -13.465
18000500000049 43013742592 45.652 24.1669 17.5780 5.2394 24.1758 17.5829 5.2382 -25.799 29.997 31.206
18000700000004 42646163456 45.521 4.0563 22.1376 5.7508 4.0510 22.1385 5.7530 21.775 16.773 7.215
18000500000071 42520522752 45.477 23.9774 21.7792 20.7241 23.9769 21.7771 20.7213 -18.431 4.789 -0.753
18000500000012 42084818944 45.322 0.5111 22.1969 16.5977 0.5196 22.1935 16.5936 -44.085 14.020 55.713
18000600000064 41662173184 45.168 21.9558 16.0159 12.1369 21.9531 16.0163 12.1350 -15.606 4.487 9.572
18000200000071 41521311744 45.118 10.6703 20.3883 6.8899 10.6693 20.3804 6.8924 54.313 0.311 -4.941
18000600000021 41394601984 45.070 15.0035 15.9213 12.8760 14.9945 15.9214 12.8744 7.592 -24.302 -12.964
18000700000008 41386733568 45.067 20.1926 0.8333 7.5789 20.1884 0.8316 7.5800 21.012 34.201 35.400
18000600000059 41340809216 45.052 10.3874 21.2257 15.9892 10.3880 21.2181 15.9907 -18.724 36.922 66.695
18000500000034 41120825344 44.972 11.1393 18.4813 16.6529 11.1372 18.4798 16.6392 77.520 -8.292 -41.951
18000500000047 40545689600 44.760 8.6371 1.5867 13.7829 8.6501 1.5794 13.7691 -86.123 95.573 -155.378
18000600000044 40306958336 44.672 3.2050 0.9862 22.3779 3.2122 0.9889 22.3671 -10.786 -14.801 0.396
18000300000057 40055246848 44.579 9.9597 17.5632 21.7033 9.9607 17.5615 21.7119 -69.610 -2.079 -16.975
18000700000058 39560142848 44.396 15.8788 20.5564 14.7076 15.8776 20.5530 14.7077 8.956 17.048 12.564
18000500000038 39188594688 44.255 16.9990 8.1272 0.6853 16.9958 8.1295 0.6572 -65.892 242.661 27.154
18000400000017 38474518528 43.986 1.0905 22.8191 12.7551 1.0936 22.8193 12.7740 60.558 39.442 -17.740
18000600000026 38354272256 43.939 4.9286 24.6680 2.9142 4.9347 24.6743 2.9173 20.033 -20.302 -3.791
18000700000049 37971972096 43.792 10.1411 14.0187 6.2246 10.1398 14.0209 6.2263 -14.485 -9.328 -0.722
18000700000038 37235789824 43.508 12.7805 5.9357 10.5009 12.7824 5.9379 10.4945 -17.772 -8.397 7.279
18000600000016 37215449088 43.499 2.9356 19.5615 4.6524 2.9357 19.5514 4.6484 -48.467 10.795 0.659
18000800000015 36774277120 43.329 9.3102 13.0891 6.5727 9.3094 13.0902 6.5761 -1.189 -7.109 -12.668
18000700000018 36714201088 43.305 17.9418 19.0926 14.3143 17.9480 19.0928 14.3168 -24.088 28.118 24.202
18000600000033 35752517632 42.921 15.2571 13.9962 23.0918 15.2563 13.9963 23.0877 3.012 13.151 -53.467
18000700000064 35625439232 42.873 8.2197 1.2281 11.0730 8.2248 1.2242 11.0664 -48.925 8.304 -11.758
18000700000046 35599687680 42.862 7.4583 11.9056 0.0506 7.4581 11.9043 0.0522 -5.734 40.469 3.674
18000700000013 35544817664 42.840 14.2652 8.2227 3.0133 14.2651 8.2255 3.0197 -8.305 11.528 -18.671
18000800000039 35429572608 42.792 6.9456 5.4827 12.5694 6.9432 5.4837 12.5707 24.545 39.515 9.929
18000800000025 34465857536 42.402 18.7768 19.8030 14.5908 18.7778 19.8017 14.5904 -9.020 0.251 -5.636
18000700000019 34229960704 42.305 3.6033 13.4479 23.2494 3.5952 13.4456 23.2421 11.699 12.823 -6.505
18000700000065 33985347584 42.205 12.4764 5.8763 2.8750 12.4800 5.8726 2.8722 32.248 13.069 10.880
18000600000054 33621385216 42.052 21.4391 18.8135 14.6269 21.4448 18.8092 14.6249 13.057 -8.896 -14.164
18000700000063 33545768960 42.020 16.0383 0.4692 20.7263 16.0359 0.4686 20.7278 21.503 8.150 5.011
18000700000047 32544262144 41.598 4.2172 20.9748 12.6203 4.2215 20.9723 12.6205 24.355 -8.166 -31.993
18000800000044 32362049536 41.520 9.1818 23.9926 8.4624 9.1875 23.9922 8.4587 -15.904 -9.156 4.940
18000700000067 31694630912 41.234 8.0124 13.5738 8.3190 8.0177 13.5669 8.3123 3.587 15.033 -39.546
18000700000039 31281141760 41.052 21.1626 13.1032 10.5047 21.1620 13.1040 10.5043 25.994 -3.838 13.439
18000200000041 31214311424 41.023 23.4203 1.8047 15.3327 23.4156 1.8085 15.3183 -19.272 40.678 17.550
18000800000014 31035449344 40.944 15.3449 13.9847 19.7804 15.3501 13.9916 19.7857 2.870 6.840 -2.479
18000600000019 31014668288 40.937 24.4577 18.1195 3.0861 24.4646 18.1275 3.0963 -2.547 -14.816 15.792
18000800000008 30906689536 40.890 10.9644 18.3845 3.2180 10.9642 18.3833 3.2188 56.518 20.235 42.838
18000700000036 30826893312 40.853 8.8326 3.3932 3.7046 8.8331 3.4070 3.7089 12.021 -0.700 12.322
18000800000074 30540441600 40.725 12.7836 6.1927 6.2404 12.7836 6.1929 6.2409 -15.710 -0.377 -15.136
18000400000057 30323478528 40.631 16.2169 8.6358 14.3898 16.2169 8.6432 14.4190 -59.342 22.945 2.832
18000600000027 30234093568 40.590 0.6117 22.3092 12.6161 0.6194 22.3312 12.6294 18.867 -36.443 47.151
18000800000019 29750081536 40.372 12.8941 6.7709 3.5936 12.8927 6.7733 3.5887 -12.805 -12.817 33.516
18000700000042 29642334208 40.323 19.7711 20.0674 15.3013 19.7706 20.0707 15.3011 -14.037 -33.768 -36.915
18000600000066 29363800064 40.196 11.0005 18.5469 2.2937 11.0058 18.5509 2.2935 12.587 13.495 8.347
18000900000054 29319876608 40.176 19.1519 0.8680 18.4766 19.1505 0.8679 18.4758 13.481 12.542 10.448
18000900000039 29285580800 40.161 24.0460 1.6287 11.7712 24.0452 1.6284 11.7703 -1.685 7.356 16.317
18000900000026 29198112768 40.120 2.2634 0.0691 15.1134 2.2610 0.0673 15.1172 10.385 -1.540 1.735
18000900000022 29108162560 40.081 23.7063 17.0916 6.7712 23.7073 17.0896 6.7739 -5.295 1.068 6.695
18000600000055 28281368576 39.697 21.0559 0.6160 18.0737 21.0600 0.6173 18.0726 63.163 100.353 3.932
18000900000057 28116727808 39.620 11.1760 5.7844 5.4167 11.1795 5.7836 5.4164 26.393 -33.027 25.270
18000900000067 27887486976 39.512 22.5070 15.4257 12.6624 22.5076 15.4248 12.6648 -11.600 5.601 -9.396
18000800000016 27102961664 39.137 13.5925 21.5345 23.4987 13.5877 21.5348 23.4991 -17.156 -32.799 -7.601
18001000000011 26879643648 39.029 10.3642 16.8505 2.1233 10.3628 16.8547 2.1235 32.418 1.383 -2.516
18000700000031 26495414272 38.842 11.2221 18.9084 17.3682 11.2215 18.9081 17.3654 5.061 -2.231 -4.683
18000800000050 26125760512 38.662 13.4765 0.1568 17.0483 13.4694 0.1605 17.0434 18.476 13.391 -24.712
18000800000061 25186269184 38.191 24.1685 22.3590 21.0239 24.1654 22.3612 21.0190 42.463 43.828 -16.399
18000900000073 23981969408 37.573 2.9718 10.8903 22.2646 2.9646 10.8919 22.2631 1.169 -3.555 -14.399
18001000000044 23850971136 37.505 19.8353 18.9451 14.5348 19.8372 18.9446 14.5346 -31.551 -21.854 -9.380
18000400000062 23211335680 37.165 21.0297 5.8178 13.9522 21.0500 5.8022 13.9494 11.397 51.384 -79.040
18001000000030 23161554944 37.141 22.0639 7.1410 16.2861 22.0676 7.1398 16.2881 14.046 -9.872 2.140
18001100000040 22491019264 36.777 23.0776 13.2541 9.4545 23.0776 13.2538 9.4546 0.959 12.025 2.576
18001100000023 20743573504 35.800 1.8810 11.4947 21.9847 1.8852 11.4960 21.9889 21.434 -6.539 -31.518
18001700000043 13750885376 31.214 23.4396 21.8655 21.6430 23.4380 21.8611 21.6442 22.614 1.751 13.931
