haloID mh rh halo_x halo_y halo_z gal_x gal_y gal_z spin_x spin_y spin_z
28000000000000 6045702815744 383.976 12.0881 4.4744 1.4133 12.0856 4.4699 1.4018 -100.839 -330.702 334.771
28000000000001 3153241833472 309.071 2.2066 10.0210 12.4539 2.2119 10.0155 12.4542 88.939 195.906 36.251
28000000000002 2551019470848 288.008 3.4200 6.6136 7.5786 3.4157 6.6205 7.5824 -1240.520 -129.168 -81.340
28000000000003 1123146661888 219.103 2.8169 9.7142 1.6791 2.8156 9.7163 1.6784 69.369 951.242 461.705
28000000000004 886958784512 202.521 1.9670 8.3124 11.1665 1.9673 8.3171 11.1645 -513.262 53.602 -115.657
28000000000005 697100009472 186.884 2.3473 11.7135 11.7001 2.3469 11.7013 11.6948 6.620 392.439 612.730
28000000000007 582640992256 176.039 5.9065 9.7902 1.7355 5.9078 9.7691 1.7392 -345.847 -16.606 128.623
28000000000008 499620937728 167.254 10.7686 4.9691 3.1748 10.7671 4.9702 3.1733 48.519 -63.161 79.026
28000000000006 491618893824 166.351 3.7404 8.7229 6.1718 3.7396 8.7254 6.1771 -105.991 -45.269 -66.804
28000000000010 428219990016 158.874 8.0062 8.1146 4.4759 8.0126 8.1201 4.4743 -82.395 16.302 334.973
28000000000011 345282969600 147.870 3.1394 0.7304 10.4212 3.1307 0.7126 10.4421 -17.032 174.395 -12.866
28000000000012 334166556672 146.267 1.0365 6.0922 12.1663 1.0331 6.0996 12.1637 -31.295 29.086 21.689
28000000000015 317667966976 143.820 10.3024 4.6624 4.8267 10.3014 4.6649 4.8286 -173.964 -224.636 -228.169
28000000000014 307094847488 142.202 9.3870 7.1183 4.2803 9.3829 7.1241 4.2817 9.811 18.940 -29.929
28000000000013 263099957248 135.062 1.9786 8.9451 11.6073 1.9762 8.9555 11.6207 47.493 -209.283 59.165
28000000000017 228756766720 128.910 2.1853 11.1418 12.1359 2.1844 11.1410 12.1366 11.280 -1.305 14.634
28000000000016 222192697344 127.669 2.6389 7.2975 9.3992 2.6561 7.2935 9.4008 189.279 -45.185 -118.189
28000000000019 217477578752 126.747 2.4733 1.9641 4.2745 2.4733 1.9633 4.2743 5.290 -8.430 33.778
28000000000009 216748752896 126.614 3.7356 9.7253 4.2243 3.7439 9.7331 4.2328 -78.934 -56.931 103.339
28000000000018 171368431616 117.075 3.7392 4.6505 7.7821 3.7310 4.6305 7.7673 13.298 111.363 -72.212
28000000000020 161809563648 114.856 3.4826 10.1743 6.8416 3.4830 10.1765 6.8383 -89.184 -84.027 8.087
28000000000023 128843022336 106.460 3.6930 9.6711 6.7281 3.6971 9.6722 6.7261 4.486 -53.195 39.118
28000000000022 127158534144 105.995 1.6774 7.2198 1.4315 1.6784 7.2301 1.4337 44.472 -5.137 -90.369
28000000000021 126771077120 105.888 3.8262 9.3498 5.1460 3.8263 9.3480 5.1432 40.496 0.616 -4.964
28000000000025 117747343360 103.313 10.2847 4.1455 5.9431 10.2868 4.1491 5.9400 -34.643 -137.857 -43.316
28000000000030 114801041408 102.438 10.6042 2.0459 5.7289 10.6043 2.0444 5.7296 29.815 -2.118 6.117
28000000000024 114776727552 102.431 2.8775 7.0598 8.2385 2.8789 7.0612 8.2364 -0.749 -11.717 -10.938
28000000000031 114234818560 102.270 6.5259 1.2475 8.0111 6.5230 1.2468 8.0101 -5.608 -10.289 14.656
28000000000026 112606158848 101.782 6.4836 6.0902 4.3101 6.4863 6.0907 4.3072 30.044 -64.851 -24.507
28000000000029 112076652544 101.626 1.6473 7.0378 12.1052 1.6436 7.0363 12.1089 -156.728 149.973 -146.473
28000000000027 108399247360 100.502 10.4620 10.5964 9.2325 10.4734 10.5985 9.2314 24.311 -6.593 -27.665
28000100000003 104692277248 99.340 10.4612 5.4105 3.6750 10.4611 5.4112 3.6757 -18.827 52.305 70.351
28000100000002 103254695936 98.879 3.6052 11.6835 4.7052 3.6059 11.6826 4.7057 -57.627 7.451 41.169
28000100000001 101857165312 98.433 6.7057 6.5033 3.1579 6.7076 6.5003 3.1562 -8.696 -3.766 1.632
28000000000028 95471722496 96.334 4.6631 3.5134 7.3855 4.6558 3.5135 7.3848 -20.760 -19.421 -24.913
28000100000004 93260947456 95.582 1.8118 6.4314 11.0257 1.8074 6.4307 11.0290 -53.566 45.390 -35.223
28000100000000 81711366144 91.463 0.6410 7.5935 7.9540 0.6344 7.5929 7.9490 -0.025 38.609 4.372
28000100000010 79997059072 90.818 2.8254 4.8831 3.7214 2.8261 4.8813 3.7206 0.312 -10.418 -8.752
28000100000006 76309528576 89.401 3.7484 0.3026 8.3542 3.7432 0.3137 8.3636 446.303 93.347 238.650
28000100000005 74071597056 88.521 3.2655 9.1018 8.1801 3.2682 9.1021 8.1635 84.016 83.732 71.425
28000100000018 72172019712 87.756 3.7567 5.8898 7.6793 3.7555 5.8905 7.6795 0.235 -2.008 -10.647
28000100000008 71479926784 87.475 3.7437 3.3521 6.8134 3.7451 3.3495 6.8105 -7.534 -16.117 19.703
28000100000009 70142509056 86.924 4.7089 9.2510 4.8640 4.7089 9.2494 4.8627 18.279 12.511 -15.885
28000100000014 69928787968 86.837 2.1221 9.0351 1.4293 2.1104 9.0335 1.4310 -33.908 108.696 -104.512
28000100000016 66525413376 85.401 2.8828 7.2035 8.9016 2.8839 7.1997 8.9013 6.887 1.143 2.702
28000100000012 64927100928 84.713 3.2789 12.4543 4.6242 3.2776 12.4412 4.6309 -41.974 21.718 -13.676
28000100000011 62376914944 83.593 6.4690 9.0817 3.8000 6.4696 9.0851 3.7953 130.355 -23.365 94.716
28000100000020 60701806592 82.840 11.1523 11.2212 9.7742 11.1484 11.2173 9.7727 38.269 -1.062 -17.598
28000100000019 60643385344 82.806 7.9012 11.0668 9.3164 7.9021 11.0715 9.3161 -27.383 44.428 -73.738
28000100000023 60486545408 82.741 5.6373 8.3362 8.3544 5.6384 8.3379 8.3576 53.316 -32.242 4.147
28000100000024 59834642432 82.444 5.9824 9.4681 3.0112 5.9830 9.4664 3.0097 -9.120 -14.632 19.438
28000100000015 58449629184 81.799 7.0382 8.7045 4.0941 7.0395 8.7061 4.0963 -26.965 -64.349 -47.266
28000100000027 56491491328 80.878 7.1048 9.9990 7.4741 7.1055 10.0007 7.4734 -34.040 -1.267 -0.927
28000100000022 56191229952 80.731 6.6428 9.2341 3.3058 6.6446 9.2348 3.3069 1.802 -19.611 9.275
28000100000026 55515521024 80.405 5.9733 9.6762 0.3288 5.9722 9.6783 0.3288 -4.965 6.582 6.419
28000100000021 53184028672 79.265 2.0846 8.4293 1.0153 2.0803 8.4314 1.0150 -5.243 15.598 -47.704
28000100000013 52218793984 78.783 5.4584 7.9945 1.7046 5.4450 7.9982 1.7008 -34.626 -82.041 -22.653
28000100000028 50023063552 77.665 2.3759 6.0695 3.2016 2.3740 6.0678 3.1999 -7.213 -13.135 0.727
28000100000029 48984866816 77.123 3.7950 5.6738 3.9518 3.7982 5.6753 3.9463 -30.679 -7.945 -29.419
28000100000030 46157131776 75.607 6.8589 8.2309 10.1483 6.8606 8.2293 10.1465 4.105 -3.001 4.206
28000100000031 42267987968 73.420 2.9514 7.2013 7.6726 2.9504 7.2029 7.6736 2.670 16.145 2.801
28000200000000 40518033408 72.394 3.7891 8.4871 10.3700 3.7894 8.4867 10.3689 -12.602 -8.728 19.200
28000200000010 31744397312 66.739 3.1761 7.0679 8.4764 3.1756 7.0668 8.4784 -2.698 33.229 44.271
28000200000014 31203661824 66.355 7.4525 10.1128 7.7917 7.4515 10.1135 7.7933 9.064 2.035 3.075
28000200000017 29052391424 64.793 0.7611 1.9972 0.4301 0.7618 1.9971 0.4294 -11.886 16.454 8.679
28000200000024 28155287552 64.123 0.6734 2.9226 0.8715 0.6733 2.9227 0.8710 32.383 -0.936 -17.545
