haloID mh rh halo_x halo_y halo_z gal_x gal_y gal_z spin_x spin_y spin_z
20000000000000 9382498664448 319.864 16.0023 24.9705 18.3283 16.0076 24.9275 18.3245 1650.552 -309.284 -711.853
20000000000002 4066030387200 242.051 23.5790 1.1051 15.3522 23.5628 1.0985 15.3769 126.347 344.895 -170.212
20000000000003 3216237133824 223.863 12.0466 19.2221 16.9930 12.0718 19.2304 16.9755 65.452 -376.865 370.986
20000000000004 2888609300480 215.979 4.9864 13.6325 10.6109 4.9936 13.6431 10.6294 907.894 -788.197 -5.140
20000000000006 2853054709760 215.091 22.8924 23.4065 15.3645 22.9358 23.4559 15.3646 724.102 -872.058 37.130
20000000000005 2745603457024 212.360 17.2722 4.4646 20.7144 17.3010 4.5221 20.7007 -1760.719 642.092 -956.565
20000000000007 2500042686464 205.832 5.8539 24.1251 10.2991 5.8685 24.1449 10.3028 -25.861 -46.613 -176.143
20000000000011 2133295759360 195.225 14.4914 10.9902 5.5599 14.4860 10.9796 5.5876 401.437 -126.854 -56.898
20000000000009 2097635655680 194.131 24.6626 22.2181 16.6951 24.6546 22.2249 16.7038 118.034 192.540 -44.366
20000000000008 2059781799936 192.965 9.1451 12.9423 2.4123 9.1557 12.9314 2.4090 48.584 142.932 -242.618
20000000000013 2015288492032 191.558 10.7668 17.7056 3.4438 10.7662 17.6958 3.4471 289.014 -128.425 -143.936
20000000000015 1971752927232 190.173 13.7402 20.1994 15.1131 13.7389 20.2054 15.1106 312.301 46.789 -236.280
20000000000010 1953447542784 189.576 10.2453 15.2000 4.9592 10.2471 15.2113 4.9931 83.214 26.919 81.973
20000000000014 1723372404736 181.824 11.3992 20.5608 10.1309 11.4039 20.5731 10.1727 57.933 -474.049 7.942
20000000000016 1722858602496 181.807 7.1199 9.5509 8.0340 7.1445 9.5334 8.0390 -72.676 239.870 739.255
20000000000012 1720279629824 181.715 22.0670 24.8644 17.7175 22.0985 24.8384 17.7374 -240.885 -278.373 -184.402
20000000000022 1692218687488 180.721 23.7335 22.3124 20.8580 23.7382 22.3164 20.8542 245.359 -83.277 -0.837
20000000000017 1578744807424 176.589 4.9285 14.6149 12.6318 4.8863 14.6093 12.6464 -34.174 -635.923 -310.562
20000000000001 1501920493568 173.680 19.7521 13.2025 11.0086 19.6746 13.1848 10.9862 345.669 -193.374 958.591
20000000000023 1458608144384 171.991 20.7720 4.6174 16.4499 20.7722 4.5968 16.4867 -371.919 -23.444 291.982
20000000000021 1386930896896 169.124 8.5161 9.7162 4.3559 8.5130 9.7359 4.3485 898.753 -135.457 -763.220
20000000000026 1295079833600 165.310 7.2707 19.3658 20.4512 7.2836 19.3617 20.4497 -423.809 308.352 -158.030
20000000000020 1289025355776 165.049 18.9497 2.5175 18.2384 18.9311 2.5036 18.2679 -138.732 -286.358 -124.211
20000000000024 1234464014336 162.686 7.9142 12.1454 1.3662 7.9351 12.1251 1.3620 -44.907 678.183 -25.449
20000000000019 1210981810176 161.648 22.1689 4.3124 15.2882 22.1767 4.3231 15.2963 802.399 266.055 -118.849
20000000000027 1108817346560 156.966 5.6418 14.4142 11.3232 5.6399 14.3967 11.3282 -223.656 -140.584 -22.002
20000000000028 1087928074240 155.976 12.6216 6.9352 4.1797 12.6003 6.9419 4.1923 238.331 -267.677 156.771
20000000000029 1078049832960 155.504 10.9975 17.4535 5.8334 10.9953 17.4432 5.8429 154.509 -348.974 752.506
20000000000034 1020392308736 152.680 21.1198 5.9227 13.9732 21.1328 5.9211 13.9743 -156.625 -150.712 31.629
20000000000030 958667685888 149.536 10.3090 3.1741 13.8936 10.3140 3.1587 13.9262 547.948 567.170 120.191
20000000000031 954605109248 149.328 13.0508 14.8208 18.0335 13.0337 14.8340 18.0341 92.408 -118.463 294.015
20000000000035 932724867072 148.177 14.8623 11.3352 7.9215 14.8605 11.3401 7.9227 222.214 186.587 -333.461
20000000000032 873865674752 144.994 23.0752 15.7976 13.2284 23.0564 15.7956 13.2292 227.429 -189.197 1.845
20000000000025 869916278784 144.772 21.6140 20.4402 15.3195 21.6210 20.4534 15.3208 21.260 -138.198 -193.032
20000000000033 839471005696 143.067 7.1662 23.7029 12.8209 7.1848 23.6952 12.8294 -34.067 38.863 269.825
20000000000037 835556343808 142.837 20.2773 0.9803 17.7506 20.2785 0.9777 17.7503 -358.694 255.113 -505.530
20000000000044 786081054720 139.965 1.8348 8.6949 14.8965 1.8298 8.6861 14.9238 -1186.271 -1442.029 -428.472
20000000000039 783360917504 139.804 15.1314 23.2436 19.3960 15.1296 23.2402 19.4041 -86.480 35.894 -213.189
20000000000036 759305142272 138.358 4.9718 21.8385 12.1664 4.9337 21.8231 12.2003 -151.395 -432.110 -208.951
20000000000040 730600374272 136.591 23.6822 4.3472 14.8636 23.6993 4.3618 14.8488 -83.145 81.249 -203.778
20000000000047 725902622720 136.295 14.7559 13.6281 0.0451 14.7569 13.6286 0.0411 833.750 -94.571 215.570
20000000000050 700854435840 134.710 20.9345 16.1192 19.3270 20.9367 16.1175 19.3348 -595.231 99.031 228.985
20000000000045 694583033856 134.307 17.0754 9.7105 23.1263 17.0820 9.7078 23.1350 166.472 -117.565 180.169
20000000000043 675108028416 133.043 20.3915 20.8010 16.3430 20.3863 20.8098 16.3322 72.157 9.558 -52.424
20000000000048 662824026112 132.228 1.4272 17.4691 4.0127 1.4264 17.4619 3.9950 69.689 -76.896 38.270
20000000000053 651006377984 131.440 6.0272 0.5161 9.8576 6.0284 0.5095 9.8614 -154.773 -23.675 -235.399
20000000000051 649925820416 131.367 14.7118 24.7215 17.4460 14.7128 24.7310 17.4395 4.672 206.170 -440.516
20000000000046 635080671232 130.354 23.8798 22.6763 19.6385 23.8693 22.6648 19.6496 -305.527 -60.344 -311.734
20000000000038 622688796672 129.505 13.1454 6.9510 10.2720 13.1467 6.9925 10.2701 240.702 -15.101 -390.670
20000000000042 561888231424 125.143 10.5282 20.2005 6.4473 10.5263 20.2020 6.4485 -241.081 -4.719 -69.368
20000000000052 544702595072 123.853 16.4731 8.5532 23.9424 16.4532 8.5371 23.9746 -105.772 365.268 157.451
20000000000060 544663896064 123.854 13.5203 21.2583 10.2793 13.5250 21.2572 10.2848 80.662 -18.381 -14.904
20000000000062 535270096896 123.139 5.9178 2.9820 14.1539 5.9169 2.9792 14.1539 -33.814 -251.245 -172.663
20000000000056 531452723200 122.843 18.4694 10.5946 19.2812 18.4759 10.5859 19.2883 36.137 317.712 378.536
20000000000061 511519588352 121.286 12.9647 10.5905 7.5424 12.9699 10.5885 7.5427 15.149 250.165 218.570
20000000000057 507778367488 120.989 1.4853 15.6658 7.7616 1.4924 15.6587 7.7612 100.578 -7.596 49.986
20000000000059 491218305024 119.662 9.2624 21.8201 12.6967 9.2633 21.8337 12.6939 88.944 318.274 91.406
20000000000065 491154800640 119.653 3.8117 13.4335 10.7467 3.8030 13.4318 10.7495 1.723 -256.633 31.079
20000000000067 481711685632 118.888 16.7374 21.3461 13.7957 16.7215 21.3482 13.8074 -96.207 -175.535 -217.468
20000000000054 479445188608 118.695 9.6381 2.9433 13.7856 9.6529 2.9550 13.7641 -37.584 60.370 136.424
20000000000018 471239327744 118.016 12.8810 7.7635 4.7500 12.8204 7.6984 4.7529 338.180 -483.848 178.129
20000000000063 452293591040 116.410 5.2760 21.3454 13.7395 5.2822 21.3470 13.7418 46.414 16.400 -35.795
20000000000064 443382824960 115.643 2.6034 13.3586 10.7048 2.6030 13.3565 10.6984 315.990 297.058 -163.714
20000100000001 438660431872 115.228 19.7376 3.9829 17.3170 19.7348 3.9907 17.3258 6.141 -146.490 -51.215
20000100000010 434953617408 114.906 6.4414 4.3586 13.7574 6.4277 4.3603 13.7530 12.136 -42.311 -183.200
20000000000058 430703738880 114.530 3.6794 20.6448 13.8775 3.6685 20.6162 13.8544 395.256 -659.129 668.122
20000100000005 421838258176 113.738 14.7230 16.8671 18.9976 14.7175 16.8718 18.9951 -159.126 -281.447 113.285
20000100000011 417114882048 113.311 7.5885 23.3708 9.0253 7.5831 23.3771 9.0276 -194.914 207.194 -271.228
20000100000000 413436903424 112.978 13.0163 11.2699 15.3802 13.0168 11.2741 15.3846 145.113 22.366 6.935
20000000000041 412207710208 112.869 16.6390 12.5100 9.2843 16.6097 12.5357 9.2873 86.807 283.390 -424.545
20000000000071 412003598336 112.848 21.3807 18.0600 18.5433 21.3881 18.0592 18.5434 61.527 -239.244 -398.692
20000100000002 409758990336 112.641 15.7807 23.6989 17.3625 15.7820 23.7013 17.3653 127.043 -40.469 -245.585
20000100000007 407843045376 112.469 21.7945 10.8314 22.4503 21.8114 10.8317 22.4513 51.319 37.151 -358.951
20000100000013 402862866432 112.008 9.6291 16.6988 24.9833 9.6343 16.6941 24.9905 169.892 64.421 27.556
20000000000070 391931166720 110.984 8.3744 11.3819 2.7323 8.3714 11.3801 2.7458 340.794 -334.797 130.966
20000100000009 388314791936 110.642 5.8349 11.3237 9.4931 5.8393 11.3211 9.4969 -81.570 -103.032 -77.425
20000100000008 387980361728 110.609 18.1331 20.2501 14.8535 18.1287 20.2529 14.8467 -153.105 -0.049 -256.239
20000000000066 387033432064 110.519 21.7199 19.4162 15.0392 21.7331 19.4045 15.0287 -390.129 -285.484 -278.129
20000000000068 383884820480 110.218 5.4331 12.3567 9.8838 5.4170 12.3464 9.8794 -77.344 125.412 56.389
20000100000003 376920309760 109.549 10.5811 4.0570 11.8928 10.5767 4.0512 11.8881 -163.913 -47.839 14.972
20000100000018 374715809792 109.334 8.9828 18.6234 19.2540 8.9829 18.6225 19.2566 19.526 -7.495 24.067
20000100000016 370066882560 108.878 2.7158 20.3768 14.1270 2.7171 20.3743 14.1291 -42.694 -26.630 -86.941
20000100000012 369370759168 108.812 14.3190 13.0900 11.8141 14.3329 13.0665 11.8276 176.462 -141.177 -474.833
20000100000023 360168685568 107.901 24.8223 22.0514 20.2726 24.8201 22.0625 20.2777 168.813 -38.439 -32.775
20000100000019 351631441920 107.041 24.8240 16.9372 0.0207 24.8145 16.9365 0.0190 113.519 12.016 -95.423
20000100000024 347796602880 106.652 20.2576 18.7958 14.4738 20.2604 18.7945 14.4733 -154.456 -231.388 -246.947
20000100000006 347575615488 106.627 4.8524 20.8444 14.5812 4.8620 20.8516 14.5749 31.491 -86.441 -59.486
20000100000028 340787560448 105.927 11.7736 4.7836 10.5920 11.7816 4.7831 10.5996 30.397 84.061 41.444
20000100000029 327917830144 104.579 19.7885 15.7505 12.3000 19.7890 15.7516 12.2920 57.447 134.944 207.130
20000100000025 327412350976 104.529 6.7325 2.3410 9.4447 6.7315 2.3413 9.4400 8.031 1.991 0.729
20000100000020 325738561536 104.346 6.3757 1.3779 9.6197 6.3699 1.3757 9.6200 -41.493 50.144 -279.004
20000100000015 325435031552 104.317 12.2535 20.7508 9.9760 12.2356 20.7518 10.0078 12.741 -17.464 -19.335
20000000000055 323760488448 104.138 23.8920 23.0851 18.7370 23.8724 23.0824 18.7561 41.320 -112.510 254.055
20000100000004 309594750976 102.593 13.0138 5.1995 2.1573 13.0025 5.2068 2.1849 -81.644 -121.606 -65.718
20000100000030 306328567808 102.233 6.0938 21.5727 13.3156 6.1047 21.5814 13.3219 158.375 -174.862 1.041
20000100000021 305232150528 102.110 0.7711 21.7556 19.6399 0.7761 21.7565 19.6414 -29.810 7.051 20.990
20000100000027 303005630464 101.864 12.6313 5.3269 11.7120 12.6333 5.3266 11.7035 -7.088 -17.769 -24.414
20000100000033 301037879296 101.639 1.0535 16.8494 22.1342 1.0510 16.8528 22.1298 -35.898 24.937 21.695
20000100000022 295927185408 101.061 11.1733 7.2267 11.9222 11.1845 7.2110 11.9230 -65.355 -92.792 20.260
20000100000014 293794611200 100.820 13.7686 10.4995 7.6748 13.7519 10.4937 7.6605 -70.616 176.129 73.300
20000100000041 290963259392 100.494 8.4240 3.3946 13.4977 8.4222 3.4007 13.4942 110.198 241.257 -86.022
20000100000034 290241576960 100.412 6.8247 10.1964 6.4798 6.8277 10.1987 6.4624 -152.213 174.799 -51.514
20000100000036 284906323968 99.793 15.2503 3.5003 5.8220 15.2452 3.5089 5.8383 -75.614 -51.228 -25.407
20000100000038 284787048448 99.778 2.3099 22.1713 15.7485 2.3032 22.1668 15.7607 2.391 -196.642 193.788
20000100000044 280052858880 99.221 9.9583 9.5478 13.3794 9.9502 9.5504 13.3719 48.030 55.922 8.772
20000100000037 279130177536 99.113 9.2180 17.8597 22.7936 9.2250 17.8531 22.7859 -45.162 -287.052 -86.557
20000100000040 278124855296 98.996 11.7133 3.7138 8.8836 11.7158 3.7214 8.8747 -11.075 11.546 -1.515
20000100000031 277196570624 98.885 14.9317 13.9107 24.2817 14.9358 13.9173 24.2799 -246.627 32.844 45.640
20000100000039 272883236864 98.370 17.9211 12.9364 10.1250 17.9225 12.9353 10.1262 -52.764 -20.601 49.912
20000100000045 272613474304 98.337 3.5051 6.6389 14.5534 3.5004 6.6348 14.5471 156.051 -5.598 162.867
20000100000043 268640993280 97.855 15.8961 14.5597 20.0946 15.8955 14.5662 20.0882 -14.288 -120.726 39.343
20000100000032 265854058496 97.518 6.9229 1.9683 13.9912 6.9262 1.9761 14.0001 221.637 -95.124 -72.220
20000100000042 258007465984 96.545 14.6679 13.2870 0.7538 14.6495 13.3137 0.7665 751.474 552.418 -374.090
20000100000035 255761776640 96.269 5.7758 14.6549 12.9543 5.7566 14.6408 12.9463 -23.550 86.153 29.187
20000100000051 250814414848 95.640 10.9512 18.4119 1.8020 10.9520 18.4131 1.7999 215.684 -145.345 -53.326
20000100000017 247812767744 95.261 20.6160 19.0199 17.7147 20.6070 19.0333 17.7042 -9.425 -39.922 -43.614
20000100000055 246313517056 95.063 12.7959 10.8832 12.0681 12.7942 10.8880 12.0705 226.267 121.053 -200.026
20000100000046 245205188608 94.923 6.4010 23.7818 12.5778 6.3935 23.7898 12.5724 8.757 -4.434 43.772
20000100000060 237888094208 93.968 6.6375 21.7254 18.8399 6.6341 21.7259 18.8485 -2.851 -122.973 89.724
20000100000056 230877478912 93.038 8.3570 20.0590 21.4200 8.3570 20.0553 21.4199 41.260 4.621 -44.892
20000100000064 220770582528 91.658 16.3789 11.2444 9.8664 16.3763 11.2455 9.8643 -15.051 40.609 93.704
20000100000052 219714273280 91.513 12.2945 1.4304 15.7241 12.2965 1.4390 15.7245 34.936 4.401 518.462
20000100000054 219548303360 91.489 15.1171 13.5447 11.3295 15.1053 13.5435 11.3322 154.104 29.000 -12.739
20000100000065 217714311168 91.233 8.9857 13.2080 14.5653 8.9808 13.2079 14.5633 31.770 23.424 -55.620
20000100000047 216355323904 91.044 7.3280 21.9980 12.8925 7.3330 22.0075 12.8857 131.823 48.531 -12.788
20000100000053 213345894400 90.618 17.7548 0.2421 5.4431 17.7579 0.2476 5.4412 -27.681 4.672 20.417
20000100000049 212940881920 90.562 13.7751 9.1641 8.7000 13.7762 9.1681 8.7138 177.695 53.339 -33.100
20000100000059 212239728640 90.464 6.5210 0.5100 9.9610 6.5190 0.5126 9.9586 2.706 237.266 55.708
20000100000066 211876921344 90.410 23.7395 15.7587 2.4350 23.7430 15.7687 2.4502 -186.487 -171.546 -24.300
20000100000057 211510509568 90.362 7.0612 6.4611 8.4317 7.0598 6.4603 8.4274 -63.378 -22.443 48.348
20000100000071 211343327232 90.336 6.3231 19.2912 19.3870 6.3207 19.2940 19.3921 -20.299 -15.873 -5.009
20000200000001 209892360192 90.126 0.4547 6.9868 13.6146 0.4430 6.9856 13.6139 -34.431 160.671 98.600
20000100000062 206270152704 89.608 23.0784 20.3244 19.3608 23.0773 20.3160 19.3527 12.103 47.526 -17.844
20000100000026 204304465920 89.321 13.4889 21.2549 23.7105 13.4869 21.2552 23.6950 82.079 2.138 -32.692
20000100000070 203037933568 89.134 6.1066 20.0384 19.5309 6.1033 20.0418 19.5351 135.772 18.163 -54.597
20000100000058 200917745664 88.823 11.2173 19.0120 17.1773 11.2370 19.0177 17.1816 100.189 573.069 -340.431
20000200000007 196562649088 88.177 22.2537 16.6270 12.6511 22.2515 16.6312 12.6487 -33.030 -63.776 -153.710
20000200000000 196330012672 88.145 18.2816 18.5276 13.7975 18.2830 18.5297 13.7938 7.119 11.287 -34.772
20000100000050 190782357504 87.306 10.1166 3.6424 12.7206 10.1218 3.6260 12.6988 44.248 -127.201 100.547
20000200000014 189167403008 87.059 16.0543 11.2087 3.8875 16.0436 11.2174 3.8607 79.454 -840.939 -224.407
20000200000002 188818587648 87.003 15.5470 10.1567 9.6704 15.5317 10.1600 9.6619 -142.734 167.536 189.141
20000100000048 185628377088 86.514 17.0258 1.4853 18.9217 17.0345 1.4853 18.9333 56.238 -39.607 -10.972
20000200000008 175822471168 84.962 16.4771 16.6630 10.1078 16.4848 16.6586 10.1013 -40.643 -65.524 104.455
20000200000003 174998241280 84.828 15.1547 8.0733 1.9319 15.1466 8.0719 1.9315 -21.596 18.032 -27.702
20000200000004 174247264256 84.709 13.5137 7.0882 3.0657 13.5186 7.0967 3.0873 142.536 69.486 -65.936
20000100000061 172641796096 84.444 10.0366 17.7710 21.8174 10.0292 17.7686 21.7938 -150.716 534.839 -174.668
20000200000024 171994578944 84.338 4.3478 18.2088 1.5956 4.3454 18.2236 1.6064 67.146 35.252 -17.213
20000200000023 169183084544 83.880 15.3431 11.8265 6.2837 15.3408 11.8243 6.2818 -1.475 -47.126 43.258
20000200000015 169141813248 83.870 7.1639 10.3288 5.9482 7.1644 10.3293 5.9463 -209.659 -52.548 28.990
20000100000068 169060909056 83.857 1.3377 22.0220 17.9548 1.3340 22.0170 17.9486 -62.867 -0.693 -3.759
20000200000019 168539537408 83.769 15.4230 15.6894 19.6198 15.4209 15.6833 19.6175 -134.046 -18.479 144.035
20000000000069 166455689216 83.422 6.4503 1.0270 14.1363 6.4585 1.0323 14.1378 14.705 -33.321 -35.630
20000200000017 161392672768 82.572 15.6201 15.4228 8.8842 15.6179 15.4370 8.8658 -190.012 104.577 156.012
20000200000012 161236779008 82.542 10.2670 14.2124 6.0880 10.2658 14.2000 6.0677 92.325 -214.224 154.407
20000200000029 158717689856 82.110 17.0016 19.2048 14.0819 16.9999 19.2096 14.0839 -17.978 2.392 -7.431
20000200000005 156574695424 81.741 11.2267 17.5161 20.8363 11.2350 17.4949 20.8300 -181.198 -75.106 -142.900
20000000000049 156305686528 81.694 15.5656 8.2670 0.6807 15.6240 8.2444 0.6306 269.089 1863.413 -578.592
20000200000009 156131672064 81.663 7.1797 13.2955 13.9413 7.1825 13.2908 13.9380 -15.122 33.737 -42.090
20000100000067 154581254144 81.391 2.4034 16.5872 7.7569 2.4118 16.6027 7.7375 -131.977 -71.645 -217.143
20000200000016 154378584064 81.355 23.2487 2.5999 15.3569 23.2510 2.5948 15.3555 -5.735 -14.419 22.519
20000200000020 152337645568 80.995 7.6708 1.7720 13.8305 7.6726 1.7571 13.8236 30.127 0.449 -189.616
20000200000027 151923310592 80.923 18.2184 19.0647 11.7547 18.2214 19.0655 11.7480 51.566 -15.765 -16.152
20000200000013 151785537536 80.898 3.4068 13.8046 11.5895 3.4154 13.8064 11.5913 -34.223 33.121 34.214
20000200000040 151480827904 80.842 14.3129 1.6484 10.3456 14.3039 1.6505 10.3495 -72.299 0.492 -31.397
20000200000006 148755038208 80.356 8.1583 14.9735 13.1705 8.1598 14.9640 13.1675 42.036 13.226 33.398
20000200000041 143956852736 79.485 11.3295 16.7469 22.0466 11.3260 16.7447 22.0488 -8.021 16.275 -5.317
20000200000034 143707750400 79.436 11.6802 20.5631 13.6945 11.6757 20.5649 13.6936 64.967 60.717 4.164
20000200000026 143504588800 79.399 8.2671 13.0322 4.2630 8.2743 13.0274 4.2685 -65.802 -38.941 92.346
20000200000035 142763687936 79.261 8.6109 17.8586 7.2560 8.6038 17.8589 7.2666 -46.115 -26.988 -52.214
20000200000022 142211383296 79.161 10.4941 16.3696 2.7043 10.5022 16.3626 2.7028 -107.483 -100.953 131.959
20000200000021 142103920640 79.140 8.4564 19.2232 18.8662 8.4650 19.2268 18.8553 36.365 22.011 -13.738
20000200000038 142005485568 79.123 10.5462 17.2812 2.4824 10.5386 17.2812 2.4805 -45.185 69.576 -30.974
20000200000011 140753043456 78.890 15.2546 11.7218 8.3606 15.2665 11.7164 8.3599 32.920 67.269 -118.535
20000200000028 140556713984 78.852 18.7150 11.3706 19.2702 18.7163 11.3716 19.2716 44.992 34.541 44.780
20000200000032 139753144320 78.703 17.3433 23.3334 17.5915 17.3395 23.3365 17.5869 45.942 37.001 -15.991
20000200000037 138552934400 78.476 17.8286 24.0552 18.9492 17.8286 24.0512 18.9524 64.700 35.230 -138.450
20000200000045 138530422784 78.473 17.7639 3.5252 20.1932 17.7616 3.5258 20.1964 11.062 46.940 -21.333
20000200000039 132155539456 77.247 11.7462 6.0788 12.7591 11.7567 6.0770 12.7552 13.139 30.667 16.949
20000200000063 131615588352 77.142 17.5228 17.6212 13.1635 17.5220 17.6204 13.1651 -10.991 -2.424 -5.426
20000200000057 130013544448 76.826 9.9364 19.2870 22.9110 9.9355 19.2868 22.9083 -0.082 -21.796 29.501
20000200000067 127068487680 76.245 12.3306 15.0156 21.2504 12.3370 15.0139 21.2439 10.143 -194.249 53.755
20000200000044 125535199232 75.934 2.9833 11.6192 11.7417 2.9772 11.6244 11.7413 7.508 -13.551 27.145
20000200000051 125240377344 75.877 2.0763 18.7528 4.5251 2.0760 18.7504 4.5220 24.393 5.980 -1.597
20000200000033 125087784960 75.846 18.8631 12.1753 19.4100 18.8591 12.1803 19.4215 15.512 -8.281 8.455
20000100000069 124774793216 75.784 10.9626 18.2531 3.6034 10.9572 18.2668 3.5916 42.338 -56.219 -95.543
20000200000049 124713852928 75.769 21.5535 9.8936 16.3024 21.5531 9.8874 16.2830 97.127 -176.236 12.155
20000200000052 124569165824 75.738 21.0373 6.9861 13.2903 21.0349 6.9983 13.2906 -10.601 -58.595 175.686
20000200000030 122090045440 75.237 0.1762 13.5867 8.8801 0.1770 13.5737 8.8813 22.051 34.970 -141.128
20000200000062 121642860544 75.141 2.1481 22.6831 16.5761 2.1480 22.6783 16.5764 -2.529 -2.790 -1.469
20000200000056 121612828672 75.137 5.3044 22.3285 11.6882 5.3024 22.3286 11.6893 50.955 17.749 -56.684
20000200000048 121427402752 75.099 11.1421 7.8390 4.9201 11.1354 7.8403 4.9088 21.908 12.300 -14.798
20000200000060 119585669120 74.715 19.0142 3.1798 17.9024 19.0108 3.1806 17.9019 -8.749 -22.455 -6.291
20000200000059 119126138880 74.620 0.2652 23.0094 20.7351 0.2626 23.0053 20.7388 9.439 20.376 -80.873
20000200000031 118538395648 74.496 9.3729 18.5357 19.0111 9.3814 18.5271 19.0084 -37.664 -21.049 -34.569
20000200000068 117801271296 74.342 1.3033 11.1446 21.5050 1.2980 11.1484 21.5046 15.763 0.525 -8.206
20000200000065 117785395200 74.339 1.4713 9.8502 7.6440 1.4912 9.8349 7.6428 -66.831 -82.668 -63.028
20000200000071 117628510208 74.307 23.3187 18.3029 19.0708 23.3193 18.3022 19.0670 66.235 23.990 -11.184
20000200000053 117496864768 74.279 4.4109 23.3843 16.8152 4.4256 23.3961 16.8202 58.766 -90.820 25.622
20000200000050 116216324096 74.008 12.8418 6.4154 3.6535 12.8417 6.4065 3.6540 -46.110 -8.747 21.826
20000200000054 115988398080 73.958 18.5790 21.8446 15.4964 18.5688 21.8571 15.4869 16.667 -18.936 -55.544
20000200000043 114344460288 73.610 14.1350 8.3251 3.3262 14.0908 8.3297 3.2982 -460.548 -1836.073 463.397
20000200000058 114210054144 73.579 8.7798 21.9979 12.7689 8.7813 21.9969 12.7693 27.339 -64.665 -12.331
20000300000012 114157035520 73.567 20.9020 21.1653 16.2518 20.9012 21.1645 16.2523 25.858 9.204 -57.808
20000200000066 114014461952 73.539 11.0072 10.5973 10.8602 11.0070 10.5961 10.8624 9.843 -6.729 29.721
20000200000036 113875025920 73.508 7.9170 21.2829 22.7355 7.9197 21.2818 22.7263 -24.566 -25.074 -1.202
20000200000061 110852153344 72.853 6.1753 23.8664 9.7814 6.1732 23.8649 9.7812 -52.512 16.825 -17.998
20000200000046 108049563648 72.232 13.8638 9.9658 8.6226 13.8605 9.9495 8.6284 80.430 -20.275 12.127
20000300000023 107989942272 72.219 21.7638 20.0708 18.6537 21.7683 20.0753 18.6540 9.825 40.087 -65.692
20000300000001 106730258432 71.939 4.7609 23.4736 11.0700 4.7612 23.4732 11.0673 -15.795 2.456 12.251
20000200000047 106670923776 71.923 3.3338 22.9742 16.3636 3.3387 22.9839 16.3619 -33.112 40.258 -5.287
20000200000069 106201333760 71.818 13.0430 10.8060 13.9924 13.0327 10.8033 13.9992 -12.520 23.148 -21.446
20000300000021 106191396864 71.816 11.8767 19.9720 10.8068 11.8729 19.9740 10.8100 61.109 155.039 -84.202
20000300000026 103956676608 71.309 9.5417 20.5436 11.9884 9.5399 20.5443 11.9892 -81.372 105.998 -53.002
20000300000019 103612932096 71.229 3.4337 21.0339 19.0944 3.4361 21.0390 19.0859 80.628 9.729 36.051
20000300000006 102729293824 71.025 13.9515 24.7915 22.4337 13.9381 24.7863 22.4284 -18.372 -2.006 101.387
20000300000020 102247202816 70.915 24.3511 18.1874 2.0274 24.3507 18.1859 2.0277 -33.770 -12.039 -13.098
20000300000008 101970550784 70.850 24.1316 4.7460 15.0578 24.1263 4.7437 15.0552 19.381 -5.760 -27.524
20000200000064 101956288512 70.851 16.9359 1.2321 22.9427 16.9333 1.2315 22.9382 -137.557 1.081 72.809
20000200000018 101626970112 70.774 10.9798 18.9664 4.1238 10.9712 18.9916 4.1240 -133.641 -150.768 -152.194
20000300000013 101414445056 70.725 15.4140 11.9488 0.2996 15.4081 11.9538 0.2996 -168.253 8.308 125.183
20000300000018 100628439040 70.541 3.6261 20.9615 14.2473 3.6088 20.9567 14.2456 47.579 -97.547 -136.282
20000300000017 100020797440 70.397 1.7879 13.3234 13.7558 1.7855 13.3298 13.7569 4.426 -0.296 13.582
20000300000011 99589128192 70.295 14.4823 20.8980 15.6264 14.4869 20.9011 15.6246 70.202 89.779 -5.398
20000300000031 99197804544 70.202 17.6000 22.8757 17.3063 17.6014 22.8764 17.3092 -59.863 -59.293 101.820
20000300000022 99032801280 70.166 6.6958 10.5014 8.8590 6.6991 10.4976 8.8563 3.461 -13.041 -55.015
20000300000027 98997018624 70.155 5.7973 22.1791 8.5290 5.7913 22.1687 8.5231 -84.760 47.721 -8.050
20000300000002 98804727808 70.111 24.8511 16.9720 24.1372 24.8431 16.9744 24.1385 -0.358 -143.342 -31.339
20000300000007 98795462656 70.108 4.7974 11.6565 23.1556 4.7939 11.6553 23.1630 -80.969 -57.778 22.512
20000300000029 98775228416 70.103 15.1246 2.8490 11.3359 15.1256 2.8491 11.3358 1.957 4.375 15.436
20000300000040 98551873536 70.053 12.6190 17.0784 7.5175 12.6207 17.0748 7.5160 7.497 -2.502 8.509
20000300000005 98417664000 70.020 17.0882 12.3723 10.1050 17.0935 12.3691 10.0844 297.111 -199.724 99.878
20000300000016 97353809920 69.766 6.0500 22.0650 18.5126 6.0424 22.0617 18.5119 31.581 -52.388 103.117
20000300000000 96101564416 69.468 6.6779 19.7031 10.9325 6.6770 19.7200 10.9238 43.448 41.509 45.190
20000200000055 96029990912 69.449 7.6121 1.0208 13.5566 7.6142 1.0373 13.5671 43.281 -118.535 86.582
20000200000070 94294556672 69.025 4.4150 21.5256 14.8644 4.4200 21.5197 14.8613 -11.012 -3.609 -17.256
20000300000014 94079500288 68.973 17.0114 23.9115 7.3757 17.0134 23.9034 7.3892 -58.585 -47.384 9.883
20000300000051 92395028480 68.563 15.5219 13.8634 11.3355 15.5219 13.8661 11.3402 -7.696 5.240 18.317
20000300000010 92298371072 68.538 2.4310 14.0738 13.5183 2.4331 14.0766 13.5151 -72.229 -14.672 -5.165
20000300000004 92089016320 68.483 15.2611 15.8388 12.4699 15.2710 15.8442 12.4655 -29.507 17.666 -10.592
20000300000036 91803811840 68.415 5.6676 12.4264 15.1939 5.6730 12.4245 15.1887 -13.987 11.884 -14.024
20000300000032 91236794368 68.274 24.8881 16.8055 1.1963 24.8858 16.8058 1.1972 -73.885 -26.746 21.917
20000300000024 90999463936 68.214 11.3801 19.9155 8.8121 11.3767 19.9131 8.8089 27.567 -19.905 -5.887
20000300000030 90667122688 68.132 21.9549 23.5590 15.4670 21.9525 23.5629 15.4597 -18.332 -9.224 -2.334
20000300000003 90491469824 68.086 11.5083 3.6347 9.3219 11.5127 3.6336 9.3149 2.592 5.113 -54.258
20000300000009 89739665408 67.897 16.3191 10.6926 24.1211 16.3202 10.6832 24.1268 -59.428 73.005 94.525
20000300000056 87505133568 67.328 11.1191 1.6408 15.1481 11.1223 1.6468 15.1527 8.241 -12.943 4.683
20000300000061 87351377920 67.289 15.7326 4.6508 1.1899 15.7298 4.6555 1.1891 44.123 12.534 -4.889
20000300000053 86355976192 67.033 16.3098 8.1058 24.8341 16.2854 8.0963 24.8436 -6.001 15.759 43.740
20000300000038 86113173504 66.971 8.0119 18.3898 3.9800 8.0100 18.3836 3.9869 62.810 -0.712 32.059
20000300000028 85779030016 66.883 24.0183 20.3208 18.1841 24.0200 20.3032 18.1844 8.799 -10.168 61.766
20000300000025 85164515328 66.722 17.8201 1.6619 18.4817 17.8179 1.6764 18.4819 -64.846 -18.141 -175.678
20000300000059 84337532928 66.509 4.2311 9.0663 6.9983 4.2456 9.0673 6.9960 -19.953 -102.033 -167.969
20000300000068 84209377280 66.475 1.5771 3.7373 20.0402 1.5772 3.7451 20.0397 -16.101 -13.549 -11.495
20000300000037 84201529344 66.472 17.4868 1.1257 18.3747 17.4803 1.1276 18.3683 -8.298 -50.292 15.329
20000300000063 83722543104 66.344 15.6531 2.0826 12.4267 15.6498 2.0789 12.4273 2.195 -37.991 -48.076
20000400000003 83690422272 66.336 23.0698 7.5022 23.0917 23.0656 7.5060 23.0912 12.999 3.014 -16.430
20000300000043 83029106688 66.160 10.7217 5.2662 7.7679 10.7175 5.2672 7.7636 10.011 -14.407 -29.821
20000300000034 82295955456 65.965 15.1851 12.8347 8.4774 15.1851 12.8337 8.4790 12.412 32.283 -7.777
20000300000055 82095767552 65.912 11.6404 18.2410 19.1373 11.6430 18.2403 19.1389 23.089 68.672 67.551
20000300000052 81264541696 65.688 21.6882 8.9818 16.0993 21.6889 8.9871 16.1012 54.190 -30.866 122.125
20000300000045 81159806976 65.661 3.6875 12.0476 11.1202 3.6799 12.0521 11.1151 -33.187 33.273 -0.223
20000300000049 81097867264 65.645 5.6251 14.6691 12.1075 5.6228 14.6668 12.1140 -9.564 -13.746 -8.447
20000300000058 80969859072 65.608 6.5198 10.0713 7.1783 6.5194 10.0742 7.1746 17.081 -6.054 -5.276
20000300000015 79527624704 65.218 14.2604 11.0795 7.4514 14.2649 11.0730 7.4559 54.518 -58.484 -109.364
20000300000044 79027445760 65.083 15.3353 7.9217 1.1349 15.3337 7.9273 1.1353 -12.930 0.524 25.871
20000400000016 78630445056 64.970 23.0257 23.2308 17.2631 23.0244 23.2332 17.2646 18.934 4.255 17.178
20000200000042 78388609024 64.905 7.1531 12.7247 6.3977 7.1673 12.7400 6.3876 20.211 66.739 85.135
20000400000013 77374234624 64.625 18.6384 16.4324 12.3248 18.6400 16.4260 12.3196 -78.452 -69.342 24.583
20000400000014 76837027840 64.475 2.3968 23.8815 11.1247 2.3932 23.8852 11.1279 8.129 65.276 -15.660
20000300000067 76581552128 64.400 10.1520 2.0956 14.3190 10.1515 2.0918 14.3148 14.957 81.426 -30.778
20000400000006 76554592256 64.393 2.8263 21.0470 23.0497 2.8246 21.0477 23.0513 34.605 30.592 2.760
20000400000004 75481726976 64.092 12.3488 8.4497 8.4109 12.3469 8.4562 8.4112 2.296 8.961 -7.210
20000400000025 74851573760 63.915 4.8987 11.2706 10.4724 4.8993 11.2709 10.4728 50.659 -20.285 21.495
20000300000050 74806116352 63.901 20.2826 12.0449 12.9504 20.2729 12.0413 12.9579 3.796 -28.928 0.666
20000300000046 74082172928 63.695 19.6545 12.7084 21.6927 19.6488 12.6969 21.7101 -4.693 -53.853 -40.155
20000300000048 73985212416 63.667 19.3206 11.7276 18.2058 19.3242 11.7177 18.2139 -48.171 26.902 55.579
20000400000001 73978544128 63.666 1.7332 3.1648 19.9147 1.7271 3.1675 19.9182 -16.870 25.588 -42.799
20000300000064 73890562048 63.640 2.6351 12.5061 22.3809 2.6226 12.4984 22.4061 -151.407 -118.075 -60.703
20000400000019 73766240256 63.602 7.8168 17.4622 8.9636 7.8167 17.4600 8.9634 -37.442 -35.174 -30.459
20000400000002 73695608832 63.584 15.2348 2.4181 0.0290 15.2369 2.4205 0.0305 4.070 22.642 -15.577
20000300000062 73504612352 63.529 7.7484 4.3149 10.3678 7.7537 4.3096 10.3622 -17.773 -18.049 13.024
20000300000065 73171247104 63.433 7.0754 6.1073 8.3641 7.0761 6.1029 8.3695 10.696 9.046 50.349
20000400000055 72334721024 63.189 10.8272 19.2506 22.3743 10.8300 19.2454 22.3847 112.263 68.390 -27.579
20000300000057 72314642432 63.184 18.1918 19.8667 14.7848 18.1874 19.8700 14.7888 43.804 -49.026 -37.835
20000400000026 72184184832 63.146 8.9824 16.4514 15.1402 8.9658 16.4454 15.1516 208.525 -52.859 224.037
20000400000039 72107204608 63.124 14.7717 9.4843 9.6130 14.7713 9.4825 9.6115 59.607 -6.140 -31.401
20000400000047 71164903424 62.847 19.8286 23.8490 0.5817 19.8265 23.8502 0.5828 -28.204 9.391 3.145
20000400000015 71054925824 62.814 6.6088 9.6297 7.7685 6.6063 9.6248 7.7675 1.215 36.173 -24.294
20000400000046 70770212864 62.728 18.3677 6.1405 17.0419 18.3794 6.1420 17.0278 70.125 95.194 42.479
20000400000048 70737469440 62.719 19.4047 12.7135 18.1492 19.4031 12.7089 18.1458 41.940 -18.192 -20.457
20000400000054 70340804608 62.603 6.9259 12.1035 23.2280 6.9368 12.1002 23.2275 45.209 15.982 31.081
20000300000035 70284754944 62.584 20.9992 16.7160 12.6896 20.9949 16.7076 12.6898 -87.554 65.071 -84.657
20000400000031 70033072128 62.510 3.9649 21.7005 6.0317 3.9607 21.6994 6.0365 21.100 -9.978 -5.744
20000400000034 69968961536 62.491 15.1548 22.4035 5.4107 15.1534 22.4047 5.4097 -64.048 72.530 68.780
20000400000045 69366366208 62.315 21.3135 11.3132 16.7238 21.3099 11.3101 16.7258 2.043 3.726 10.676
20000400000058 69187420160 62.261 16.4605 8.3543 0.3815 16.4598 8.3528 0.3852 -56.314 102.530 14.840
20000400000033 68903690240 62.173 6.1322 11.6294 9.7247 6.1304 11.6281 9.7235 -22.654 -15.008 -6.304
20000400000020 68811300864 62.148 16.3871 9.0697 15.0569 16.3917 9.0737 15.0588 -28.404 49.662 5.926
20000400000017 68571828224 62.074 15.8061 9.7488 10.6225 15.8095 9.7556 10.6126 4.117 13.531 -2.457
20000300000041 68260065280 61.978 19.0846 19.6550 14.7795 19.0786 19.6486 14.7777 32.459 12.009 -30.370
20000400000032 67546152960 61.764 6.9400 15.9145 9.7926 6.9447 15.9129 9.7886 -42.793 -61.307 10.881
20000400000008 67359203328 61.706 14.9352 1.3705 10.1252 14.9491 1.3623 10.1255 -24.937 -24.752 11.737
20000300000071 66812477440 61.537 7.2373 1.8004 13.7131 7.2451 1.7952 13.7182 102.151 216.607 3.229
20000400000061 66674548736 61.497 20.7149 23.3166 19.4218 20.7131 23.3126 19.4239 -3.563 6.515 6.654
20000400000028 66350403584 61.396 15.9654 24.5411 8.2893 15.9589 24.5405 8.2899 49.328 -42.722 -73.151
20000400000052 65820704768 61.234 6.2038 14.5594 10.2690 6.2045 14.5612 10.2689 -13.203 -26.390 -13.324
20000400000060 65773182976 61.216 12.6522 10.0439 13.5832 12.6525 10.0423 13.5825 21.831 -13.202 -3.568
20000500000010 65049284608 60.991 1.3960 1.8555 19.5752 1.3915 1.8530 19.5789 -9.547 0.699 11.394
20000300000033 64943222784 60.958 15.3668 2.8525 23.3643 15.3661 2.8550 23.3537 -63.659 61.435 61.246
20000500000016 64889180160 60.940 3.0531 19.3182 4.7580 3.0570 19.3204 4.7532 -47.265 3.887 13.559
20000500000020 64646397952 60.865 0.3717 14.5087 12.4397 0.3751 14.5097 12.4369 15.653 -28.976 17.809
20000400000018 64616456192 60.855 24.3403 6.9733 17.1952 24.3367 6.9714 17.1888 -24.409 21.339 17.685
20000400000051 64375218176 60.781 24.7014 18.0029 3.1400 24.6926 18.0063 3.1303 9.943 54.852 -25.485
20000400000065 64262991872 60.744 16.9746 21.6534 12.9040 16.9792 21.6552 12.9097 -17.651 36.114 22.614
20000500000002 63882174464 60.624 4.9992 24.4780 3.0899 5.0023 24.4721 3.1013 -88.031 17.977 35.282
20000400000050 63868690432 60.622 24.1974 22.8152 19.9742 24.1955 22.8142 19.9785 -17.028 17.439 1.171
20000400000007 63861547008 60.619 9.0204 3.4509 4.0196 9.0199 3.4337 3.9983 -73.953 10.759 -30.081
20000300000070 63792320512 60.595 0.7449 13.3310 9.2169 0.7653 13.3237 9.2212 -36.979 -59.505 -21.547
20000400000057 63550550016 60.518 13.3936 23.7214 9.3965 13.3850 23.7149 9.3958 34.733 -57.620 -12.872
20000400000038 62826762240 60.291 12.4666 16.2129 17.2492 12.4805 16.2132 17.2626 -0.636 191.192 -0.884
20000400000041 62821109760 60.289 3.1045 1.1325 6.8857 3.1014 1.1442 6.8936 -51.436 -34.260 48.437
20000500000001 62809473024 60.283 0.7624 22.6920 18.3362 0.7619 22.6944 18.3342 -2.530 11.996 12.745
20000400000042 62722670592 60.257 14.7120 8.2913 1.7922 14.7096 8.2985 1.7862 -52.581 -25.020 16.783
20000500000009 62658834432 60.236 10.0587 18.3073 24.9738 10.0611 18.3022 24.9730 1.440 7.789 -22.067
20000400000035 62513885184 60.189 20.2818 16.7700 12.7091 20.2848 16.7656 12.7102 15.420 -0.222 -13.498
20000400000064 62510776320 60.189 24.8471 17.8827 3.8167 24.8487 17.8882 3.8091 27.570 -39.144 -1.570
20000400000036 62479077376 60.179 21.8874 18.0379 18.8775 21.8867 18.0479 18.8746 -49.560 10.096 -30.124
20000500000030 61743980544 59.939 1.7665 20.6620 6.4512 1.7618 20.6623 6.4504 25.095 -15.291 -7.705
20000500000007 61653045248 59.914 1.2498 4.4155 20.0636 1.2518 4.4154 20.0615 2.515 -5.938 53.015
20000400000062 61545435136 59.877 21.1201 9.7643 15.4420 21.1252 9.7571 15.4340 -4.017 20.065 3.187
20000300000054 61475233792 59.854 12.6288 6.1318 10.7097 12.6260 6.1224 10.7032 -8.051 8.746 -24.829
20000500000011 61368561664 59.821 12.4377 20.5053 8.9847 12.4388 20.5051 8.9811 -33.578 47.101 -40.675
20000400000069 60551491584 59.555 0.3837 6.6473 14.8143 0.3838 6.6485 14.8139 34.644 -11.732 -7.317
20000500000028 60002942976 59.373 11.3982 11.0472 15.0294 11.3999 11.0486 15.0406 67.773 59.152 -4.910
20000500000018 59496394752 59.204 17.4448 8.8603 3.7439 17.4462 8.8573 3.7476 -2.994 -27.196 -24.954
20000500000006 59406561280 59.174 20.5281 14.1457 20.7349 20.5368 14.1481 20.7374 39.761 38.144 -60.321
20000500000023 58577756160 58.899 16.6543 8.9704 13.5159 16.6598 8.9665 13.5119 9.357 15.313 -22.835
20000500000004 58339901440 58.821 21.8730 7.6462 16.0353 21.8814 7.6451 16.0363 -22.882 -30.352 -26.831
20000500000035 58312155136 58.811 3.5215 18.9904 4.1628 3.5226 18.9769 4.1653 108.133 23.539 -46.670
20000500000019 58206924800 58.776 8.6166 16.4649 11.1583 8.6164 16.4615 11.1536 29.207 24.412 -45.117
20000500000000 58095288320 58.738 21.4712 22.7210 15.4697 21.4668 22.7228 15.4642 -25.244 -17.363 3.418
20000500000013 56979566592 58.359 8.4714 17.9571 7.8221 8.4706 17.9567 7.8186 -13.456 -20.128 -6.214
20000500000045 56842629120 58.312 9.8642 9.0040 13.8184 9.8658 9.0046 13.8129 41.743 14.682 -13.042
20000500000026 56534659072 58.208 1.3062 14.2134 11.9281 1.3061 14.2111 11.9297 -4.976 1.606 10.466
20000500000048 56479793152 58.187 9.7835 14.9857 5.7673 9.7813 14.9859 5.7706 -3.418 -38.825 16.675
20000500000051 55930650624 57.999 19.2735 9.5533 22.9768 19.2717 9.5537 22.9742 6.940 -0.863 -2.540
20000400000071 55821103104 57.960 3.1685 22.9087 11.9474 3.1710 22.9100 11.9460 7.238 1.657 -11.463
20000500000008 55786237952 57.949 9.3583 3.3180 13.4301 9.3532 3.3172 13.4340 6.324 -4.010 29.426
20000500000043 55588831232 57.878 7.3391 12.6275 7.2304 7.3412 12.6271 7.2347 -29.492 10.939 21.807
20000500000021 55450632192 57.829 16.4019 5.3832 23.0409 16.4061 5.3871 23.0425 -5.633 -11.585 39.530
20000500000022 55226277888 57.753 8.5649 1.6445 13.8395 8.5662 1.6504 13.8414 -63.717 27.856 -49.845
20000500000047 54746513408 57.583 2.1850 24.3465 21.7683 2.1824 24.3417 21.7654 -0.913 1.644 -22.215
20000500000005 54681350144 57.562 18.0674 18.3439 12.0825 18.0728 18.3553 12.0920 -24.432 -11.129 48.836
20000300000042 54575882240 57.524 3.5126 0.6793 14.9434 3.5143 0.6748 14.9433 -22.509 32.424 2.374
20000600000004 54435176448 57.475 15.8424 22.1769 16.0647 15.8433 22.1761 16.0656 -9.854 -33.103 17.810
20000500000041 54225469440 57.404 12.7752 12.9847 16.1331 12.7750 12.9875 16.1371 -3.106 5.338 -5.436
20000500000014 54216695808 57.399 11.0044 18.1402 2.6371 11.0071 18.1403 2.6486 -72.884 -31.296 6.573
20000600000002 53981347840 57.317 23.9036 13.3453 9.3917 23.9036 13.3431 9.3934 -19.016 13.374 18.468
20000500000060 53850959872 57.270 23.2856 13.3287 9.5284 23.2848 13.3296 9.5259 11.174 9.775 28.019
20000600000027 53191843840 57.036 21.7925 14.8355 20.8019 21.7916 14.8361 20.8052 26.155 21.920 -8.667
20000600000023 52777656320 56.887 23.7363 19.4324 18.5787 23.7379 19.4304 18.5791 1.218 8.022 10.891
20000500000003 52706643968 56.861 10.8817 19.4573 5.0143 10.8790 19.4612 5.0140 26.843 16.794 78.661
20000500000065 52658532352 56.842 24.3275 18.1802 19.3447 24.3270 18.1754 19.3402 45.015 0.592 -22.279
20000500000049 52262621184 56.702 23.8001 1.0802 13.9214 23.8013 1.0778 13.9279 24.339 0.091 -3.893
20000600000007 51873746944 56.560 12.3606 17.1373 0.8866 12.3600 17.1402 0.8840 11.389 1.509 9.118
20000400000067 51853209600 56.553 22.9124 11.0382 22.2150 22.9140 11.0335 22.2138 47.517 24.322 -13.690
20000600000003 51658362880 56.480 21.1232 22.4372 15.3532 21.1212 22.4399 15.3514 16.622 24.069 -19.719
20000600000017 51422912512 56.395 2.5849 22.7261 12.6709 2.5846 22.7292 12.6699 -73.880 -5.696 -72.097
20000400000005 51161026560 56.301 24.5239 13.6224 8.8780 24.5180 13.6201 8.8576 9.015 25.728 -10.857
20000200000010 51160887296 56.301 1.0470 22.7757 13.2152 1.0363 22.7775 13.2313 -48.087 -152.787 -27.889
20000500000042 51056939008 56.261 19.4235 7.0585 12.8633 19.4222 7.0547 12.8622 -13.011 6.248 -6.429
20000500000044 50854244352 56.188 11.1175 17.9058 20.3920 11.1243 17.9081 20.3810 -29.833 -32.452 -33.867
20000600000046 50782064640 56.161 19.0535 1.0476 18.3060 19.0569 1.0454 18.3000 31.225 97.504 -52.719
20000500000054 50747596800 56.148 7.0879 12.1590 22.9960 7.0889 12.1661 22.9931 -16.463 18.613 14.406
20000500000012 50315345920 55.987 7.7469 0.1456 11.5471 7.7420 0.1460 11.5425 -20.087 14.476 29.301
20000600000018 50216935424 55.951 4.6336 21.3158 13.0106 4.6286 21.3116 13.0101 31.245 -33.896 24.986
20000500000033 50142932992 55.923 24.0360 21.7183 23.3207 24.0327 21.7227 23.3162 -25.024 -76.925 -44.072
20000600000016 50128560128 55.917 23.5668 11.9936 8.7974 23.5714 11.9923 8.7903 -0.874 -29.010 6.094
20000500000038 49932931072 55.847 6.5023 10.7436 9.0574 6.5041 10.7413 9.0549 -7.415 -26.344 10.499
20000600000022 49862369280 55.821 18.5295 5.9090 19.3940 18.5302 5.9081 19.3931 -17.155 21.469 -20.465
20000500000070 49804021760 55.798 24.8826 13.9789 8.3976 24.8896 13.9757 8.4013 17.991 4.763 -39.117
20000600000030 49740128256 55.772 13.5530 17.1235 18.5531 13.5557 17.1257 18.5490 -8.662 6.587 -18.397
20000600000032 49602523136 55.722 6.7420 18.0790 23.2810 6.7434 18.0781 23.2734 5.284 64.843 -14.089
20000500000037 49236099072 55.585 4.1822 21.9575 6.0682 4.1857 21.9551 6.0749 37.883 -24.370 -26.329
20000400000070 49206046720 55.573 1.2178 22.8151 18.1509 1.2177 22.8159 18.1478 49.391 29.520 31.256
20000600000053 48254771200 55.215 3.9987 22.5168 16.5635 3.9996 22.5157 16.5608 8.668 8.380 -8.478
20000600000025 48066404352 55.142 14.8790 11.2227 19.5769 14.8749 11.2171 19.5768 14.130 -5.855 -38.884
20000400000022 48050020352 55.134 0.6641 22.9204 13.7383 0.6734 22.9207 13.7511 29.364 -26.003 -48.887
20000600000011 47602814976 54.964 16.8937 9.4123 16.2013 16.8961 9.4144 16.2057 -35.704 -17.508 21.957
20000600000047 47568470016 54.951 6.9274 14.8180 12.8075 6.9291 14.8190 12.8080 -9.752 -0.773 -1.446
20000400000009 47393423360 54.884 14.8114 24.8621 20.9593 14.8068 24.8647 20.9644 91.220 -5.056 39.124
20000500000059 47362752512 54.872 3.9038 23.2600 11.6246 3.9022 23.2609 11.6295 11.733 26.552 37.654
20000600000044 47242227712 54.824 3.0961 0.7029 22.0401 3.0911 0.7017 22.0482 -1.293 6.963 1.948
20000600000054 46966165504 54.717 17.8057 16.8923 24.4423 17.8070 16.8928 24.4410 -12.653 25.106 -7.088
20000600000020 46215110656 54.424 23.2591 24.0691 18.4074 23.2547 24.0712 18.4049 1.472 -15.905 -19.563
20000500000040 45900382208 54.299 7.5201 12.1518 0.1338 7.5199 12.1461 0.1393 27.057 17.895 -11.070
20000600000048 45896802304 54.297 10.6275 20.9926 15.9039 10.6230 20.9949 15.9036 2.956 11.438 -1.552
20000600000049 45706645504 54.225 21.8958 0.0164 17.2676 21.8942 0.0185 17.2669 11.836 0.666 -28.269
20000600000068 45584715776 54.177 21.8848 15.9992 12.5079 21.8819 15.9992 12.5097 3.699 -6.845 -12.652
20000600000028 45554294784 54.163 3.2592 19.1801 4.5669 3.2594 19.1778 4.5685 7.152 8.205 -3.829
20000500000058 45490110464 54.137 1.3585 13.2037 9.6161 1.3617 13.1925 9.6195 -47.094 49.827 -24.444
20000300000039 45237157888 54.039 24.2723 21.2578 0.1967 24.2707 21.2591 0.1948 -37.854 -16.056 -23.563
20000400000021 44796452864 53.860 17.8512 1.1669 3.8615 17.8571 1.1529 3.8684 -89.505 -1.667 84.388
20000400000030 44453892096 53.724 14.5949 2.3356 11.2396 14.5945 2.3354 11.2482 -4.358 1.791 28.700
20000600000055 44124561408 53.592 9.4180 13.3279 6.6784 9.4171 13.3332 6.6797 -14.147 -3.326 3.450
20000600000006 43738234880 53.433 24.4005 17.4771 5.3570 24.3960 17.4792 5.3512 38.800 11.145 -17.998
20000500000050 43286700032 53.251 19.9443 0.8627 7.7744 19.9423 0.8585 7.7691 -7.216 5.285 -4.385
20000700000018 43266883584 53.241 15.0742 15.9548 12.7889 15.0776 15.9559 12.7899 -2.434 -18.656 -27.923
20000400000011 42482417664 52.917 17.4442 8.2139 8.0406 17.4331 8.2377 8.0538 -34.906 -65.916 30.600
20000700000012 42450075648 52.903 15.7752 20.6169 14.7699 15.7759 20.6113 14.7761 -11.033 -16.393 -23.874
20000700000036 42267648000 52.829 6.3948 15.2812 13.5619 6.3943 15.2796 13.5604 9.268 -34.711 -33.578
20000700000001 42143457280 52.777 10.5779 17.8321 20.9498 10.5769 17.8342 20.9462 -25.203 8.515 24.953
20000700000005 41730215936 52.604 21.4017 16.9738 18.0501 21.4032 16.9673 18.0543 23.657 8.416 -23.347
20000600000067 41622183936 52.557 18.0809 19.4163 14.5411 18.0814 19.4172 14.5399 -3.849 34.779 57.766
20000700000011 41041092608 52.313 16.0892 24.7937 4.6307 16.0879 24.7981 4.6324 -20.197 2.719 7.854
20000600000024 40900964352 52.251 9.9499 20.7728 6.7900 9.9505 20.7714 6.7913 5.652 16.301 -17.184
20000600000019 40899956736 52.251 8.9919 23.7666 8.7609 8.9955 23.7553 8.7592 -18.641 -7.749 13.263
20000600000051 40689844224 52.161 7.5775 12.0476 0.6460 7.5795 12.0487 0.6442 -11.222 14.531 18.733
20000400000000 40200048640 51.953 17.0992 0.8816 24.2650 17.0984 0.8596 24.2875 203.299 -127.311 -99.309
20000600000062 40123871232 51.920 1.6634 15.5141 8.2199 1.6650 15.5121 8.2244 -0.764 -34.806 21.308
20000700000050 40099147776 51.910 7.1118 5.2905 12.6607 7.1126 5.2913 12.6568 8.399 3.169 -8.361
20000700000051 39537938432 51.665 4.2662 14.8851 9.5325 4.2663 14.8856 9.5289 -3.215 22.020 -9.532
20000700000049 38256078848 51.101 24.4990 17.8108 23.1805 24.5008 17.8111 23.1771 -12.784 9.603 9.761
20000600000010 37978071040 50.976 19.5935 1.1191 18.2280 19.5938 1.1221 18.2288 8.294 -5.074 37.132
20000700000061 37549498368 50.785 11.3886 18.8460 18.1393 11.3921 18.8424 18.1419 -14.760 -7.065 -6.155
20000600000039 37475917824 50.750 0.3258 7.1704 15.1293 0.3268 7.1759 15.1279 1.667 -54.801 2.299
20000700000041 37322162176 50.683 8.0801 1.0759 11.2588 8.0745 1.0775 11.2571 -18.171 4.721 3.601
20000600000066 37135511552 50.596 3.6925 20.3919 21.4669 3.6961 20.3931 21.4736 36.038 4.539 -31.603
20000700000059 37010198528 50.540 15.3452 14.2618 19.7890 15.3482 14.2615 19.7888 -1.462 0.019 13.124
20000600000014 36998881280 50.536 11.6873 18.9195 17.6045 11.6854 18.9166 17.6014 20.439 -5.168 9.000
20000800000003 36984745984 50.529 15.0046 13.9646 23.1999 15.0057 13.9638 23.2008 -8.802 19.866 -25.778
20000800000013 36963127296 50.517 15.3419 24.5039 10.0713 15.3414 24.5095 10.0702 -0.243 7.006 -26.714
20000700000027 36940886016 50.509 3.7218 13.5116 23.1862 3.7235 13.5114 23.1894 13.511 6.921 10.564
20000800000015 36094357504 50.120 18.8344 20.0574 14.5148 18.8340 20.0585 14.5138 -10.840 -0.291 -4.328
20000700000047 35860463616 50.011 18.9688 12.2663 20.2038 18.9652 12.2624 20.2068 -9.520 17.770 16.369
20000800000029 35793686528 49.978 23.8271 16.9663 6.8896 23.8278 16.9650 6.8876 -9.169 -11.106 0.810
20000800000009 35685015552 49.928 20.9038 20.7644 15.6875 20.9043 20.7663 15.6861 -6.457 19.540 17.490
20000200000025 35416928256 49.804 9.2111 2.2747 13.7485 9.1952 2.2901 13.7360 -31.043 -98.240 -103.014
20000700000068 34960109568 49.590 15.9788 0.3847 19.8604 15.9787 0.3835 19.8594 6.850 -10.151 -1.808
20000800000055 34413129728 49.328 22.8599 23.7094 17.5021 22.8629 23.7128 17.5055 -20.596 10.934 -9.394
20000800000047 34350129152 49.300 2.1462 23.6929 17.6736 2.1479 23.6917 17.6725 -14.442 14.800 -13.302
20000700000031 34240503808 49.245 22.8801 22.0196 22.2656 22.8780 22.0159 22.2669 -110.667 30.157 -119.812
20000700000030 34126235648 49.192 12.6092 6.2409 3.3298 12.6044 6.2411 3.3320 6.951 -7.317 7.809
20000700000058 34012362752 49.137 8.2702 11.2249 2.4917 8.2687 11.2253 2.4897 -13.764 3.868 -0.801
20000700000053 33688287232 48.979 7.9677 13.5489 8.3520 7.9705 13.5520 8.3470 -34.176 -12.106 -35.782
20000600000065 33165432832 48.724 19.8297 20.2473 15.5567 19.8308 20.2459 15.5516 -20.503 -17.241 -19.467
20000800000063 33164460032 48.725 13.9873 20.3906 13.8489 13.9860 20.3925 13.8473 -6.039 6.228 -9.633
20000900000006 33034598400 48.661 2.1224 24.9369 15.1111 2.1203 24.9376 15.1089 -6.647 -29.217 7.491
20000500000061 32734791680 48.515 3.6322 22.9529 11.7489 3.6234 22.9560 11.7387 23.669 58.389 27.208
20000900000008 32552824832 48.424 4.9719 4.6321 14.1869 4.9745 4.6333 14.1846 -14.274 -1.665 11.286
20000800000044 32386091008 48.339 12.5272 6.5168 6.0902 12.5257 6.5141 6.0900 0.136 1.271 -13.186
20000900000022 31284008960 47.785 4.7975 17.0170 23.5219 4.7980 17.0173 23.5202 -14.356 35.778 24.295
20000900000029 31190124544 47.739 10.5273 16.9943 2.4089 10.5261 16.9928 2.4114 38.166 -1.790 10.830
20000900000025 30782789632 47.530 0.8943 22.1533 16.2305 0.8952 22.1549 16.2326 -53.453 -69.803 53.282
20000800000059 30362990592 47.313 7.6919 9.6750 6.4930 7.6905 9.6779 6.4938 13.713 2.228 11.939
20000900000059 30051418112 47.150 2.9820 11.1355 22.1417 2.9846 11.1341 22.1431 -13.082 5.370 11.689
20000900000056 29846085632 47.042 24.1371 1.5212 12.3488 24.1345 1.5227 12.3504 -2.349 -4.667 -22.979
20000800000011 29629186048 46.928 14.4508 17.1625 18.9639 14.4497 17.1601 18.9624 -7.773 -3.141 32.490
20000900000051 29533722624 46.879 22.5760 15.6974 12.6833 22.5763 15.6975 12.6836 -3.773 11.244 -14.498
20000900000062 29516775424 46.868 11.5033 6.1892 5.5518 11.5056 6.1924 5.5541 21.199 -37.828 8.495
20000900000048 28784762880 46.479 22.2466 23.0811 19.9820 22.2452 23.0817 19.9814 -8.485 -0.653 -9.377
20000600000033 28083017728 46.098 21.0004 0.3813 17.6820 21.0026 0.3889 17.6876 8.386 73.757 -32.761
20000800000057 27331614720 45.682 24.0615 1.6337 11.9742 24.0663 1.6272 11.9772 1.532 -16.566 -34.957
20001000000000 27143225344 45.577 19.8937 19.0904 14.6300 19.8941 19.0915 14.6296 -27.520 -22.522 -11.993
20000800000038 25551661056 44.669 13.9727 19.8870 14.8670 13.9700 19.8877 14.8673 -14.072 -2.290 17.289
20001100000021 25101848576 44.405 3.9820 14.5442 12.7337 3.9828 14.5441 12.7326 -0.982 -18.877 -3.708
20001000000017 24067209216 43.787 14.0134 24.8475 17.4725 14.0157 24.8487 17.4705 -4.460 18.954 3.983
20001100000013 24048318464 43.776 1.9325 11.5645 21.8784 1.9299 11.5614 21.8797 16.240 8.387 -10.204
20001100000055 23322683392 43.331 23.1598 13.3078 9.7549 23.1613 13.3083 9.7570 -8.986 -12.313 3.862
20001100000022 22008606720 42.501 21.9759 6.8299 16.0468 21.9752 6.8350 16.0508 -0.396 -0.701 4.577
20001800000046 13387781120 36.010 23.7004 22.0060 20.8267 23.7009 22.0057 20.8266 17.483 -3.723 9.915
