haloID mh rh halo_x halo_y halo_z gal_x gal_y gal_z spin_x spin_y spin_z
14000000000001 1862071877632 116.222 12.2501 18.9928 17.2389 12.2541 19.0208 17.2291 -353.545 8.352 -218.145
14000000000000 1811679674368 115.166 15.2801 24.8309 18.7155 15.2755 24.8618 18.7153 347.854 -62.755 -238.548
14000000000008 1366690496512 104.840 22.5502 23.4621 14.4984 22.5251 23.4573 14.4942 194.437 16.898 -91.734
14000000000005 1357382811648 104.600 14.7496 10.8187 5.3351 14.7679 10.8478 5.2948 -39.967 139.888 388.181
14000000000007 1349926387712 104.409 11.2660 20.7859 9.8958 11.2927 20.7873 9.9053 559.963 -267.377 -89.781
14000000000010 1243564605440 101.591 23.5751 22.2855 22.4373 23.5786 22.2930 22.4399 -34.198 -199.974 -191.695
14000000000009 1187653877760 100.046 22.6162 0.3922 18.5859 22.5918 0.3998 18.5689 85.584 199.372 -148.638
14000000000006 1150180392960 98.982 4.5528 13.3383 10.3882 4.5929 13.3566 10.3968 155.083 -182.262 -234.592
14000000000003 1137094164480 98.606 11.1339 17.9834 3.2108 11.1051 17.9923 3.2065 352.680 480.102 -338.690
14000000000002 1124720967680 98.245 23.8864 1.3387 15.2087 23.8466 1.3281 15.2140 -53.229 86.146 100.453
14000000000011 881552982016 90.582 4.3492 14.3489 13.4081 4.3572 14.3665 13.4005 6.617 -33.199 -124.790
14000000000012 826901463040 88.670 7.9181 8.9700 3.6392 7.9099 8.9832 3.6452 243.665 -160.260 -234.690
14000000000004 781891403776 87.033 9.2759 12.9929 1.7708 9.2674 12.9707 1.7730 -31.409 8.327 -179.486
14000000000017 742351831040 85.542 6.8792 19.1406 21.1018 6.8580 19.1520 21.1056 -331.682 -60.829 -173.165
14000000000014 734653186048 85.242 17.1234 5.1101 21.9481 17.1325 5.1141 21.9569 452.759 210.544 -139.111
14000000000015 679525482496 83.058 13.5727 19.8944 14.8173 13.5836 19.8884 14.8279 310.718 -38.294 81.084
14000000000013 594330583040 79.426 24.9020 21.6891 16.6779 24.9266 21.7001 16.7014 93.895 -89.963 33.903
14000000000020 584832057344 79.002 15.1021 11.3074 7.8984 15.0785 11.3281 7.9084 -53.328 57.342 -219.059
14000000000024 576848986112 78.643 6.2331 0.9761 9.0528 6.2190 0.9658 9.0818 -327.482 -88.886 -466.465
14000000000025 565154021376 78.107 15.0565 13.7684 0.0470 15.0517 13.7655 0.0479 164.258 74.698 16.905
14000000000019 559284224000 77.836 20.7786 6.2503 12.9155 20.7950 6.2333 12.9377 -273.949 -79.991 1.637
14000000000018 547257909248 77.275 20.2536 13.1901 10.3998 20.1935 13.1833 10.4232 -93.689 -511.566 -188.797
14000000000028 535310925824 76.708 5.5435 23.7475 9.3021 5.5501 23.7469 9.2910 -43.436 12.307 -103.770
14000000000030 534315565056 76.660 6.2151 14.5902 11.4962 6.2165 14.6000 11.5033 64.733 -0.107 93.570
14000000000016 515339255808 75.740 7.5019 9.3018 7.6525 7.4650 9.2806 7.7048 987.271 463.025 634.053
14000000000022 482069217280 74.073 20.6314 1.6644 18.8715 20.6842 1.6840 18.8765 162.719 -214.453 -258.984
14000000000036 480147406848 73.978 15.2090 1.0319 19.8199 15.2395 1.0526 19.7956 -721.813 -572.694 -1084.715
14000000000034 469696741376 73.436 9.8316 14.8475 5.4224 9.8272 14.8292 5.4107 -168.160 -35.065 167.018
14000000000033 468688044032 73.383 13.2558 0.2931 17.1170 13.2501 0.2870 17.1141 4.272 49.993 -46.112
14000000000023 464031875072 73.139 11.2156 17.6027 5.8651 11.2185 17.5688 5.8407 36.263 -242.619 -11.827
14000000000040 430713241600 71.345 20.5688 5.5815 17.1663 20.5780 5.5752 17.1863 401.702 -220.130 -138.726
14000000000032 428031311872 71.196 15.0745 23.7502 17.9833 15.0758 23.7252 17.9246 850.034 -680.896 311.277
14000000000041 418148417536 70.642 7.1935 11.2890 0.5040 7.1955 11.2889 0.5081 40.398 69.916 49.826
14000000000031 417806286848 70.624 12.2313 6.2689 3.3113 12.2302 6.2743 3.3188 -13.136 -323.300 219.960
14000000000035 413449355264 70.380 4.9934 24.0389 9.7025 4.9951 24.0445 9.6958 51.291 -69.493 -10.457
14000000000045 405326102528 69.915 21.2637 12.3026 12.0225 21.2631 12.2995 12.0160 30.120 30.398 -39.171
14000000000042 391824343040 69.132 14.3576 21.5791 9.7820 14.3331 21.5597 9.7788 -4.855 53.803 76.653
14000000000039 381433806848 68.513 24.8809 1.9561 15.2316 24.8829 1.9646 15.2259 72.453 -61.739 -64.542
14000000000044 378699317248 68.351 21.0613 15.6975 19.9288 21.0608 15.6924 19.9307 -148.497 65.852 -34.253
14000000000047 368027992064 67.701 1.3631 17.4505 3.7631 1.3614 17.4468 3.7722 177.319 19.821 -45.817
14000000000048 365897777152 67.570 12.3987 10.5021 7.3698 12.4068 10.4819 7.3899 245.025 172.305 100.187
14000000000043 355540434944 66.925 20.1146 20.4923 17.0475 20.1309 20.4828 17.0467 51.986 12.778 24.216
14000000000051 350123786240 66.584 9.4281 21.9591 12.5789 9.4222 21.9518 12.5718 -53.405 90.733 23.625
14000000000021 350070964224 66.581 5.4699 24.8357 9.3177 5.4108 24.7649 9.3471 603.631 -740.722 -181.296
14000000000050 343250010112 66.148 7.3190 24.1075 12.8389 7.3186 24.1151 12.8360 -38.897 17.129 51.359
14000000000038 329080045568 65.223 5.6007 3.6248 14.8692 5.6240 3.6347 14.8542 -35.607 50.221 -38.400
14000000000058 308299268096 63.818 10.3736 3.7145 15.0192 10.3698 3.7115 14.9919 -66.225 131.903 34.296
14000000000052 307648200704 63.775 24.4733 23.2775 20.9307 24.4784 23.2807 20.9308 -64.060 -16.761 33.433
14000000000037 306491621376 63.697 24.3736 5.1684 14.8460 24.3896 5.2204 14.8669 93.649 186.081 -68.681
14000000000049 301518815232 63.348 21.5572 19.6735 15.1399 21.5678 19.6761 15.1426 -27.451 52.809 -45.655
14000000000055 301357105152 63.336 1.0865 15.8259 7.1291 1.1040 15.8170 7.1644 36.629 2.024 1.888
14000000000054 297142550528 63.040 9.8437 14.6414 4.5253 9.8323 14.6425 4.5284 -67.090 -77.282 -35.012
14000000000046 290900017152 62.598 23.1539 15.6337 13.1499 23.1627 15.6542 13.1558 2.198 51.163 -399.811
14000000000053 284636643328 62.144 15.8643 24.1330 16.5255 15.8539 24.1573 16.5494 59.118 130.443 -178.099
14000000000029 282898038784 62.016 21.8896 5.0315 14.5098 21.9138 5.0068 14.5392 179.715 126.623 -98.213
14000000000062 278930063360 61.726 2.7483 13.0041 10.3425 2.7549 13.0050 10.3360 20.190 -28.248 49.032
14000000000056 275991461888 61.509 17.6046 9.9352 23.1448 17.6135 9.9278 23.1428 9.154 29.442 -11.174
14000000000061 269022101504 60.988 1.6755 12.8256 10.1448 1.6662 12.8239 10.1435 1.773 116.241 -14.249
14000000000068 264457699328 60.638 16.0554 22.9018 16.8204 16.0438 22.9023 16.8174 4.061 84.267 -155.915
14000000000057 263828504576 60.589 10.4087 20.9413 5.6490 10.3996 20.9247 5.6560 -74.811 42.811 124.965
14000000000064 262370574336 60.479 7.8230 23.4856 7.9193 7.8132 23.4859 7.9331 3.332 20.905 -74.294
14000000000067 259582001152 60.266 21.4072 17.6353 19.5426 21.4159 17.6307 19.5452 -23.490 -104.913 -185.341
14000000000027 257909817344 60.135 17.8860 5.0005 21.0381 17.8697 5.0280 21.0044 178.806 332.561 144.735
14000000000071 252777480192 59.732 13.4554 7.8445 4.3558 13.4555 7.8439 4.3508 16.462 -0.273 -16.024
14000000000077 243851018240 59.021 15.3281 16.5876 19.3540 15.3356 16.5799 19.3661 -36.974 -166.839 -130.357
14000000000075 242408882176 58.903 19.7047 5.2957 18.1333 19.7342 5.3078 18.1471 153.665 -190.166 -73.837
14000000000059 241180000256 58.804 4.7814 21.8213 11.4197 4.7916 21.8103 11.4209 -48.988 -30.144 -29.693
14000000000026 240975953920 58.788 14.4484 20.1918 14.1853 14.4187 20.1886 14.2135 -33.952 -115.497 -37.129
14000000000060 239862513664 58.699 9.0062 16.4059 24.7667 8.9996 16.3973 24.7787 18.183 -44.954 14.035
14000000000070 238551580672 58.591 14.8509 22.4133 21.0877 14.8465 22.4177 21.0826 0.791 40.735 43.997
14000000000078 234079059968 58.221 21.6936 12.1916 10.9421 21.7112 12.1793 10.9243 -194.705 -11.885 -207.788
14000000000065 233556787200 58.177 5.5021 20.8832 13.9274 5.5065 20.8890 13.9229 49.551 -2.947 -21.089
14000000000081 230800949248 57.949 16.9442 21.7672 12.9295 16.9485 21.7629 12.9201 34.625 19.753 -5.189
14000100000000 226715811840 57.606 2.2418 19.5230 13.9473 2.2209 19.5183 13.9591 -24.968 -2.906 -18.323
14000000000076 225151041536 57.472 14.4925 0.1266 20.9016 14.4968 0.1288 20.8979 45.425 -143.137 -37.668
14000000000066 218694762496 56.917 23.9093 23.5923 13.9649 23.8838 23.5972 13.9380 462.158 107.663 -595.283
14000100000007 218463977472 56.897 12.8911 13.5453 18.1395 12.8778 13.5560 18.1335 -187.715 -76.165 -83.562
14000100000001 211714670592 56.306 5.2857 11.7010 9.8205 5.2885 11.7304 9.8197 -73.199 -15.497 -213.672
14000100000012 206341308416 55.825 20.3940 18.0922 14.0146 20.3914 18.0855 14.0188 4.305 2.039 -76.952
14000000000080 205003210752 55.703 22.4055 10.5338 22.9838 22.4328 10.5394 23.0066 191.262 -135.300 -148.831
14000100000008 204319571968 55.641 13.2387 5.0159 11.8118 13.2394 5.0214 11.8226 -65.329 23.255 -30.385
14000000000074 204179390464 55.631 5.8942 10.8215 9.1684 5.9082 10.8066 9.1514 12.296 22.749 59.301
14000000000079 202300014592 55.458 10.7740 4.1006 11.4765 10.7741 4.0881 11.4652 -49.011 -33.455 89.647
14000100000018 201715286016 55.404 15.8393 24.2114 19.5930 15.8365 24.2055 19.5872 -245.568 380.442 -0.660
14000000000072 199575830528 55.209 18.4977 10.3461 19.5555 18.4999 10.3421 19.5639 116.690 163.361 105.854
14000000000069 199378485248 55.191 21.1449 5.4120 16.8019 21.1381 5.4018 16.8022 -94.001 -145.544 120.699
14000100000002 199107952640 55.165 21.4969 5.6351 16.4332 21.5083 5.6379 16.4397 -11.847 -99.556 39.242
14000100000017 197323702272 54.999 3.8501 6.9098 15.1114 3.8153 6.9078 15.1157 30.702 107.494 122.178
14000100000003 196851531776 54.957 16.4141 1.1067 18.7979 16.4296 1.1163 18.7997 84.531 53.152 80.190
14000100000022 196529324032 54.925 8.1180 4.1666 13.7694 8.1198 4.1689 13.7694 25.645 47.743 27.572
14000000000063 192905527296 54.586 19.9911 13.2079 11.0841 20.0083 13.1955 11.1005 26.825 52.280 -66.883
14000100000020 190348591104 54.344 2.5266 22.1436 15.7210 2.5390 22.1410 15.7260 -31.682 -54.311 -3.006
14000000000073 189625237504 54.276 16.8752 13.2664 9.0157 16.8698 13.2570 9.0067 13.219 17.847 58.501
14000100000006 183086186496 53.644 13.1888 6.8654 10.6365 13.1838 6.8494 10.6522 89.099 -7.981 -32.987
14000100000010 179859603456 53.327 11.2320 19.0878 17.7145 11.2232 19.0903 17.7173 16.512 -64.780 -2.090
14000100000016 179130826752 53.255 12.7848 21.4295 9.3678 12.7817 21.4277 9.3717 168.816 -144.806 35.339
14000100000009 178072453120 53.149 17.8281 19.9906 14.5580 17.8439 19.9985 14.5614 -23.810 31.430 46.114
14000100000021 176686366720 53.012 6.3505 2.2568 8.9036 6.3454 2.2436 8.9048 2.452 0.613 -59.469
14000100000031 174903443456 52.832 15.9041 3.3012 5.6392 15.9068 3.3193 5.6285 -147.506 -59.457 -74.421
14000100000014 174606860288 52.804 12.8901 14.2495 18.3514 12.8722 14.2417 18.3476 -61.136 75.217 26.381
14000100000030 174336131072 52.775 9.5594 2.9946 13.4503 9.5615 3.0050 13.4420 -48.820 33.379 80.621
14000100000004 173044760576 52.645 15.7425 1.8661 17.0621 15.7536 1.8674 17.0735 21.006 -190.300 70.074
14000100000011 172065816576 52.545 18.0671 12.1798 9.8543 18.0785 12.1891 9.8590 -31.745 0.145 -7.379
14000100000013 170136715264 52.348 5.6449 10.1167 5.5908 5.6289 10.1256 5.6402 -200.669 235.311 -82.580
14000100000040 163134767104 51.618 11.9951 3.4018 8.0945 11.9893 3.3927 8.0942 -68.680 72.591 29.395
14000100000035 161082687488 51.403 6.1815 10.1062 4.9171 6.1741 10.1045 4.9229 -14.543 34.429 20.365
14000100000027 159227363328 51.205 12.0410 4.6277 10.0587 12.0319 4.6230 10.0586 30.793 -18.426 -27.400
14000100000045 154454802432 50.686 16.1015 14.2615 20.2457 16.1003 14.2462 20.2491 -43.651 36.906 95.398
14000100000044 153452986368 50.579 8.7473 17.6333 22.8911 8.7443 17.6317 22.9060 17.718 -423.635 242.915
14000100000036 153255034880 50.556 17.2087 8.5053 24.0923 17.2094 8.5121 24.0892 -1.069 9.080 -33.042
14000100000043 151676911616 50.383 13.6174 21.3228 24.3303 13.6232 21.3330 24.3210 42.879 -6.336 42.512
14000100000033 151659233280 50.381 5.5853 1.6783 8.7317 5.5902 1.6663 8.7434 -67.076 176.401 153.691
14000100000038 149329215488 50.121 11.9433 6.8899 3.7898 11.9349 6.8975 3.7892 -26.227 10.865 10.365
14000100000047 148526776320 50.030 10.4352 19.2531 1.2347 10.4376 19.2523 1.2362 95.870 -62.378 8.106
14000100000041 147473760256 49.913 8.4821 17.4993 19.7055 8.5072 17.4873 19.7167 -53.153 36.498 207.007
14000100000024 146606850048 49.813 7.3073 10.5190 2.0005 7.3136 10.5188 1.9981 -3.030 -124.694 -24.658
14000100000025 140230557696 49.080 6.7587 6.0900 7.7024 6.7661 6.1229 7.7074 283.943 -160.188 -93.349
14000100000049 140054396928 49.062 5.5825 18.3319 19.5042 5.5873 18.3325 19.5153 63.355 -90.566 -35.022
14000100000028 138234724352 48.846 6.2086 5.1320 13.8204 6.2356 5.1416 13.8034 -14.120 -22.517 -55.735
14000100000069 136732483584 48.669 1.1426 16.0944 22.5339 1.1451 16.0940 22.5278 21.094 28.080 10.764
14000100000073 136661262336 48.662 10.8625 7.4651 12.2503 10.8650 7.4666 12.2551 -19.422 26.636 -54.092
14000100000055 136154365952 48.600 10.4269 15.5163 4.5666 10.4246 15.4870 4.5837 100.094 -42.759 -52.963
14000100000052 135282393088 48.497 11.8076 2.2176 16.4288 11.8098 2.2112 16.4225 -17.018 5.919 90.229
14000100000060 135156424704 48.482 13.3895 10.3674 8.1421 13.3786 10.3645 8.1456 31.193 7.529 87.740
14000100000056 134190137344 48.367 22.2833 20.8469 14.7681 22.2925 20.8617 14.7606 -40.310 -21.643 -19.251
14000100000042 128126517248 47.625 5.6624 20.2744 19.8617 5.6552 20.2785 19.8529 10.697 2.146 -34.971
14000100000023 128022069248 47.614 15.0407 22.8144 20.7080 15.0310 22.7625 20.7266 338.652 81.841 352.619
14000100000077 127751921664 47.580 22.9460 19.6951 20.2464 22.9538 19.7080 20.2530 -83.796 -47.996 80.640
14000100000057 126671921152 47.446 14.0043 12.8235 12.0892 13.9925 12.7871 12.0707 -688.023 293.404 -286.745
14000100000064 126526504960 47.426 11.5042 6.3003 4.8373 11.4961 6.3029 4.8432 23.168 -19.979 9.006
14000100000081 126441365504 47.416 16.3394 1.9118 17.9664 16.3396 1.9070 17.9702 -4.259 -31.315 -16.074
14000100000048 126171381760 47.383 0.3959 22.1748 17.4935 0.4018 22.1663 17.4745 315.021 167.918 -175.037
14000100000029 125894508544 47.349 6.1103 3.2841 8.6227 6.1048 3.3146 8.6343 28.621 1.353 13.223
14000100000015 125805568000 47.337 10.8019 3.8162 13.8600 10.7992 3.8139 13.8980 173.747 53.703 9.486
14000200000000 125636558848 47.316 8.8578 12.6913 15.1723 8.8664 12.6760 15.1791 -25.737 -21.432 -40.466
14000100000058 118094118912 46.349 19.4461 13.2223 10.2853 19.4455 13.2335 10.2773 -9.809 -13.665 -16.798
14000200000002 117987311616 46.336 16.8290 3.9627 20.5885 16.8319 3.9570 20.5840 25.047 42.724 -31.409
14000100000032 117433745408 46.262 17.0324 10.5149 9.9619 17.0018 10.4919 9.9572 43.752 -101.423 187.729
14000100000046 116412841984 46.129 15.7593 15.3907 19.8877 15.7727 15.3799 19.8921 0.243 -32.636 11.381
14000100000078 116308721664 46.114 8.3666 20.8084 21.9667 8.3532 20.7987 21.9582 78.172 -39.493 -78.788
14000100000075 115802374144 46.047 0.6755 7.0727 12.8838 0.6771 7.0815 12.8731 -37.372 107.949 44.289
14000100000054 115041959936 45.946 0.3018 21.9701 21.5086 0.3109 21.9687 21.5142 29.776 -120.501 63.112
14000100000065 113592090624 45.753 12.9945 4.5916 1.6496 12.9893 4.5991 1.6518 71.248 3.244 -38.862
14000200000007 111976251392 45.533 11.2432 16.1082 22.3889 11.2450 16.1012 22.3839 -3.256 19.881 8.646
14000200000008 110939815936 45.394 14.8052 8.2656 1.4987 14.7991 8.2561 1.5029 -19.715 -17.422 -44.131
14000100000034 110885535744 45.386 1.1288 21.3489 20.6210 1.1614 21.3397 20.5894 116.482 -100.874 135.822
14000100000061 110445617152 45.327 1.5193 9.1290 15.8523 1.5315 9.1222 15.8318 137.425 93.732 64.714
14000100000050 110381891584 45.317 6.4130 21.1046 13.0996 6.3970 21.0972 13.0957 14.296 -35.925 15.303
14000200000011 110249910272 45.299 17.9040 22.9379 18.0609 17.9020 22.9581 18.0544 294.385 68.005 149.219
14000100000039 109765689344 45.233 4.4294 14.4569 9.0342 4.4275 14.4615 9.0288 -52.127 5.745 20.095
14000200000019 109623623680 45.212 21.0719 21.2785 16.8604 21.0783 21.2750 16.8622 -19.846 -74.137 6.495
14000200000006 109400358912 45.183 23.9324 2.3901 13.7219 23.9336 2.3928 13.7043 21.425 -81.723 -24.317
14000200000009 108649938944 45.080 15.1876 13.6674 11.2859 15.1884 13.6539 11.2876 55.512 32.353 -65.245
14000100000005 108284280832 45.030 4.9269 20.1342 15.2940 4.9209 20.1211 15.2933 11.142 -23.131 -38.423
14000200000016 107919237120 44.978 17.2514 16.9982 13.0837 17.2492 16.9948 13.0877 -80.927 36.597 5.049
14000100000074 107395506176 44.906 18.4218 0.3300 5.3108 18.4284 0.3283 5.3231 72.622 4.574 -56.504
14000200000012 105964404736 44.705 16.7558 18.7300 13.5544 16.7691 18.7176 13.5648 -51.380 -27.794 21.757
14000100000059 105812467712 44.683 23.5838 15.1913 13.0054 23.5941 15.1883 13.0056 6.510 -45.535 -58.069
14000100000053 105475686400 44.636 19.0635 3.8003 19.1199 19.0579 3.7971 19.1225 22.176 -58.710 -115.162
14000100000071 103169449984 44.309 10.0137 15.1296 4.0527 10.0246 15.1307 4.0495 -12.835 16.838 -49.366
14000200000004 101750022144 44.105 4.3813 21.1555 12.2211 4.3741 21.1542 12.2252 5.365 4.243 19.066
14000100000076 99155943424 43.727 12.9606 7.2145 5.1085 12.9524 7.2100 5.0983 -17.043 -39.664 20.024
14000200000035 98505375744 43.630 8.2272 19.3925 18.9600 8.2165 19.3840 18.9532 276.777 39.051 -189.012
14000200000042 96673275904 43.357 6.1195 1.8584 13.9962 6.1103 1.8489 13.9984 -24.344 102.501 66.342
14000200000023 94985707520 43.105 3.1323 12.9216 10.1928 3.1346 12.9210 10.1883 -12.130 -13.940 6.809
14000100000072 94796365824 43.075 6.6777 22.5459 19.5943 6.7090 22.5489 19.5964 -20.814 80.197 49.621
14000200000021 94112292864 42.973 6.7772 2.6001 14.7429 6.7762 2.5992 14.7363 -53.347 2.000 21.733
14000100000037 93711089664 42.911 6.1147 14.2261 14.2851 6.1020 14.2336 14.2706 -56.355 -165.766 -17.316
14000100000019 92660097024 42.749 19.0804 3.4787 18.7316 19.0787 3.4705 18.7422 8.468 -41.846 9.048
14000200000017 92434890752 42.715 18.4881 12.7403 9.8977 18.4733 12.7342 9.9281 21.795 711.833 144.832
14000100000026 90199801856 42.368 24.2302 23.7904 13.7967 24.1986 23.8076 13.7945 -1.358 -28.147 -13.496
14000200000033 89624756224 42.277 24.7020 23.6111 19.4054 24.7112 23.6193 19.4140 25.413 -42.703 77.637
14000200000044 89577865216 42.270 9.7890 16.0239 5.0465 9.7862 16.0443 5.0374 96.481 -8.663 -53.562
14000200000029 88774721536 42.144 20.1373 3.9807 18.1290 20.1421 3.9806 18.1293 -3.216 19.503 6.703
14000100000067 88072765440 42.032 18.6805 13.6001 9.7190 18.6722 13.5972 9.7236 16.028 24.506 52.051
14000200000020 86529048576 41.786 3.8858 20.0909 13.4783 3.8854 20.1060 13.4634 9.379 -28.910 -40.760
14000200000030 86435815424 41.769 11.0348 19.9987 3.1439 11.0301 20.0040 3.1560 65.707 92.043 -32.498
14000200000026 85189091328 41.568 18.9561 2.8038 19.0269 18.9699 2.8083 19.0304 42.643 -14.094 -53.038
14000200000049 84615847936 41.474 9.1180 20.0261 11.8692 9.1143 20.0298 11.8783 -50.752 0.635 -2.424
14000200000060 84344111104 41.430 5.8298 24.4636 12.2043 5.8168 24.4608 12.1974 5.909 34.796 32.348
14000200000025 84098998272 41.390 23.0514 4.0830 15.0607 23.0456 4.0888 15.0671 -9.859 22.682 -39.487
14000100000068 83398754304 41.275 14.0952 0.1439 21.4471 14.1215 0.1339 21.4589 83.588 106.089 -122.733
14000200000031 82330976256 41.099 8.3443 24.0103 12.6494 8.3487 24.0028 12.6537 1.858 9.618 40.087
14000200000056 82173444096 41.073 10.8237 13.8747 6.4366 10.8181 13.8839 6.4486 254.653 45.306 3.834
14000200000061 82155372544 41.069 24.0647 3.4899 15.1615 24.0669 3.4941 15.1597 14.507 -38.865 41.730
14000100000051 81196867584 40.907 2.2260 8.5365 15.1617 2.2284 8.5164 15.1770 50.694 -6.825 1.415
14000200000034 80339632128 40.763 2.5952 23.2661 17.0057 2.6060 23.2682 16.9996 -9.160 40.631 0.160
14000200000063 80327376896 40.763 0.4669 2.7492 15.0707 0.4706 2.7510 15.0660 8.447 74.293 -198.209
14000200000041 80252559360 40.750 22.7026 17.2685 11.7568 22.6812 17.2570 11.7611 63.410 -162.983 -72.544
14000100000070 79872647168 40.685 19.6519 15.6940 12.0331 19.6396 15.6781 12.0297 166.474 55.347 -62.523
14000300000009 79003410432 40.537 10.1566 15.5107 4.0980 10.1574 15.5055 4.0968 60.257 23.005 71.009
14000200000079 78907719680 40.519 17.7834 24.6692 18.6622 17.7786 24.6733 18.6612 5.784 -21.279 82.226
14000200000055 78654464000 40.477 12.6628 10.9456 12.1843 12.6635 10.9471 12.1860 10.931 -7.948 -19.735
14000200000013 78428274688 40.438 16.0076 8.0170 0.1764 16.0097 7.9882 0.1749 -0.866 -23.662 81.276
14000200000077 78247043072 40.408 8.5132 14.9268 13.3835 8.5187 14.9298 13.3887 -6.340 -17.312 14.905
14000200000040 77924245504 40.353 13.2381 19.5571 14.9937 13.2306 19.5598 15.0060 -25.974 -97.963 -0.434
14000100000080 77128523776 40.214 8.2403 17.8224 19.4371 8.2426 17.7858 19.4564 -47.325 -92.814 -72.504
14000300000005 76622503936 40.124 5.2235 21.9462 7.3193 5.2265 21.9432 7.3256 -14.364 -46.663 18.720
14000200000046 76576333824 40.117 6.8145 23.9631 8.5051 6.8165 23.9664 8.5088 24.305 -26.582 73.266
14000200000001 76197625856 40.052 24.7592 16.6743 0.1014 24.7582 16.6653 0.0853 138.429 -63.123 55.427
14000200000068 75895037952 39.997 9.2766 17.5142 19.2385 9.2813 17.5157 19.2387 -6.170 4.949 6.461
14000200000047 75289387008 39.891 14.3490 13.1141 11.7737 14.3433 13.1149 11.7791 -14.608 20.080 6.988
14000200000048 75035557888 39.846 24.4524 20.6944 15.9641 24.4603 20.6930 15.9616 -6.187 -34.376 -36.411
14000300000004 74030964736 39.668 18.3624 23.5436 20.6733 18.3483 23.5474 20.6568 80.282 0.447 -143.639
14000100000062 73421340672 39.559 22.2962 18.6977 14.4440 22.2845 18.7106 14.4449 -89.965 0.162 14.206
14000300000006 73240035328 39.526 17.6100 0.8760 18.8637 17.6029 0.8859 18.8671 20.643 -7.390 -84.818
14000300000000 72604409856 39.410 17.9851 22.3547 17.3256 17.9842 22.3559 17.3311 -46.737 -19.457 28.286
14000300000022 72559403008 39.404 19.4302 12.2445 19.9905 19.4255 12.2468 19.9822 -86.237 1.000 20.939
14000300000016 72111620096 39.323 1.5863 12.9721 14.5490 1.5920 12.9667 14.5524 71.545 42.273 -13.986
14000300000028 71857766400 39.275 3.3210 19.9918 14.0344 3.3443 19.9993 14.0313 -38.981 106.580 122.675
14000300000001 71518109696 39.214 21.6379 22.3715 14.6986 21.6363 22.3740 14.6949 -7.660 -2.036 -1.581
14000300000002 71276077056 39.170 13.4385 7.0030 2.3444 13.4386 6.9917 2.3459 -16.256 1.326 36.824
14000300000008 71046897664 39.127 2.5479 11.0197 12.0454 2.5547 11.0182 12.0381 9.332 -20.438 3.929
14000200000065 70411878400 39.012 22.1358 19.4429 14.9379 22.1447 19.4401 14.9304 3.953 73.879 -13.018
14000300000033 70184951808 38.969 23.0362 22.4633 22.1157 23.0460 22.4609 22.1148 31.249 78.665 57.830
14000200000053 69740560384 38.886 20.4023 15.3408 20.0011 20.4118 15.3480 20.0042 17.102 -39.505 5.373
14000200000005 68953006080 38.738 5.8441 8.8084 7.7874 5.8449 8.8048 7.7817 0.258 11.547 5.627
14000300000010 68949786624 38.739 13.2477 17.0922 7.4096 13.2466 17.0931 7.4096 3.008 -7.522 15.635
14000200000069 68755701760 38.703 3.7560 20.8874 19.6563 3.7528 20.8868 19.6603 19.396 -9.850 18.639
14000200000022 68689281024 38.689 12.1668 5.6705 2.4181 12.1691 5.6727 2.4279 -55.498 19.962 -29.251
14000300000027 68034867200 38.566 9.7514 3.8526 12.2423 9.7576 3.8447 12.2499 -12.619 36.283 3.910
14000200000067 67726106624 38.509 7.8157 0.9579 13.8532 7.8261 0.9539 13.8591 4.466 24.626 50.621
14000100000066 67592331264 38.482 19.1179 3.5801 18.0034 19.0933 3.5868 18.0265 21.391 -115.887 82.451
14000300000015 67200442368 38.408 20.0240 18.2955 18.3483 20.0338 18.2993 18.3520 -2.666 -13.813 -11.437
14000100000079 67120951296 38.394 16.5826 12.4697 5.6766 16.5828 12.4665 5.6735 -8.471 -7.230 39.882
14000300000024 66914107392 38.352 15.8438 9.6005 9.5810 15.8437 9.5959 9.5755 -26.758 -11.426 23.512
14000300000038 66647883776 38.302 7.5949 21.8528 12.9382 7.5937 21.8588 12.9437 35.997 52.329 -31.111
14000200000081 66307735552 38.239 22.5812 18.2681 14.3169 22.5812 18.2633 14.3093 -6.246 42.071 -31.194
14000200000072 66283663360 38.232 1.9318 21.6985 18.5681 1.9283 21.6989 18.5714 -17.926 -25.427 15.500
14000200000043 66070491136 38.192 21.3096 12.9965 10.1106 21.3199 12.9845 10.0863 78.357 -18.877 51.154
14000200000059 65357373440 38.055 1.8170 19.1449 4.4030 1.8160 19.1677 4.4070 -31.828 38.773 -12.319
14000200000028 63356641280 37.662 11.2085 20.9513 13.6367 11.2368 20.9366 13.6540 41.015 -2.717 -91.232
14000300000019 63140384768 37.620 5.2726 9.4337 6.3326 5.2690 9.4226 6.3334 27.738 -15.498 -6.248
14000300000057 62908370944 37.572 15.9636 23.9538 19.8185 15.9789 23.9601 19.8247 30.525 -56.983 -47.404
14000300000042 62654410752 37.522 0.0264 16.7117 24.3283 0.0280 16.7141 24.3324 -47.208 -80.580 -18.473
14000200000062 62546075648 37.500 12.9657 6.0086 5.8904 12.9711 6.0160 5.8843 26.490 8.890 47.443
14000300000012 62184611840 37.428 15.0469 11.1834 4.4899 15.0464 11.1798 4.4941 6.982 6.826 -49.836
14000200000071 61985292288 37.389 23.8152 24.1003 19.9495 23.8195 24.0976 19.9523 -6.912 4.456 39.520
14000300000020 60293537792 37.045 10.8945 1.6295 15.5155 10.8945 1.6332 15.5192 47.979 -30.978 1.456
14000300000021 60186152960 37.024 9.5341 17.2881 22.1230 9.5375 17.2903 22.1225 -69.467 57.123 -95.744
14000300000047 59805151232 36.943 20.8769 24.2456 15.0043 20.8725 24.2429 15.0059 -3.842 -28.905 -32.612
14000300000065 59379707904 36.856 10.5166 7.6739 4.1280 10.5198 7.6745 4.1202 -10.938 -8.011 -4.688
14000300000071 59309273088 36.841 15.2834 15.4500 12.6469 15.2837 15.4543 12.6456 -12.578 -5.797 -28.178
14000200000037 59160133632 36.811 5.7980 8.0952 7.8941 5.8112 8.1081 7.8768 32.263 71.976 81.064
14000300000046 58822082560 36.742 13.0753 14.9212 18.4642 13.0736 14.9079 18.4722 71.976 -28.629 -18.341
14000300000052 58699423744 36.714 16.7984 8.7297 24.6692 16.8073 8.7334 24.6625 -13.866 10.179 9.185
14000400000002 58236858368 36.619 15.5998 14.4097 11.3086 15.6007 14.4018 11.3064 5.990 7.366 38.409
14000300000061 57687334912 36.503 11.0520 21.3666 8.8149 11.0499 21.3547 8.8316 -96.752 27.266 20.675
14000300000077 57396539392 36.441 22.9052 23.9718 18.0363 22.8985 23.9650 18.0300 -4.504 -25.705 8.918
14000300000068 56979116032 36.354 11.9751 17.6910 19.8178 11.9742 17.6939 19.8271 19.786 -23.486 7.941
14000300000066 56626843648 36.278 12.3680 19.1423 10.7871 12.3685 19.1411 10.7895 -1.169 10.927 -16.877
14000300000029 56244649984 36.197 4.5868 21.4107 11.8430 4.5630 21.4158 11.8445 -61.997 -52.770 -5.598
14000200000050 55312777216 35.995 5.6566 14.0603 10.8708 5.6484 14.0632 10.8674 34.845 33.130 -85.701
14000400000029 55121227776 35.953 17.5246 22.1698 11.6513 17.5217 22.1695 11.6417 -28.384 2.968 33.495
14000300000055 54903734272 35.907 23.8943 18.2075 1.9034 23.9030 18.2056 1.9192 -83.745 -59.825 -20.924
14000400000006 54763106304 35.874 14.5272 1.6032 9.7845 14.5255 1.5994 9.7820 -14.072 2.189 -11.914
14000300000007 54688071680 35.860 3.7312 23.6069 10.5323 3.7223 23.6058 10.5414 1.876 53.959 17.336
14000300000067 54174650368 35.747 18.6806 19.4790 10.6589 18.6788 19.4867 10.6706 46.069 -29.862 9.118
14000200000054 54138245120 35.737 23.1807 2.8038 15.0627 23.1863 2.8157 15.0665 -23.373 -90.544 75.323
14000300000064 53832560640 35.672 3.4737 11.2348 11.5691 3.4713 11.2378 11.5739 -17.728 19.441 -1.755
14000300000060 53721214976 35.646 24.6276 23.5752 20.0244 24.6227 23.5813 20.0323 -60.091 3.497 -34.269
14000300000031 53412335616 35.578 24.6684 16.5111 1.5453 24.6684 16.5174 1.5319 -27.494 18.631 1.395
14000400000011 52824973312 35.448 4.5763 21.5516 15.5267 4.5859 21.5483 15.5199 -28.197 -79.388 -18.966
14000200000051 52258942976 35.319 15.3709 13.7441 24.1299 15.3827 13.7302 24.1357 25.972 -23.002 57.335
14000300000032 51976663040 35.255 21.4672 15.5867 20.0937 21.4679 15.5795 20.0975 -22.028 -12.413 -3.900
14000300000023 51537203200 35.158 24.7429 5.9953 14.3441 24.7469 6.0031 14.3396 24.080 -15.856 2.960
14000400000001 51174756352 35.075 21.9723 10.2690 16.6267 21.9723 10.2587 16.6354 40.929 -65.467 -58.369
14000400000009 50772451328 34.983 6.0852 15.1056 11.9406 6.0849 15.1041 11.9352 10.287 16.711 -11.923
14000200000070 50104692736 34.829 6.0218 23.7709 8.9526 6.0274 23.7734 8.9464 22.706 -37.892 14.385
14000400000042 49903751168 34.781 6.3967 12.3440 0.7352 6.3894 12.3582 0.7438 12.779 40.147 -15.262
14000300000036 49828433920 34.763 15.8263 3.1220 10.7728 15.8152 3.1120 10.7547 41.835 -33.555 -14.910
14000200000066 49383936000 34.660 7.1938 12.6514 14.6823 7.1897 12.6335 14.6666 14.250 18.921 1.103
14000400000036 49319612416 34.644 11.4274 17.6963 6.6163 11.4305 17.7031 6.5977 -55.512 -53.150 -14.502
14000400000016 48896372736 34.545 23.3140 24.6250 19.3369 23.3163 24.6254 19.3400 -8.255 -8.203 2.112
14000200000052 48863969280 34.537 13.9130 8.5862 8.6451 13.9234 8.5851 8.6601 6.421 -9.651 9.565
14000200000058 48812470272 34.525 16.2099 2.9063 19.8704 16.2263 2.9033 19.8772 -13.556 20.352 69.888
14000400000032 48498954240 34.453 23.5539 22.8425 20.7886 23.5480 22.8442 20.7870 4.577 -0.513 -16.665
14000300000040 48174022656 34.375 6.3886 14.6688 12.9943 6.3868 14.6765 12.9828 52.807 -30.696 -27.678
14000400000080 48080384000 34.353 11.2631 20.1456 7.9780 11.2651 20.1412 7.9761 -5.782 7.352 -26.740
14000400000005 48044519424 34.343 6.5235 5.5621 7.9995 6.5310 5.5682 7.9939 3.025 -40.122 16.407
14000400000034 47630503936 34.246 19.8816 20.1217 16.0577 19.8830 20.1316 16.0720 20.399 -19.164 4.644
14000400000062 47563599872 34.229 11.4790 7.0259 5.5177 11.4781 7.0286 5.5194 8.146 -5.009 -7.304
14000300000078 47157645312 34.131 13.6524 9.9001 9.2882 13.6543 9.9170 9.2847 -89.354 -0.115 -50.694
14000300000076 47106191360 34.119 15.9059 12.0784 8.5489 15.9107 12.0801 8.5438 -9.141 93.569 -2.325
14000400000081 47094722560 34.116 20.2731 24.0584 0.9925 20.2754 24.0556 1.0032 -6.531 -0.004 -1.476
14000500000007 46392872960 33.947 16.0480 9.4789 11.2326 16.0447 9.4842 11.2352 -53.830 -8.442 -27.123
14000300000011 46377644032 33.941 21.7591 4.4492 14.7497 21.7796 4.4735 14.7402 -49.349 52.276 72.530
14000400000008 46358331392 33.936 17.9389 6.1877 21.0544 17.9401 6.1895 21.0565 -15.754 0.282 3.534
14000500000008 45566619648 33.743 16.7127 16.8280 9.7069 16.7101 16.8288 9.7066 40.239 11.648 0.499
14000500000003 45508521984 33.728 10.4757 4.9967 7.3371 10.4774 4.9992 7.3352 9.670 -18.149 15.286
14000500000010 45490073600 33.723 18.4009 1.1734 20.0951 18.4015 1.1744 20.0973 -34.360 -15.156 -37.002
14000400000037 45438652416 33.711 4.2666 11.0928 23.2195 4.2686 11.1063 23.2252 -9.191 14.714 -13.810
14000300000025 44041539584 33.362 1.1690 9.2851 6.8330 1.1412 9.3020 6.8343 -12.009 -20.662 21.497
14000500000009 43890118656 33.323 8.4246 15.2780 5.7611 8.4255 15.2745 5.7604 -30.172 12.128 -17.040
14000500000018 42386644992 32.939 11.8700 6.0120 5.8028 11.8682 6.0099 5.8030 0.211 2.738 -7.875
14000500000047 42370830336 32.936 11.7948 14.0332 21.3026 11.7964 14.0286 21.2997 6.958 6.421 9.940
14000500000026 42166345728 32.882 23.5847 7.3372 23.7348 23.5907 7.3327 23.7320 7.193 8.061 -13.649
14000400000052 42029064192 32.847 4.1845 10.1617 10.3567 4.1805 10.1600 10.3581 16.512 -0.289 -2.607
14000200000027 41867800576 32.803 18.8198 11.4482 19.5793 18.8345 11.4848 19.5904 -54.696 15.721 74.006
14000400000076 41430740992 32.689 22.1507 9.3111 16.6971 22.1527 9.3144 16.6983 46.056 -56.400 81.878
14000500000039 41406693376 32.684 20.2453 3.0344 18.4641 20.2457 3.0379 18.4635 -2.970 -15.980 2.363
14000500000041 41133436928 32.611 12.7885 10.5118 14.4868 12.7896 10.5066 14.4742 -17.380 2.680 -6.020
14000500000024 40832118784 32.531 21.8445 11.4196 17.2730 21.8401 11.4113 17.2664 -10.681 -11.073 40.196
14000400000072 40564891648 32.461 24.6688 4.5177 14.9296 24.6705 4.5184 14.9319 42.343 31.602 6.328
14000500000020 40426090496 32.423 13.0351 19.4285 15.2061 13.0397 19.4337 15.2070 -34.659 -7.204 4.983
14000500000045 40359763968 32.405 18.6485 13.2704 10.2781 18.6500 13.2705 10.2789 6.299 17.018 18.024
14000300000039 40295518208 32.389 14.4112 21.2023 16.0855 14.4121 21.2025 16.0752 40.117 24.376 41.475
14000400000017 40144424960 32.349 16.3951 4.5344 1.5665 16.3985 4.5301 1.5636 1.507 -22.674 -3.170
14000200000080 40103923712 32.336 10.9170 10.5632 11.0363 10.9057 10.5541 11.0264 7.455 -66.492 78.840
14000500000064 39298179072 32.118 14.7886 13.5629 8.4933 14.7813 13.5639 8.4949 3.347 -21.917 29.051
14000400000058 39016443904 32.042 23.5462 13.3480 8.1901 23.5490 13.3533 8.1872 3.337 -22.344 18.118
14000400000074 38760701952 31.972 10.7847 20.5032 4.6343 10.7851 20.4979 4.6376 18.641 -9.528 24.130
14000400000000 38751985664 31.968 7.6146 17.4356 8.5436 7.6100 17.4313 8.5466 24.969 -20.205 1.511
14000400000038 38624747520 31.934 17.2372 4.9298 21.2311 17.2435 4.9197 21.2157 -7.206 -6.217 -5.535
14000500000011 38415024128 31.877 9.5410 18.8513 0.0313 9.5415 18.8594 0.0290 -14.105 -11.046 -21.543
14000400000075 38350417920 31.858 20.4697 17.0267 11.7822 20.4676 17.0232 11.7863 8.933 -2.489 14.911
14000300000043 37614006272 31.654 9.4002 2.6788 13.6261 9.3949 2.6749 13.6288 3.202 -27.960 -22.172
14000500000051 37427822592 31.601 1.0726 14.5420 11.7499 1.0700 14.5353 11.7519 22.818 16.591 -15.657
14000600000000 36578553856 31.361 10.8203 17.8325 16.3471 10.8099 17.8193 16.3382 73.103 25.206 -138.721
14000600000012 36303585280 31.282 0.1856 21.3487 16.2867 0.1853 21.3496 16.2860 31.653 -22.858 19.491
14000500000017 35766464512 31.127 23.0066 0.2840 19.6631 23.0146 0.2767 19.6654 -79.493 19.396 -17.871
14000600000057 35746263040 31.121 13.9578 9.1842 7.3617 13.9571 9.1856 7.3612 14.749 4.543 -19.940
14000500000068 35653492736 31.094 24.0260 18.6313 18.9691 24.0257 18.6372 18.9642 -13.342 -1.825 7.205
14000200000074 35377688576 31.014 23.3078 2.7452 15.3208 23.3116 2.7361 15.3183 -4.483 5.404 -1.164
14000600000038 35280130048 30.984 5.5144 14.3337 13.9109 5.5115 14.3351 13.9123 2.267 4.312 -7.072
14000500000081 34955968512 30.889 16.6605 17.0497 9.6380 16.6627 17.0511 9.6420 29.608 -27.953 -20.050
14000600000067 34657579008 30.801 16.2869 11.2769 4.3997 16.2888 11.2762 4.4000 7.820 16.688 17.073
14000500000016 34315612160 30.699 1.2002 21.0398 6.1467 1.1958 21.0409 6.1501 2.328 14.310 -1.513
14000500000078 34306717696 30.697 22.3311 8.2336 16.6967 22.3277 8.2428 16.6959 -37.169 -29.946 -29.089
14000400000068 33844424704 30.558 6.0988 2.8629 8.7518 6.0970 2.8612 8.7504 -59.269 25.179 26.884
14000600000059 32598278144 30.178 17.1922 5.6492 22.2512 17.1940 5.6491 22.2510 -18.044 3.255 20.883
14000500000000 32365570048 30.107 15.0178 23.9912 18.3151 15.0215 23.9855 18.3110 18.700 -13.746 0.395
14000300000044 32071299072 30.014 3.2677 20.9986 14.3097 3.2648 20.9972 14.3096 18.876 -41.651 -17.558
14000500000077 31859245056 29.950 6.2864 1.5307 8.9799 6.2897 1.5309 8.9783 29.223 19.087 -8.903
14000300000080 31210582016 29.745 8.5693 8.5027 3.9768 8.5774 8.5131 3.9812 -26.493 26.098 27.568
14000600000051 31134797824 29.720 18.5931 19.2921 14.9443 18.5952 19.2920 14.9428 2.607 7.904 3.896
14000700000067 30424608768 29.492 17.4352 2.1040 18.5517 17.4366 2.1068 18.5467 55.288 -4.459 11.341
14000500000053 30308534272 29.454 7.1533 11.0602 0.9121 7.1549 11.0557 0.9215 13.579 -23.440 -6.115
14000600000072 30285957120 29.447 16.1995 9.4739 10.0884 16.2023 9.4755 10.0858 -0.096 -28.427 -5.417
14000700000041 30170107904 29.410 18.4280 22.5261 14.7961 18.4293 22.5185 14.7874 23.903 22.681 -5.754
14000700000005 29744859136 29.272 15.7219 22.6681 14.9962 15.7233 22.6664 14.9855 -31.564 0.617 -3.197
14000600000074 28968839168 29.014 1.4741 24.3092 9.8870 1.4740 24.3034 9.8888 -16.593 -5.193 -4.698
14000700000053 28839354368 28.971 17.8060 18.6659 13.9381 17.8110 18.6804 13.9404 2.384 15.476 4.756
14000200000014 27648792576 28.567 0.8039 21.7126 21.5284 0.7931 21.7232 21.5259 3.652 -16.714 -31.174
14000700000021 27081725952 28.371 23.8416 22.3689 21.9898 23.8432 22.3676 21.9868 -1.362 -6.328 6.799
14000800000023 23746936832 27.154 13.8979 20.1705 15.1625 13.8978 20.1679 15.1591 -16.941 8.004 -4.197
14000900000036 21634809856 26.324 23.3041 2.5534 15.0473 23.3036 2.5541 15.0447 3.622 12.666 0.552
14000700000010 20922009600 26.031 9.1153 11.8334 2.5295 9.1317 11.8350 2.5331 -30.218 26.971 44.640
