haloID mh rh halo_x halo_y halo_z gal_x gal_y gal_z spin_x spin_y spin_z
27000000000000 14789433622528 500.857 16.4499 24.4933 17.7690 16.4610 24.5129 17.8105 1283.676 -489.168 -515.001
27000000000001 9507715416064 432.260 5.1142 14.0571 11.2703 5.1536 14.0875 11.2464 -3878.297 2500.031 -2611.574
27000000000005 5579252695040 361.899 9.1603 12.8683 2.8756 9.1791 12.8883 2.8847 3093.542 -2712.333 666.588
27000000000006 4594766184448 339.225 6.4449 24.2201 11.1701 6.4412 24.2142 11.1910 -165.192 -327.014 -241.108
27000000000007 4526718320640 337.535 21.0711 21.2728 15.9691 21.0826 21.2539 15.9302 -367.639 -6920.535 2000.477
27000000000003 4522742120448 337.422 19.6114 13.3361 11.5067 19.6058 13.3297 11.4924 -84.066 -153.518 1027.673
27000000000010 4375625334784 333.722 23.0058 0.2478 15.9442 23.0079 0.2478 15.9495 -108.793 623.852 -64.450
27000000000004 4296847917056 331.720 23.7992 22.2771 18.5863 23.8037 22.3070 18.5694 -1382.822 1476.650 1297.853
27000000000009 3944739504128 322.387 12.2777 19.5770 16.5928 12.2804 19.5768 16.5897 -135.966 194.748 67.601
27000000000011 3726430699520 316.346 10.6613 17.1429 3.8171 10.6436 17.1426 3.8215 133.888 -398.214 -165.692
27000000000002 3634650939392 313.719 23.0066 23.6733 16.6776 23.0032 23.6437 16.6626 845.786 -437.729 462.924
27000000000008 3126671441920 298.354 12.7441 7.6842 4.9506 12.7012 7.6821 4.9617 -687.934 -802.640 380.725
27000000000012 3105747632128 297.699 11.4994 20.4079 10.6334 11.4895 20.3938 10.6207 -133.560 -547.208 -42.184
27000000000016 3069775446016 296.552 17.3417 3.7154 19.7270 17.3492 3.7173 19.7312 -1228.245 1101.367 -688.968
27000000000018 2873941557248 290.088 13.9564 11.0478 6.4250 13.9547 11.0482 6.3976 13.018 -78.205 81.155
27000000000020 2723958226944 284.959 13.6010 20.3868 15.6052 13.5954 20.3844 15.6116 92.608 51.437 -134.294
27000000000021 2513626464256 277.423 21.9424 24.2394 16.5531 21.9418 24.2327 16.5487 -40.148 -116.086 -32.756
27000000000017 2160851550208 263.800 9.8599 2.6245 13.2628 9.8713 2.6449 13.2654 243.915 838.028 -250.600
27000000000015 2135179395072 262.738 7.5027 10.2762 8.1609 7.5187 10.2692 8.1687 -35.783 170.330 32.832
27000000000022 2120424488960 262.128 10.4765 15.3745 5.1841 10.4719 15.3661 5.1745 667.685 -177.452 122.046
27000000000023 1889123172352 252.236 9.1613 10.5827 5.1284 9.1592 10.5810 5.1257 1207.348 -168.563 -1471.854
27000000000019 1856945782784 250.797 7.7383 19.6521 19.6280 7.7153 19.6468 19.6193 -436.246 486.321 152.453
27000000000024 1801749790720 248.293 18.4888 1.4032 17.6430 18.4892 1.4093 17.6438 261.327 -350.302 -184.793
27000000000014 1772633063424 246.941 22.1359 3.6682 15.7415 22.1582 3.6568 15.6966 1829.185 985.260 -403.234
27000000000026 1764996808704 246.576 14.4061 13.6594 0.0826 14.4202 13.6346 0.0659 1289.958 94.959 640.576
27000000000025 1505686323200 233.866 7.1677 0.9797 13.3210 7.1771 0.9763 13.3252 171.698 491.964 920.879
27000000000013 1443564486656 230.607 5.4337 22.2701 13.1455 5.4265 22.2183 13.1517 1165.189 -532.155 -326.117
27000000000030 1405431578624 228.558 20.8413 3.3686 15.9997 20.8420 3.3742 16.0059 -340.169 447.093 530.030
27000000000028 1399470817280 228.228 14.3953 11.3633 7.8587 14.3913 11.3595 7.8531 342.255 -35.876 -298.561
27000000000033 1314279522304 223.500 10.6304 17.1048 5.6894 10.6293 17.1059 5.6814 478.300 82.325 1606.815
27000000000029 1247428739072 219.648 6.6853 23.2824 12.6309 6.6805 23.2838 12.6305 1.284 -125.259 23.965
27000000000035 1160104116224 214.395 21.4307 5.4060 15.0530 21.4221 5.4044 15.0542 34.371 -99.152 -66.815
27000000000027 1126331580416 212.293 22.6401 16.1139 13.2513 22.6305 16.1085 13.2564 140.889 -562.054 211.291
27000000000036 1081236324352 209.416 13.1354 15.6923 17.7648 13.1362 15.6868 17.7619 269.500 139.638 112.970
27000000000034 939465965568 199.836 13.9718 10.9753 7.4573 13.9572 10.9509 7.4920 345.776 1263.760 1161.426
27000000000041 934862389248 199.509 19.9794 0.3230 16.9075 19.9798 0.3254 16.9079 -372.889 631.869 -825.974
27000000000039 932479041536 199.339 10.6019 19.4580 7.3276 10.5929 19.4579 7.3188 -310.281 41.784 -577.454
27000000000038 922374373376 198.613 20.8107 16.7921 18.5593 20.8072 16.7986 18.5609 -251.489 348.162 534.830
27000000000042 917822046208 198.291 18.4451 10.9948 19.0044 18.4362 10.9898 19.0113 687.534 388.904 614.998
27000000000040 896294649856 196.722 1.4650 17.5888 4.2968 1.4724 17.5778 4.3088 417.063 113.847 157.095
27000000000032 892321529856 196.442 15.9501 12.2139 9.7865 15.9353 12.2212 9.7693 165.042 354.933 -1100.968
27000000000044 832097746944 191.915 12.8517 7.1787 10.3072 12.8345 7.1765 10.3185 286.071 18.311 746.165
27000000000043 797060104192 189.186 16.5258 9.3349 23.1652 16.5146 9.3329 23.1659 191.101 -302.244 392.368
27000000000045 792380112896 188.811 1.5733 8.5166 14.3957 1.5788 8.5134 14.3940 -158.618 -229.237 -139.309
27000000000037 714124886016 182.380 15.7360 8.5513 0.3331 15.7271 8.5425 0.3605 1552.802 97.270 358.109
27000000000050 701189193728 181.277 8.9239 21.7114 12.7587 8.9352 21.7058 12.7529 139.131 725.750 234.365
27000000000031 676259561472 179.094 4.0728 21.3684 14.1381 4.0265 21.3605 14.1558 449.853 -139.231 395.449
27000000000053 675592208384 179.042 2.0755 15.5761 8.5667 2.0767 15.5758 8.5619 107.322 -62.220 -133.327
27000000000055 660336017408 177.686 6.4483 2.1064 13.4740 6.4493 2.1035 13.4743 114.905 -241.685 -368.177
27000000000054 644617601024 176.263 9.3970 19.4933 18.7932 9.3985 19.4944 18.7896 9.523 64.298 -25.331
27000000000056 644132765696 176.210 12.3523 20.7544 10.8191 12.3477 20.7530 10.8171 7.865 9.017 10.376
27000000000048 635788328960 175.451 18.5160 20.6783 15.2414 18.5179 20.6845 15.2475 -156.289 -22.843 86.581
27000000000049 618631069696 173.855 15.9257 8.6439 24.0471 15.9153 8.6529 24.0329 254.892 571.391 311.328
27000000000046 613828919296 173.412 13.2130 11.7021 14.7558 13.2164 11.6923 14.7479 -338.373 -163.557 43.892
27000000000051 597872017408 171.893 21.2682 18.7601 17.6578 21.2735 18.7594 17.6553 224.981 -34.735 -292.076
27000000000047 563954253824 168.582 16.6432 21.0213 14.9432 16.6425 21.0290 14.9452 34.901 -20.453 -32.699
27000000000058 548121346048 166.986 6.0477 12.4087 9.8219 6.0364 12.4188 9.8289 -436.050 -131.770 -789.756
27000100000000 519535132672 164.024 14.1206 17.3002 18.4670 14.1374 17.2981 18.4642 -4.411 -174.901 -62.622
27000000000057 513825669120 163.424 7.0623 23.4258 10.4998 7.0644 23.4204 10.4929 -313.870 231.629 -315.705
27000100000004 498394431488 161.775 19.8223 2.6666 16.6800 19.8237 2.6646 16.6799 49.261 -496.783 -167.446
27000000000059 498217123840 161.755 10.3699 3.8654 12.4741 10.3741 3.8665 12.4727 -227.580 165.915 135.450
27000100000002 491054923776 160.975 21.2286 11.1014 21.8716 21.2344 11.0942 21.8754 156.385 24.409 -634.632
27000100000003 487223394304 160.550 10.2223 16.9415 0.2049 10.2201 16.9452 0.2066 250.037 101.076 -8.212
27000100000012 453341118464 156.750 11.4432 4.1189 9.7497 11.4465 4.1209 9.7492 -15.666 5.920 -24.998
27000100000005 444655927296 155.737 5.4589 13.5132 10.5701 5.4566 13.5064 10.5667 231.167 299.631 -94.270
27000100000010 444095266816 155.673 14.5881 13.1794 11.4744 14.5966 13.1834 11.4647 135.956 -163.024 -198.264
27000100000015 436380041216 154.765 6.7421 3.3263 13.5832 6.7466 3.3283 13.5822 41.734 -118.249 -240.785
27000100000014 436338655232 154.759 20.0116 19.7909 15.1568 20.0108 19.7863 15.1556 -437.816 -165.353 -345.044
27000100000011 427582062592 153.711 13.2690 5.9923 2.7964 13.2809 5.9934 2.7915 -46.279 -54.772 108.203
27000100000009 427542544384 153.709 19.7001 15.7680 12.4677 19.6939 15.7750 12.4622 -238.240 260.505 320.114
27000100000007 420238393344 152.833 11.9784 5.6055 11.3266 11.9765 5.6115 11.3273 -4.698 -6.548 31.065
27000000000052 417919074304 152.551 1.9474 22.3004 15.8967 1.9521 22.2968 15.9106 93.730 -92.139 43.457
27000100000013 411721138176 151.794 20.8623 20.0043 16.8172 20.8666 19.9953 16.8222 -159.254 44.837 254.610
27000100000019 408249565184 151.362 10.2643 9.5823 12.8305 10.2626 9.5909 12.8372 148.344 -59.276 84.403
27000100000008 406202384384 151.108 13.2752 20.9799 23.0210 13.2790 20.9813 23.0152 23.844 132.192 -149.212
27000100000017 399518531584 150.273 0.7218 17.5069 21.4958 0.7298 17.5045 21.4970 8.382 -18.347 -16.636
27000100000018 387160080384 148.717 11.5536 6.8630 11.6186 11.5523 6.8639 11.6162 -35.857 -43.497 -8.594
27000100000016 387110535168 148.710 15.0688 13.3314 11.2222 15.0630 13.3394 11.2240 105.337 13.330 50.977
27000100000001 383599312896 148.258 15.5507 14.9871 19.7284 15.5639 14.9718 19.7160 53.162 -161.071 -168.350
27000100000023 359583744000 145.089 11.6662 5.0516 11.1329 11.6688 5.0569 11.1304 76.213 -17.749 43.080
27000100000022 357972410368 144.872 14.5736 3.8035 6.1067 14.5805 3.7991 6.1061 -53.781 -156.879 169.006
27000100000020 356601233408 144.697 9.8780 18.1421 22.4324 9.8710 18.1477 22.4334 -393.586 -535.624 -149.800
27000100000021 349154574336 143.675 7.5739 6.6712 9.0703 7.5693 6.6730 9.0740 1.620 29.140 37.054
27000100000006 343155310592 142.850 0.1342 6.6916 14.4851 0.1268 6.6804 14.4881 92.000 -28.551 -29.602
27000100000027 342390341632 142.743 9.1320 2.3937 13.2595 9.1340 2.3924 13.2582 155.605 108.287 -0.037
27000100000025 337176297472 142.012 7.1376 1.3504 10.5592 7.1365 1.3503 10.5606 -113.667 -34.086 -163.481
27000100000038 321916665856 139.845 3.1590 6.4527 14.1158 3.1593 6.4499 14.1184 -19.029 118.457 80.014
27000100000032 320112918528 139.574 24.9555 17.2802 0.0466 24.9601 17.2821 0.0338 -63.222 188.429 -201.663
27000100000026 314712653824 138.787 2.6109 16.0756 8.4166 2.6186 16.0723 8.4154 -178.534 99.667 -121.205
27000100000031 305168384000 137.367 17.0719 0.1299 5.5431 17.0705 0.1316 5.5420 -19.092 -26.041 3.916
27000100000036 299176067072 136.467 17.7529 13.4135 10.6578 17.7529 13.4117 10.6606 29.594 18.543 5.300
27000100000043 294972358656 135.819 11.0230 17.4481 2.7306 11.0239 17.4465 2.7293 322.915 -177.799 -108.757
27000100000028 291322396672 135.267 0.8395 22.9576 14.8639 0.8497 22.9887 14.8807 269.222 -888.724 1624.235
27000100000030 290501722112 135.132 6.7871 22.4905 12.7798 6.7868 22.4926 12.7814 269.384 166.879 -111.621
27000100000040 286688673792 134.543 9.2375 17.7787 7.8514 9.2437 17.7648 7.8618 175.436 -208.267 -53.081
27000100000041 281144819712 133.672 23.2342 21.3950 18.1911 23.2369 21.3907 18.1965 -20.075 12.997 1.780
27000100000042 278546481152 133.253 6.5105 20.9229 18.0788 6.5068 20.9243 18.0818 8.490 -227.923 136.867
27000100000029 277598404608 133.101 14.9901 10.9262 9.4827 14.9872 10.9274 9.4777 -162.017 186.550 44.150
27000100000051 263245316096 130.770 8.9069 13.8251 13.8195 8.9019 13.8290 13.8196 42.223 5.421 -63.984
27000000000060 263028965376 130.734 0.4614 13.8669 10.0513 0.4379 13.8627 9.9873 7.528 -1433.965 117.994
27000100000050 261413486592 130.461 8.2319 19.3129 20.3914 8.2303 19.3095 20.3901 -22.630 -10.438 10.922
27000100000054 259137388544 130.084 12.7810 0.7305 15.2611 12.7795 0.7275 15.2618 373.616 167.447 561.899
27000100000039 257940144128 129.882 13.6428 9.9273 8.5757 13.6446 9.9268 8.5752 349.456 -174.822 -159.560
27000100000024 255418122240 129.464 10.8913 18.1741 20.3706 10.9064 18.1629 20.3769 131.700 137.225 -78.963
27000100000033 255160172544 129.413 12.9780 11.0793 12.0350 12.9827 11.0856 12.0565 122.244 49.152 -56.206
27000100000044 251462189056 128.789 18.5522 19.4584 14.0920 18.5534 19.4567 14.0890 24.542 31.695 -116.408
27000100000035 246263611392 127.891 18.5757 21.3455 16.1370 18.5845 21.3438 16.1374 15.429 48.542 -127.000
27000100000057 229445369856 124.916 16.2152 16.3278 10.6718 16.2235 16.3298 10.6710 22.390 178.669 220.555
27000100000058 224985874432 124.096 24.0246 16.1667 2.6506 24.0241 16.1664 2.6602 -138.695 103.148 -53.746
27000100000045 224164134912 123.945 10.3638 18.3414 21.5286 10.3641 18.3445 21.5348 -109.601 190.428 -84.729
27000100000056 214509010944 122.142 11.7404 5.6624 12.1113 11.7328 5.6607 12.1059 -13.875 -24.146 78.426
27000200000001 213943615488 122.032 6.9919 14.1183 13.0383 6.9874 14.1220 13.0349 -39.381 -18.280 -12.957
27000200000005 211755433984 121.617 7.6102 15.1243 12.8052 7.6088 15.1304 12.8050 -2.719 4.567 37.335
27000100000055 206450507776 120.598 8.9734 19.1304 18.9688 8.9656 19.1209 18.9751 -38.343 67.489 3.145
27000100000047 204207702016 120.152 9.7961 13.8705 6.4005 9.8005 13.8517 6.4157 -55.692 -39.185 -121.623
27000200000003 203133124608 119.944 11.2849 17.3983 21.6382 11.2829 17.3984 21.6394 5.252 11.716 23.346
27000200000009 201413591040 119.607 14.9591 15.9451 19.2331 14.9592 15.9451 19.2358 -159.265 15.644 206.804
27000100000049 200966242304 119.511 0.1353 22.5638 17.2058 0.1466 22.5670 17.2041 -13.981 46.345 21.419
27000200000008 196294115328 118.583 15.2624 16.1046 12.4515 15.2619 16.1054 12.4506 54.321 57.450 -1.498
27000100000046 195688579072 118.460 16.2818 8.8792 14.3678 16.2870 8.8849 14.3916 -20.541 -10.893 21.143
27000200000020 191457722368 117.600 2.9386 21.3145 18.3750 2.9424 21.3122 18.3699 -76.331 -147.983 -21.814
27000200000000 189005692928 117.097 14.8807 8.3376 2.1357 14.8836 8.3330 2.1348 5.564 -2.070 -42.859
27000200000015 188420964352 116.979 9.3486 12.9299 4.2966 9.3454 12.9291 4.2958 -30.665 -34.618 21.030
27000200000016 185789775872 116.425 12.2676 20.2930 13.7375 12.2664 20.2908 13.7356 25.528 40.638 9.188
27000200000022 185345490944 116.338 17.3583 19.8891 14.6732 17.3595 19.8902 14.6727 -16.826 1.739 -1.440
27000100000048 182187098112 115.671 17.8149 18.6206 12.9747 17.8280 18.6128 12.9808 18.576 95.191 128.494
27000200000007 181793226752 115.589 16.4688 1.0641 21.6558 16.4702 1.0556 21.6530 -385.750 -84.490 248.140
27000200000013 179413319680 115.078 8.1841 20.4226 21.5902 8.1897 20.4278 21.5938 -19.026 28.869 -8.775
27000200000026 176678273024 114.495 4.7431 18.1902 1.7540 4.7474 18.1896 1.7515 30.921 42.467 14.972
27000100000052 176063119360 114.360 11.1725 10.7906 10.7225 11.1521 10.8158 10.7359 -157.702 -113.287 93.352
27000200000012 174090649600 113.933 2.2806 18.1876 4.6932 2.2756 18.1789 4.6892 -13.710 -8.589 16.423
27000100000037 173479116800 113.797 4.6483 21.6180 6.8833 4.6450 21.6206 6.9005 227.741 -306.037 48.754
27000200000032 171046862848 113.259 14.4822 11.1418 4.5333 14.4833 11.1414 4.5348 -33.980 -66.440 -185.485
27000200000027 168979152896 112.803 23.8974 6.5278 16.0428 23.8913 6.5196 16.0414 -194.486 123.618 80.412
27000200000037 167620395008 112.500 15.2553 15.0654 9.5502 15.2555 15.0652 9.5523 -12.838 23.091 -5.789
27000200000025 165172592640 111.952 3.6884 12.5659 11.3415 3.6888 12.5666 11.3393 -7.718 -3.609 30.072
27000200000018 165125521408 111.945 10.1522 18.7384 22.3182 10.1500 18.7369 22.3208 -4.692 -13.358 27.195
27000200000030 163506356224 111.569 10.9854 5.5873 8.1896 10.9897 5.5894 8.1940 67.234 -109.288 -25.501
27000200000031 163357999104 111.536 22.9025 19.2295 18.4711 22.9036 19.2325 18.4730 66.142 28.197 60.010
27000200000006 162822930432 111.414 8.1110 12.6633 6.8309 8.1004 12.6610 6.8387 -150.152 63.377 -17.467
27000200000039 161368604672 111.085 17.8638 18.3662 13.4224 17.8626 18.3672 13.4231 9.173 3.873 -4.407
27000200000043 159909347328 110.749 10.0801 21.1170 12.0815 10.0831 21.1233 12.0893 -161.554 157.035 -113.327
27000200000036 155197997056 109.649 3.7469 22.4205 15.8733 3.7464 22.4192 15.8745 -4.643 -31.143 3.826
27000100000053 153064701952 109.144 21.1581 9.5943 15.7087 21.1555 9.5943 15.7099 60.148 -40.548 -38.354
27000200000040 151719591936 108.827 1.9721 10.4374 8.4738 1.9737 10.4338 8.4658 21.661 3.450 -2.656
27000200000042 146927255552 107.666 1.3302 11.4080 21.1588 1.3340 11.4075 21.1598 3.163 -15.474 11.589
27000200000044 146310709248 107.517 18.3675 11.9825 18.9472 18.3662 11.9817 18.9453 -58.299 -0.646 9.709
27000200000029 145623465984 107.344 5.3973 12.2898 23.1620 5.3965 12.2929 23.1667 74.378 12.688 3.565
27000100000060 145096884224 107.222 14.1142 1.6472 11.0155 14.1154 1.6289 11.0171 -40.628 -43.905 -115.949
27000200000049 143469920256 106.812 13.8465 10.2768 7.7956 13.8466 10.2736 7.7973 17.601 -1.759 -9.341
27000200000047 142669021184 106.614 24.8003 18.0635 2.0838 24.7999 18.0625 2.0810 24.974 45.389 22.763
27000100000034 141145899008 106.234 14.3357 2.4076 11.8402 14.3354 2.4036 11.8164 109.570 10.098 11.686
27000200000052 140262506496 106.016 2.7234 12.7399 22.1171 2.7309 12.7311 22.1161 -96.447 -88.421 9.312
27000200000024 138972364800 105.684 7.2460 12.8374 23.7639 7.2417 12.8340 23.7589 -75.723 49.036 -58.818
27000200000045 137455108096 105.303 12.7442 15.9575 20.9469 12.7396 15.9544 20.9492 -17.299 -16.651 13.339
27000200000028 137124913152 105.217 5.4338 9.7847 7.9725 5.4151 9.7811 7.9677 3.740 -69.039 45.889
27000200000046 136941830144 105.176 16.2946 23.8471 7.7779 16.2994 23.8455 7.7783 201.033 171.737 75.375
27000200000019 136085684224 104.949 2.7237 22.2532 16.0240 2.7286 22.2534 16.0205 5.534 8.866 -19.995
27000200000017 134973382656 104.670 24.3385 20.9799 24.3326 24.3338 20.9661 24.3361 -383.179 -13.277 -282.666
27000200000033 132737056768 104.086 13.6440 8.4180 3.7463 13.6472 8.4185 3.7421 -55.336 -225.528 112.749
27000300000016 129734238208 103.290 7.5563 18.1581 23.0121 7.5540 18.1682 22.9983 -50.822 -260.171 -251.736
27000200000011 128007061504 102.834 3.2923 18.8041 4.9007 3.3078 18.7975 4.8841 677.599 562.579 446.931
27000200000056 126457536512 102.416 6.9687 20.0804 11.6355 6.9633 20.0808 11.6419 3.179 40.632 5.168
27000200000050 126133772288 102.330 3.4035 24.9776 14.4589 3.3936 24.9759 14.4814 -204.778 700.103 -136.497
27000100000059 125816889344 102.242 20.3447 12.6247 12.0038 20.3356 12.6335 12.0043 -65.030 -28.028 -106.889
27000200000059 125606535168 102.188 2.1316 13.8379 12.9354 2.1312 13.8418 12.9329 -46.334 9.291 -12.569
27000300000000 123425054720 101.590 10.7097 18.8130 21.7636 10.7082 18.8148 21.7700 80.010 24.804 -5.040
27000300000005 121817055232 101.151 6.4146 22.5379 9.9344 6.4141 22.5372 9.9365 -77.642 81.177 22.151
27000300000003 121808232448 101.142 22.0292 20.6944 17.3183 22.0333 20.6885 17.3195 3.020 97.229 -8.949
27000200000035 121334308864 101.016 9.2341 17.1447 14.9343 9.2203 17.1387 14.9170 39.554 94.436 -101.616
27000200000058 121185583104 100.976 6.2564 21.2217 17.8928 6.2564 21.2255 17.8954 -9.337 -44.621 88.310
27000200000002 120814952448 100.871 1.0576 2.8119 18.9418 1.0679 2.7792 18.9215 -145.896 122.238 -332.502
27000200000038 120461590528 100.772 20.9874 6.1297 14.4705 20.9866 6.1291 14.4673 -11.118 40.902 53.195
27000300000015 120181833728 100.697 11.8439 17.0381 7.5806 11.8435 17.0355 7.5793 12.372 -5.968 7.158
27000200000054 119673544704 100.551 13.0696 11.1514 13.5358 13.0695 11.1515 13.5346 -15.952 49.617 11.865
27000200000051 117278777344 99.878 24.9198 17.3698 23.9672 24.9126 17.3680 23.9720 -34.206 -325.226 -177.154
27000300000002 116455686144 99.642 14.9562 24.5512 20.9940 14.9529 24.5517 20.9934 4.082 8.116 -39.151
27000200000010 116319608832 99.602 3.3130 22.3783 16.0464 3.2981 22.3654 16.0263 -35.933 284.444 -156.678
27000300000013 113482498048 98.789 24.9937 17.1056 0.8344 24.9942 17.1038 0.8329 -68.107 -26.753 66.386
27000300000006 112177807360 98.402 7.2603 10.6882 8.6836 7.2614 10.6900 8.6841 -11.131 -20.682 -34.306
27000200000048 112016293888 98.360 15.2337 1.7809 12.9198 15.2376 1.7804 12.9269 79.200 -39.724 -45.138
27000200000034 111325224960 98.152 19.0195 20.5617 15.1745 19.0180 20.5691 15.1780 -100.073 196.591 -14.730
27000200000060 110910021632 98.033 23.6742 21.6809 17.6721 23.6724 21.6850 17.6711 -23.565 -67.263 -141.822
27000300000018 110556315648 97.925 9.0324 17.8407 4.2039 9.0301 17.8385 4.2050 16.117 -57.733 16.233
27000300000030 109779337216 97.701 15.0697 4.8374 0.8505 15.0700 4.8406 0.8533 21.168 -3.185 4.656
27000200000023 109388627968 97.585 16.4936 13.2310 9.8448 16.4855 13.2228 9.8420 183.851 -163.977 18.160
27000300000017 109229465600 97.532 14.8708 12.1124 0.2836 14.8724 12.1118 0.2850 -139.049 13.809 110.656
27000300000007 109133602816 97.504 2.9114 14.2731 12.4445 2.9159 14.2720 12.4429 -51.300 -12.151 -31.946
27000300000008 108664750080 97.369 12.8090 10.5777 13.0795 12.8053 10.5716 13.0808 42.570 -19.719 83.756
27000300000022 108466282496 97.309 16.1156 10.2395 23.8893 16.1127 10.2364 23.8864 9.121 156.360 121.541
27000300000034 107626717184 97.059 5.8515 12.8864 14.0164 5.8517 12.8863 14.0150 0.079 19.797 3.486
27000300000019 106643054592 96.758 11.3501 18.9270 18.1115 11.3504 18.9239 18.1117 70.112 73.268 112.629
27000300000026 105934086144 96.548 20.7368 16.5023 13.4898 20.7298 16.4979 13.4884 28.684 -19.601 -165.429
27000300000020 105108381696 96.293 19.1260 11.8346 18.2883 19.1277 11.8403 18.2921 -199.405 31.272 157.711
27000300000029 103338614784 95.751 15.4562 24.2732 8.7148 15.4524 24.2807 8.7133 -18.891 -8.525 -14.021
27000300000024 103249453056 95.719 15.8054 2.6936 22.6104 15.8004 2.6930 22.6056 -57.601 43.570 55.341
27000300000033 100428406784 94.844 17.0159 23.6203 3.4277 17.0165 23.6142 3.4286 18.965 -42.722 -1.832
27000300000035 99809476608 94.650 5.6530 12.9458 10.3613 5.6498 12.9460 10.3663 24.499 -13.212 42.195
27000300000036 99808780288 94.649 19.2482 12.6984 20.9410 19.2481 12.6992 20.9420 -7.261 11.212 6.845
27000300000012 99126804480 94.432 19.0817 16.9535 18.1261 19.0781 16.9590 18.1367 41.359 -96.810 77.927
27000300000038 98933866496 94.369 15.4221 2.4854 24.3633 15.4233 2.4830 24.3619 -10.016 -4.323 -34.155
27000300000050 98870697984 94.346 15.2874 10.2839 9.8851 15.2917 10.2880 9.8833 18.431 -4.937 -54.360
27000300000044 97897873408 94.041 11.3772 1.6056 14.5141 11.3782 1.6046 14.5159 12.083 -15.798 9.935
27000300000025 97365958656 93.865 0.7990 17.2703 4.7159 0.8023 17.2679 4.7169 -14.874 -15.793 11.208
27000200000057 96963067904 93.743 15.5307 8.8405 1.2404 15.5306 8.8411 1.2395 -32.239 70.220 71.953
27000300000037 96784957440 93.683 2.6058 20.8507 22.0232 2.6069 20.8508 22.0239 18.675 52.864 5.364
27000300000047 96715112448 93.656 20.7910 11.2464 16.2387 20.7902 11.2443 16.2404 16.069 -4.540 22.516
27000300000001 95920693248 93.400 15.4362 11.7277 8.6416 15.4306 11.7316 8.6392 6.401 31.114 -2.175
27000300000010 95699779584 93.330 16.3555 0.6222 4.5703 16.3551 0.6122 4.5745 0.514 -7.269 -30.855
27000200000004 95119310848 93.142 16.5078 0.9018 22.9476 16.5175 0.8999 22.9595 -37.927 -27.930 -41.809
27000300000043 94312275968 92.879 8.0897 3.9181 10.6474 8.0903 3.9169 10.6497 -20.465 -24.028 9.451
27000400000003 94303690752 92.875 12.7882 8.8261 8.4489 12.7903 8.8255 8.4469 -17.200 19.024 -6.075
27000400000006 92839247872 92.388 24.7215 21.9941 17.1006 24.7221 21.9942 17.0962 -77.585 50.228 -3.608
27000300000046 92136914944 92.158 21.2224 8.8444 15.5612 21.2228 8.8439 15.5587 33.599 -76.941 106.512
27000300000059 91962277888 92.097 3.6142 23.3632 12.3917 3.6114 23.3656 12.3923 4.723 -0.366 18.953
27000200000053 91950563328 92.096 19.2966 12.7355 18.1276 19.3001 12.7318 18.1274 37.157 -10.535 -32.716
27000300000051 91445673984 91.924 14.7840 22.2716 5.7814 14.7812 22.2696 5.7812 -72.336 50.161 21.755
27000300000048 91420614656 91.918 0.4628 14.5515 12.7083 0.4620 14.5568 12.7020 -38.982 -25.899 -22.164
27000300000039 91135852544 91.822 8.1661 16.4507 11.2518 8.1622 16.4545 11.2494 80.515 -45.072 -91.685
27000400000002 90616414208 91.648 22.5495 7.6074 22.4252 22.5519 7.6057 22.4261 -9.574 -1.607 18.961
27000300000058 89128255488 91.146 19.3372 23.6338 0.1126 19.3385 23.6338 0.1138 -7.497 -6.248 5.237
27000400000004 88761647104 91.014 16.4033 8.9161 8.6199 16.4012 8.9193 8.6203 -3.068 -20.408 30.657
27000300000021 88563286016 90.950 9.1223 19.4560 21.3001 9.1302 19.4530 21.2979 -61.681 -27.824 -70.726
27000200000021 87188996096 90.476 13.0351 11.2474 12.6985 13.0251 11.2402 12.7071 -90.429 38.050 -16.405
27000400000014 86417022976 90.213 17.0480 0.7370 3.9303 17.0478 0.7359 3.9275 16.975 11.988 -22.155
27000400000013 86232637440 90.144 8.1645 17.4559 9.4596 8.1655 17.4552 9.4584 -50.424 16.876 -26.018
27000400000012 85443059712 89.871 2.3243 20.2547 6.8151 2.3216 20.2533 6.8110 27.410 20.576 11.495
27000400000005 84869259264 89.665 6.9934 15.3585 10.5410 6.9930 15.3595 10.5359 -10.118 -27.622 1.336
27000400000015 84787052544 89.638 0.8605 1.2160 18.5195 0.8604 1.2142 18.5161 5.724 13.761 19.635
27000300000004 84364926976 89.489 13.6057 11.9850 15.6605 13.5913 11.9715 15.6588 179.271 -189.091 -90.050
27000300000041 84040187904 89.372 13.2445 0.2975 9.7640 13.2387 0.3095 9.7690 222.819 51.710 103.150
27000400000000 83816382464 89.299 14.2492 10.2907 9.4084 14.2505 10.2926 9.4115 68.492 -10.897 -20.677
27000300000045 82822676480 88.937 0.9762 3.5834 19.0423 0.9818 3.5784 19.0399 6.773 -17.393 9.631
27000300000054 82031304704 88.661 14.7682 22.4809 17.1114 14.7669 22.4788 17.1101 -14.035 21.931 20.478
27000400000018 81833271296 88.586 18.9633 16.6176 12.5560 18.9617 16.6181 12.5555 -97.946 28.388 -8.483
27000400000020 80511361024 88.107 23.3577 13.4415 10.5442 23.3604 13.4415 10.5449 0.426 -16.181 -11.519
27000400000010 79493562368 87.733 7.7053 12.6098 7.5046 7.7031 12.6083 7.5108 18.378 31.546 20.114
27000300000060 79211757568 87.628 10.5606 17.6922 0.0861 10.5595 17.6946 0.0779 59.013 -4.445 -6.263
27000400000046 77629358080 87.039 15.3752 12.2980 7.4274 15.3732 12.3078 7.4274 -9.904 27.175 106.502
27000400000032 77293469696 86.915 18.8308 5.3038 17.0741 18.8285 5.3047 17.0775 34.074 123.226 0.778
27000400000045 76819202048 86.738 9.5468 3.5657 4.8068 9.5443 3.5657 4.8084 5.014 -9.144 -28.130
27000400000022 76809232384 86.737 24.9669 15.0147 12.6501 24.9693 15.0136 12.6482 -75.397 -54.075 -90.211
27000400000017 76063670272 86.456 18.2661 9.7354 22.5134 18.2645 9.7342 22.5125 2.946 -13.518 -2.171
27000400000016 75807883264 86.355 20.9325 23.5898 17.6244 20.9325 23.5912 17.6234 1.809 25.407 37.939
27000200000041 75555717120 86.260 12.4366 6.5116 10.9251 12.4293 6.4949 10.9124 -77.723 19.435 -29.658
27000200000055 75092418560 86.082 1.2833 22.1247 16.7166 1.2882 22.1249 16.7128 7.256 -21.814 45.930
27000300000031 74380959744 85.810 15.8041 24.7458 0.8527 15.8169 24.7465 0.8456 83.849 -17.219 97.769
27000400000026 74299170816 85.776 0.9720 14.0978 10.0771 0.9716 14.0982 10.0752 -6.929 -29.577 -22.865
27000400000036 74246848512 85.756 21.4849 6.8239 15.4285 21.4852 6.8222 15.4271 -20.842 7.034 7.868
27000400000052 74244333568 85.758 13.1091 23.1323 10.1631 13.1079 23.1339 10.1608 -0.249 -3.283 26.580
27000400000024 74037944320 85.675 17.3722 16.9332 24.0328 17.3755 16.9321 24.0297 23.819 18.970 2.886
27000200000014 73638027264 85.525 4.1478 22.7493 13.0444 4.1615 22.7482 13.0450 16.399 -186.001 7.359
27000400000050 73579151360 85.504 3.7261 0.8705 7.8403 3.7223 0.8688 7.8395 -6.016 26.040 -24.094
27000400000007 73500114944 85.472 0.2601 17.7093 3.2953 0.2563 17.7147 3.2947 66.299 65.884 -0.048
27000400000025 73461628928 85.455 13.0898 13.2850 16.0128 13.0905 13.2842 16.0144 -8.839 -5.421 17.293
27000400000039 73416056832 85.434 5.2306 23.9676 3.5518 5.2339 23.9652 3.5513 -38.150 23.575 -3.361
27000300000052 73292939264 85.389 0.6388 17.4766 3.7852 0.6377 17.4769 3.7881 -2.524 -21.704 -4.152
27000300000023 73067888640 85.301 20.4716 21.5348 16.4593 20.4677 21.5271 16.4539 54.572 30.231 161.409
27000400000037 72848097280 85.220 12.0387 11.3877 14.1989 12.0389 11.3887 14.2008 74.349 44.012 -0.696
27000300000040 72570904576 85.110 22.1028 11.1996 21.7589 22.1042 11.2026 21.7606 66.885 -107.172 122.663
27000400000027 72497545216 85.078 0.7245 11.7960 14.1345 0.7242 11.7993 14.1276 11.186 -65.067 -15.340
27000400000033 72456339456 85.063 16.4262 8.9417 13.4644 16.4252 8.9403 13.4598 13.736 -4.326 -17.175
27000400000048 71989805056 84.880 20.1099 16.5721 13.4075 20.1113 16.5732 13.4081 0.675 9.144 8.600
27000400000041 71888314368 84.838 16.2382 9.1898 3.8812 16.2365 9.1886 3.8818 3.972 -19.305 5.607
27000300000028 71785185280 84.799 9.8292 20.9289 8.4640 9.8193 20.9124 8.4593 15.622 -76.497 -208.876
27000400000023 71538294784 84.702 23.2969 15.8629 13.0271 23.2961 15.8645 13.0311 -52.479 0.168 -15.864
27000400000044 71497703424 84.688 1.8381 14.0058 11.9980 1.8388 14.0057 11.9962 -21.035 -22.774 7.468
27000500000003 71032389632 84.502 20.2710 14.5096 19.8969 20.2718 14.5107 19.8967 -15.042 78.589 -50.933
27000300000049 70772277248 84.402 6.9214 24.5858 11.8722 6.9182 24.5873 11.8777 -81.079 -131.966 23.733
27000400000029 70155812864 84.154 16.1063 1.6611 23.5455 16.1074 1.6580 23.5480 18.934 27.810 -19.733
27000500000013 68692971520 83.565 5.4392 24.0791 5.1878 5.4363 24.0778 5.1879 27.594 71.517 44.129
27000500000017 68295364608 83.403 3.4430 22.5217 13.6042 3.4421 22.5180 13.6081 -67.469 -3.385 -54.178
27000400000038 68157759488 83.344 5.9839 14.9725 12.0439 5.9838 14.9728 12.0454 -18.014 4.236 -1.140
27000400000030 67568091136 83.107 16.1720 24.6714 0.7162 16.1737 24.6716 0.7173 -10.386 -8.826 -9.076
27000500000004 67122765824 82.921 22.5763 22.6443 16.7646 22.5782 22.6455 16.7664 -17.438 -2.491 -2.841
27000400000040 66873331712 82.818 18.6170 21.6631 15.8746 18.6170 21.6625 15.8772 -70.175 116.880 91.053
27000500000001 66833764352 82.802 13.9857 9.7453 3.9010 13.9934 9.7463 3.9056 122.908 -74.536 -121.302
27000500000022 66138451968 82.517 15.2066 15.7215 9.8789 15.2053 15.7210 9.8829 -38.889 -50.023 1.260
27000500000019 66121699328 82.510 1.5505 23.3899 20.4310 1.5501 23.3876 20.4335 4.045 28.001 13.964
27000300000042 66059956224 82.486 22.2397 16.9938 19.4593 22.2497 16.9798 19.4376 -223.506 -147.675 -34.021
27000300000027 65834835968 82.389 12.0745 16.2318 22.0558 12.0803 16.2530 22.0769 -84.173 -234.694 219.611
27000400000049 65635991552 82.304 13.3748 17.8081 18.0882 13.3768 17.8064 18.0871 13.682 11.994 12.830
27000500000028 64688893952 81.906 6.3409 17.9202 23.3384 6.3403 17.9190 23.3404 17.034 78.381 61.478
27000400000042 64371720192 81.777 19.3215 0.7506 8.2800 19.3183 0.7586 8.2813 -58.811 -29.027 10.379
27000400000055 63944278016 81.592 16.2227 20.2841 10.3614 16.2241 20.2825 10.3573 2.317 23.265 8.371
27000500000021 63828316160 81.541 14.6009 8.8430 10.2663 14.6025 8.8415 10.2653 32.884 -8.518 -15.162
27000500000027 63712116736 81.491 11.5843 17.0234 1.1366 11.5835 17.0225 1.1367 31.863 1.499 -0.688
27000400000034 63549227008 81.425 14.7070 8.5178 1.7354 14.7124 8.5188 1.7315 -14.081 -11.865 23.680
27000500000008 63403974656 81.365 21.3196 15.6907 19.9890 21.3212 15.6885 19.9900 -8.768 10.108 -0.645
27000400000028 63125413888 81.242 21.1037 5.7849 14.9227 21.1070 5.7827 14.9234 47.194 -0.821 60.375
27000500000014 62967087104 81.175 16.5922 5.3853 22.0657 16.5942 5.3888 22.0636 -58.929 31.240 6.488
27000500000015 62912397312 81.149 16.8517 9.1961 16.0288 16.8529 9.1992 16.0277 2.151 -1.137 6.011
27000400000001 62769774592 81.092 16.2507 24.5767 18.7015 16.2513 24.5829 18.7118 95.384 76.014 -32.275
27000400000009 62765875200 81.085 18.7249 18.8173 14.6695 18.7178 18.8164 14.6607 48.741 257.367 -76.427
27000500000050 62750650368 81.081 23.3469 20.6468 18.0668 23.3459 20.6472 18.0665 22.482 3.109 16.290
27000500000011 62602686464 81.019 12.6187 16.9917 17.3760 12.6163 16.9913 17.3780 31.886 42.947 -40.124
27000400000058 62593175552 81.013 1.7854 13.9850 10.7289 1.7899 13.9813 10.7290 -48.217 1.607 -50.873
27000500000048 62204899328 80.843 15.9083 22.1748 17.1115 15.9072 22.1751 17.1103 -11.470 -10.836 6.238
27000500000012 60884381696 80.268 22.9647 17.3860 19.7665 22.9649 17.3887 19.7694 -14.320 13.946 66.150
27000400000011 60761423872 80.214 24.2455 7.0527 15.7810 24.2488 7.0551 15.7914 -139.241 169.261 27.347
27000500000018 59867095040 79.822 8.2346 1.8159 13.5794 8.2340 1.8148 13.5811 -29.533 24.753 -51.348
27000600000011 59828314112 79.807 24.2184 13.4646 10.4113 24.2191 13.4654 10.4115 -14.002 16.629 29.753
27000500000049 59721682944 79.755 23.6115 12.8226 9.7717 23.6148 12.8206 9.7723 -1.167 13.932 -20.351
27000500000025 59398656000 79.609 15.2280 11.6461 19.3020 15.2294 11.6488 19.2961 52.663 1.853 14.524
27000300000032 59069943808 79.466 9.6778 8.5684 9.2995 9.6676 8.5753 9.3106 16.144 16.415 5.920
27000500000045 58899345408 79.387 22.0566 22.6177 16.8984 22.0570 22.6180 16.8980 7.751 7.626 -3.746
27000500000056 58652143616 79.273 12.5729 6.2065 10.5317 12.5920 6.2110 10.5352 -241.766 691.895 309.307
27000500000020 58539343872 79.226 19.6320 7.0700 13.6061 19.6334 7.0700 13.6082 17.348 -6.573 20.491
27000500000043 58381246464 79.156 2.7304 24.9021 21.0597 2.7294 24.9028 21.0617 11.822 -6.776 18.446
27000500000040 58316550144 79.129 8.3169 23.1609 9.8109 8.3190 23.1639 9.8133 -25.739 -16.382 -7.684
27000500000016 58058481664 79.011 18.4120 12.3268 19.4479 18.4023 12.3257 19.4507 -10.231 88.901 113.251
27000500000032 57758179328 78.873 23.7279 19.1252 18.7601 23.7269 19.1261 18.7664 -10.065 31.739 -5.527
27000500000053 57558073344 78.779 9.6384 17.6740 3.0805 9.6383 17.6719 3.0878 -26.430 14.779 3.486
27000500000059 57258078208 78.643 0.0050 17.2077 5.6282 0.0113 17.2083 5.6288 8.934 -34.007 -51.374
27000600000012 57042706432 78.547 15.0231 8.5117 0.3280 15.0235 8.5113 0.3248 -6.520 33.141 -10.399
27000500000036 57000448000 78.524 15.9528 24.7610 4.7962 15.9518 24.7655 4.7964 10.573 5.071 -18.310
27000500000039 56622563328 78.349 10.7682 18.1997 5.3255 10.7685 18.1990 5.3267 70.844 -15.365 78.938
27000400000054 56203165696 78.159 11.1664 18.1536 19.9345 11.1648 18.1558 19.9362 -104.343 -46.566 -65.355
27000600000008 55852355584 77.998 20.2839 13.2761 21.2187 20.2832 13.2766 21.2182 -16.987 -1.019 6.313
27000300000057 55793938432 77.968 2.2488 0.0820 15.1267 2.2645 0.0792 15.1153 130.170 -87.275 251.232
27000600000009 55784812544 77.961 23.5589 17.0501 20.4036 23.5610 17.0517 20.4052 13.910 -93.017 75.298
27000500000044 55748263936 77.945 7.8204 13.4359 14.6222 7.8266 13.4361 14.6256 -9.450 19.653 -2.214
27000500000037 55628263424 77.891 9.5206 7.0303 10.6247 9.5173 7.0330 10.6233 -0.611 -54.491 -45.669
27000500000041 55209127936 77.692 9.5288 6.2613 10.9362 9.5247 6.2595 10.9346 27.526 -43.787 -63.501
27000400000057 54620131328 77.418 7.7947 13.4394 8.4384 7.8002 13.4390 8.4408 9.761 -63.157 -38.407
27000600000017 54449922048 77.335 20.2180 10.5241 16.6227 20.2182 10.5249 16.6239 -35.140 -6.691 6.745
27000500000026 54409089024 77.315 21.0706 18.3707 18.0086 21.0691 18.3652 18.0121 -18.222 39.358 38.699
27000600000004 54387912704 77.307 14.6981 13.4550 7.5566 14.6970 13.4571 7.5600 -12.713 8.950 -5.536
27000500000058 54126776320 77.186 23.9536 21.5634 21.8180 23.9480 21.5601 21.8190 47.780 -47.484 -68.756
27000500000010 53995786240 77.119 14.8259 24.1312 10.7642 14.8297 24.1376 10.7628 -23.498 16.462 -26.892
27000600000020 53994225664 77.121 11.5432 20.2194 15.7491 11.5443 20.2182 15.7500 6.062 18.667 9.544
27000600000030 53917016064 77.082 18.1202 4.6974 19.0406 18.1202 4.6966 19.0418 -2.511 16.699 -7.889
27000500000000 53786750976 77.023 5.0962 24.2768 11.0129 5.0881 24.2767 11.0147 -3.772 -46.354 -6.854
27000600000005 53663531008 76.961 17.0863 8.9334 23.1388 17.0826 8.9298 23.1430 -6.602 -16.466 -36.858
27000600000006 53571801088 76.921 13.3224 13.7243 16.4480 13.3261 13.7274 16.4418 -55.738 -26.962 -24.720
27000400000021 52649963520 76.475 17.1694 23.9006 2.6670 17.1594 23.8941 2.6867 -128.479 -80.329 -72.679
27000500000051 52630233088 76.462 5.0580 22.6539 12.7427 5.0584 22.6550 12.7414 1.371 37.064 34.005
27000500000009 52469477376 76.387 15.0728 20.8229 9.9622 15.0838 20.8253 9.9520 47.614 -63.131 8.464
27000500000031 52448788480 76.381 11.6734 4.7228 8.7297 11.6770 4.7207 8.7287 69.674 16.425 -10.400
27000600000027 52359954432 76.335 5.9539 14.6939 12.0552 5.9543 14.6937 12.0538 11.871 -35.527 -47.406
27000600000026 52215242752 76.266 4.1645 3.1946 14.2702 4.1638 3.1978 14.2747 173.043 28.622 73.782
27000500000054 51938840576 76.131 0.0872 21.9710 17.0892 0.0863 21.9699 17.0907 88.297 -13.624 61.846
27000600000029 51464925184 75.900 18.7935 0.5971 7.5844 18.7915 0.5974 7.5849 19.096 -3.401 -79.564
27000600000024 51416416256 75.873 11.0488 18.2566 19.6013 11.0479 18.2564 19.6041 -6.154 28.246 1.815
27000600000018 51022409728 75.677 10.9570 19.2716 1.1076 10.9618 19.2742 1.1081 68.727 16.082 0.336
27000300000055 50935205888 75.633 23.8381 17.9526 19.7971 23.8466 17.9520 19.8046 -13.090 -10.071 24.232
27000500000047 50861060096 75.599 12.3742 16.5818 0.5107 12.3757 16.5829 0.5125 14.634 -20.302 8.627
27000600000031 50694135808 75.514 7.5469 10.5118 12.7797 7.5458 10.5131 12.7823 5.687 16.672 -3.045
27000600000007 50472312832 75.404 16.7377 0.5657 24.0628 16.7347 0.5674 24.0606 44.475 -0.021 -21.807
27000600000019 50353770496 75.344 14.6165 15.8989 9.3219 14.6175 15.8982 9.3197 -8.433 20.299 19.316
27000600000041 50208096256 75.273 15.5269 20.9011 15.0738 15.5280 20.9014 15.0737 4.367 -1.057 4.126
27000600000015 50137513984 75.236 12.4159 7.0594 5.1691 12.4174 7.0610 5.1680 -37.518 -3.258 -31.818
27000600000053 49983442944 75.160 0.1624 20.2400 17.7937 0.1625 20.2389 17.7944 -66.945 -19.648 8.059
27000600000054 49920135168 75.131 7.5025 0.5147 11.7966 7.5019 0.5129 11.7947 -23.103 20.949 -55.285
27000400000035 49583730688 74.959 11.0288 20.1389 9.1866 11.0215 20.1358 9.1861 -33.200 47.489 -6.308
27000600000022 49295405056 74.812 8.2075 12.6139 1.6152 8.2071 12.6125 1.6149 20.911 -18.830 -27.449
27000600000010 49293492224 74.814 17.1320 9.5135 16.3799 17.1310 9.5165 16.3772 103.390 86.438 -112.340
27000700000009 48513265664 74.419 7.6095 4.5874 12.8302 7.6074 4.5879 12.8312 19.806 28.203 24.911
27000600000013 47682682880 73.992 6.6408 12.4634 24.0484 6.6436 12.4731 24.0478 186.044 -73.647 15.080
27000700000024 47308804096 73.796 7.5566 11.3664 9.1124 7.5575 11.3662 9.1115 -9.368 -10.503 -12.976
27000500000046 47302979584 73.795 4.5868 22.7810 12.7318 4.5860 22.7832 12.7315 -9.082 0.998 -0.747
27000600000035 47170629632 73.725 7.2432 12.4500 7.8801 7.2463 12.4517 7.8797 12.392 2.192 19.181
27000600000057 47082385408 73.679 24.7702 17.8822 22.4430 24.7712 17.8829 22.4449 43.097 11.095 11.520
27000700000026 46849351680 73.559 15.6829 6.7930 14.6132 15.6827 6.7915 14.6123 5.486 -17.477 -57.207
27000600000059 46793400320 73.527 2.6299 20.7430 20.3024 2.6299 20.7420 20.3021 -2.851 26.777 20.918
27000600000051 46445326336 73.344 12.9839 13.5184 16.3156 12.9837 13.5194 16.3142 -33.945 -38.461 -41.684
27000600000042 46238359552 73.237 16.4313 9.2892 4.2421 16.4274 9.2828 4.2411 -69.209 7.044 81.783
27000700000006 46032691200 73.124 3.6272 20.4169 20.2936 3.6267 20.4168 20.2924 25.390 -5.077 -8.281
27000300000053 45864386560 73.037 22.5896 0.0759 16.4824 22.5824 0.0722 16.4814 -6.940 -62.824 -16.657
27000700000004 45819621376 73.013 7.4542 18.9752 11.3649 7.4539 18.9723 11.3631 -10.008 -1.149 2.443
27000700000007 45597048832 72.895 4.0850 13.6995 23.0562 4.0850 13.6992 23.0568 -28.656 -6.717 28.255
27000600000056 45525749760 72.856 13.1384 20.5581 19.2577 13.1374 20.5581 19.2566 46.375 6.907 -43.420
27000600000034 45508661248 72.848 7.8086 20.9234 20.6052 7.8056 20.9205 20.6028 12.362 12.146 -31.014
27000700000000 45417848832 72.797 24.1687 16.6650 7.2306 24.1655 16.6658 7.2292 -12.445 3.890 -4.424
27000700000033 45152935936 72.655 5.0793 23.1310 15.3082 5.0722 23.1284 15.3113 -50.171 8.611 74.695
27000300000056 45061033984 72.609 15.2477 21.9899 16.2214 15.2509 21.9969 16.2201 -17.402 25.095 -61.531
27000700000037 43956232192 72.012 9.3053 5.6559 11.2870 9.3064 5.6577 11.2844 -17.715 28.620 -12.065
27000700000010 43819859968 71.933 24.4846 6.0083 15.0099 24.4807 6.0090 15.0133 51.819 -19.826 43.405
27000600000049 43507261440 71.764 17.1967 21.4940 16.0159 17.1916 21.4976 16.0146 -27.081 19.637 41.754
27000600000014 42458365952 71.185 1.0606 21.6634 18.7093 1.0616 21.6630 18.7105 -21.375 14.712 59.949
27000700000020 42319659008 71.106 14.3113 6.1989 13.7453 14.3111 6.2000 13.7460 -28.472 -3.383 -37.885
27000700000018 42260189184 71.070 5.1497 3.7193 13.7690 5.1482 3.7205 13.7671 -23.126 20.320 3.452
27000700000021 41917329408 70.878 7.0957 2.8638 10.2354 7.0959 2.8659 10.2348 7.567 8.785 -13.322
27000700000012 41593671680 70.699 19.4157 1.4254 17.2478 19.4156 1.4246 17.2460 -24.925 -6.274 59.429
27000700000017 41310679040 70.537 15.8494 14.6623 19.8067 15.8490 14.6629 19.8067 -7.040 -1.590 -2.059
27000600000037 41179807744 70.458 7.3572 2.6619 9.9524 7.3560 2.6575 9.9568 46.957 28.007 -107.705
27000700000038 41009627136 70.365 14.5154 14.1098 23.6307 14.5144 14.1092 23.6301 -1.975 -2.251 -1.172
27000400000008 40620314624 70.139 16.4242 23.6206 18.2478 16.4286 23.6230 18.2492 9.204 -4.165 40.928
27000700000035 40492683264 70.064 7.2915 12.7972 24.5406 7.2908 12.7965 24.5411 19.014 21.717 25.786
27000600000038 39947792384 69.748 22.9453 22.9222 18.2194 22.9457 22.9282 18.2165 9.651 -13.768 -15.443
27000700000027 39726010368 69.622 11.7253 14.6620 6.5020 11.7266 14.6611 6.5007 9.583 14.586 -10.427
27000700000059 39692050432 69.602 7.0691 1.2208 12.9055 7.0688 1.2202 12.9048 -1.259 10.407 10.505
27000600000025 39616143360 69.560 14.2028 16.2577 8.8853 14.2043 16.2521 8.8957 30.264 45.707 6.173
27000800000005 39240179712 69.339 22.7242 24.4826 15.6628 22.7240 24.4836 15.6626 -15.082 -2.719 15.254
27000800000007 39164145664 69.294 5.2183 17.5510 23.2668 5.2204 17.5499 23.2686 -47.245 12.421 51.924
27000700000049 39119360000 69.265 2.4134 24.5005 14.9979 2.4161 24.5043 14.9940 -7.676 18.814 -3.743
27000700000057 38981062656 69.187 14.6215 6.4423 3.6941 14.6209 6.4394 3.6964 3.589 9.379 -10.200
27000700000052 38428160000 68.854 23.4935 21.9201 20.0996 23.4927 21.9200 20.1004 -70.686 24.310 -42.509
27000800000006 37999120384 68.599 0.1890 18.6832 19.7935 0.1875 18.6826 19.7917 -7.010 6.569 22.170
27000700000042 37691830272 68.410 6.9405 24.4814 10.8235 6.9433 24.4823 10.8224 3.798 -51.241 27.820
27000700000051 37427593216 68.250 20.3412 12.2681 12.5513 20.3412 12.2697 12.5523 -20.847 -4.524 -52.827
27000400000060 37223428096 68.129 11.9307 20.5410 13.3261 11.9280 20.5423 13.3251 44.852 -39.789 -25.489
27000800000024 37182099456 68.100 3.0096 11.7361 21.8517 3.0081 11.7353 21.8512 3.392 -21.579 13.491
27000800000035 37061693440 68.031 1.6570 24.3662 15.1508 1.6560 24.3656 15.1511 16.159 4.152 -10.973
27000600000044 36644134912 67.774 11.3305 19.4824 17.7089 11.3368 19.4844 17.7096 30.790 -47.504 -35.945
27000800000008 36620296192 67.758 24.1053 1.2105 13.8646 24.1029 1.2097 13.8663 -31.178 7.804 16.104
27000600000033 36549292032 67.716 18.3776 21.0247 15.6912 18.3781 21.0235 15.6927 -14.231 7.242 31.208
27000800000045 35205349376 66.873 19.7839 20.7293 15.6628 19.7837 20.7286 15.6630 0.846 -5.473 7.197
27000900000036 33426454528 65.730 24.1416 1.1182 14.0900 24.1425 1.1169 14.0912 -18.427 -6.806 10.555
27000500000024 33205925888 65.581 11.1145 20.0855 9.4412 11.1172 20.0846 9.4393 -17.069 98.961 124.624
27000900000015 32969494528 65.427 21.2859 0.0094 16.7560 21.2859 0.0099 16.7577 7.632 -1.731 -1.579
27000500000006 32894875648 65.377 10.7127 17.1976 6.1825 10.7154 17.1954 6.1843 37.837 71.207 153.245
27000900000000 32634968064 65.206 7.6391 5.6104 9.7057 7.6386 5.6110 9.7045 14.396 -5.940 9.421
27000500000033 32201916416 64.916 3.8626 11.9563 11.5436 3.8675 11.9693 11.5476 10.782 -6.109 80.091
27000800000041 31703879680 64.578 5.5108 21.7595 13.7509 5.5105 21.7605 13.7536 21.645 -0.218 -31.839
27000900000017 31537487872 64.466 8.7731 11.7842 3.8469 8.7730 11.7822 3.8461 -40.186 -322.215 49.167
27000800000057 31057827840 64.138 14.3463 13.3451 0.4456 14.3453 13.3446 0.4459 1.953 -7.755 -3.430
27000600000023 31046387712 64.130 9.2184 3.1459 4.9043 9.2079 3.1307 4.9195 -83.853 -79.170 -94.312
27000900000008 30233483264 63.566 4.8354 24.7402 10.4069 4.8353 24.7416 10.4059 17.425 -0.835 5.559
27000600000001 30003517440 63.404 21.7059 5.7792 15.2859 21.6984 5.7922 15.2890 7.908 14.964 49.628
27000900000005 29652017152 63.151 8.3445 12.8783 6.5944 8.3429 12.8769 6.5932 -13.986 -14.758 -1.867
27000800000037 29312043008 62.909 13.3503 9.4221 8.8910 13.3501 9.4162 8.8917 -36.180 -6.129 -28.732
27001000000050 27523997696 61.607 4.1758 21.4956 14.4897 4.1763 21.4953 14.4907 -2.696 7.261 -5.136
27001000000051 27123683328 61.307 1.9982 11.7421 21.5296 1.9973 11.7431 21.5299 -4.134 -9.971 -39.905
27000700000030 26903400448 61.139 21.4454 24.6884 16.7273 21.4449 24.6886 16.7263 10.666 20.183 3.234
27001000000044 26189410304 60.592 17.1893 5.4141 21.2034 17.1900 5.4143 21.2022 -5.005 17.195 1.614
27001100000024 26067474432 60.498 11.3198 20.3534 11.5545 11.3208 20.3527 11.5530 15.547 11.437 0.640
27000700000002 24637224960 59.374 12.7738 7.3492 4.4051 12.7736 7.3515 4.4023 -20.739 3.070 -27.914
27001000000004 21233115136 56.499 16.4985 23.4550 17.6088 16.4984 23.4565 17.6090 5.961 -4.154 16.991
27001900000001 13855440896 49.008 10.2503 16.8697 4.3513 10.2508 16.8690 4.3515 6.343 3.298 -9.695
27001600000039 12735777792 47.648 23.1935 24.7416 16.4784 23.1933 24.7418 16.4780 0.065 3.181 18.812
27002800000027 7733554176 40.350 21.8048 3.6598 16.0469 21.8056 3.6597 16.0467 0.866 -0.366 15.133
27002700000055 7347614208 39.668 5.2611 13.4943 11.0279 5.2616 13.4948 11.0272 -12.215 13.467 -20.337
27003400000030 2450077184 27.507 16.1960 24.4679 18.3883 16.1953 24.4683 18.3893 -23.480 0.325 26.011
